 Date & UTC Time,Sea Level,Water Temperature,Air Temperature,Barometric Pressure,Residuals,Adjusted Residuals,Wind Direction,Wind Gust,Wind Speed,Broome
01-Jan-2018 00:00, 6.848,-9999 ,  28.9, 1007.3, 0.034,-0.025,  181,   4.4,   3.8
01-Jan-2018 01:00, 7.951,-9999 ,  29.5, 1007.2, 0.034,-0.024,  192,   4.2,   3.0
01-Jan-2018 02:00, 8.352,-9999 ,  29.8, 1007.2, 0.047,-0.013,  197,   3.8,   2.7
01-Jan-2018 03:00, 7.777,-9999 ,  29.9, 1006.7,-0.029,-0.089,  245,   4.1,   3.1
01-Jan-2018 04:00, 6.689,-9999 ,  30.5, 1006.2,-0.041,-0.106,  256,   5.4,   3.8
01-Jan-2018 05:00, 5.516,-9999 ,  30.4, 1005.3,-0.014,-0.085,  285,   6.8,   5.6
01-Jan-2018 06:00, 4.333,-9999 ,  30.8, 1004.9, 0.021,-0.058,  280,   9.6,   7.9
01-Jan-2018 07:00, 3.320,-9999 ,  30.9, 1004.2, 0.063,-0.020,  274,  10.6,   8.1
01-Jan-2018 08:00, 2.809,-9999 ,  30.8, 1003.8, 0.081,-0.009,  283,  10.5,   8.2
01-Jan-2018 09:00, 3.281,-9999 ,  30.5, 1003.8, 0.144, 0.049,  284,   9.9,   7.8
01-Jan-2018 10:00, 4.565,-9999 ,  30.5, 1004.6, 0.147, 0.054,  274,   9.8,   7.0
01-Jan-2018 11:00, 6.039,-9999 ,  30.1, 1005.2, 0.095, 0.010,  277,   9.4,   6.9
01-Jan-2018 12:00, 7.486,-9999 ,  30.2, 1005.9, 0.047,-0.032,  277,   8.1,   6.6
01-Jan-2018 13:00, 8.685,-9999 ,  30.1, 1006.7, 0.015,-0.057,  283,   7.9,   6.0
01-Jan-2018 14:00, 9.190,-9999 ,  30.0, 1006.3,-0.011,-0.076,  287,   8.4,   6.0
01-Jan-2018 15:00, 8.721,-9999 ,  30.3, 1006.2,-0.036,-0.105,  284,   7.7,   5.5
01-Jan-2018 16:00, 7.545,-9999 ,  30.1, 1005.4, 0.009,-0.062,  296,   7.4,   5.1
01-Jan-2018 17:00, 6.152,-9999 ,  30.1, 1004.7, 0.092, 0.014,  298,   6.8,   5.4
01-Jan-2018 18:00, 4.618,-9999 ,  30.1, 1004.5, 0.107, 0.021,  282,   8.6,   6.8
01-Jan-2018 19:00, 3.138,-9999 ,  30.3, 1006.7, 0.152, 0.068,  212,   8.5,   6.0
01-Jan-2018 20:00, 1.957,-9999 ,  29.4, 1007.1, 0.113, 0.049,  179,   8.5,   4.9
01-Jan-2018 21:00, 1.678,-9999 ,  29.4, 1007.6, 0.059,-0.002,  170,   5.2,   2.8
01-Jan-2018 22:00, 2.629,-9999 ,  29.4, 1008.1, 0.057, 0.002,  125,   4.8,   4.3
01-Jan-2018 23:00, 4.107,-9999 ,  28.7, 1007.9,-0.002,-0.053,   41,   5.6,   3.8
02-Jan-2018 00:00, 5.758,-9999 ,  29.0, 1008.1,-0.011,-0.064,   26,   6.3,   3.7
02-Jan-2018 01:00, 7.388,-9999 ,  30.8, 1007.8,-0.014,-0.065,   33,   4.7,   1.4
02-Jan-2018 02:00, 8.618,-9999 ,  30.8, 1007.5, 0.041,-0.013,  345,   4.2,   2.2
02-Jan-2018 03:00, 8.818,-9999 ,  30.6, 1006.5, 0.029,-0.029,  310,   6.6,   3.9
02-Jan-2018 04:00, 7.922,-9999 ,  29.8, 1005.5,-0.047,-0.115,  290,   7.5,   6.0
02-Jan-2018 05:00, 6.661,-9999 ,  29.8, 1005.2, 0.007,-0.071,  290,   8.2,   6.8
02-Jan-2018 06:00, 5.294,-9999 ,  30.3, 1005.2, 0.039,-0.041,  297,   8.2,   4.0
02-Jan-2018 07:00, 3.908,-9999 ,  30.6, 1004.5, 0.053,-0.028,  286,   7.5,   6.2
02-Jan-2018 08:00, 2.752,-9999 ,  30.7, 1004.4, 0.066,-0.021,  300,   9.3,   6.8
02-Jan-2018 09:00, 2.307,-9999 ,  30.3, 1004.6, 0.110, 0.022,  285,   8.4,   3.5
02-Jan-2018 10:00, 3.072,-9999 ,  30.1, 1005.1, 0.146, 0.061,  230,   5.1,   4.0
02-Jan-2018 11:00, 4.648,-9999 ,  29.8, 1005.3, 0.117, 0.037,  276,   5.0,   4.1
02-Jan-2018 12:00, 6.435,-9999 ,  29.7, 1005.4, 0.123, 0.044,  291,   5.7,   4.5
02-Jan-2018 13:00, 8.099,-9999 ,  29.7, 1005.4, 0.079, 0.001,  310,   5.7,   3.9
02-Jan-2018 14:00, 9.340,-9999 ,  29.9, 1005.9, 0.037,-0.040,  291,   5.4,   3.6
02-Jan-2018 15:00, 9.638,-9999 ,  30.1, 1005.9,-0.014,-0.087,  262,   7.0,   4.5
02-Jan-2018 16:00, 8.811,-9999 ,  30.1, 1005.4,-0.046,-0.119,  268,   6.7,   5.0
02-Jan-2018 17:00, 7.407,-9999 ,  30.1, 1005.4, 0.040,-0.038,  257,   6.6,   3.3
02-Jan-2018 18:00, 5.824,-9999 ,  29.0, 1005.5, 0.115, 0.038,  167,   4.7,   1.0
02-Jan-2018 19:00, 4.111,-9999 ,  29.9, 1005.3, 0.134, 0.057,  281,   4.7,   3.7
02-Jan-2018 20:00, 2.494,-9999 ,  29.9, 1005.3, 0.139, 0.060,  280,   5.2,   3.4
02-Jan-2018 21:00, 1.388,-9999 ,  29.9, 1005.7, 0.137, 0.059,  271,   5.9,   3.8
02-Jan-2018 22:00, 1.507,-9999 ,  29.9, 1006.4, 0.162, 0.087,  271,   5.6,   3.9
02-Jan-2018 23:00, 2.787,-9999 ,  30.0, 1006.9, 0.121, 0.054,  282,   5.5,   4.0
03-Jan-2018 00:00, 4.466,-9999 ,  30.0, 1007.1, 0.030,-0.032,  288,   5.9,   4.1
03-Jan-2018 01:00, 6.301,-9999 ,  30.4, 1007.1,-0.012,-0.073,  277,   5.8,   4.6
03-Jan-2018 02:00, 8.068,-9999 ,  30.6, 1007.1, 0.003,-0.058,  272,   5.3,   3.3
03-Jan-2018 03:00, 9.195,-9999 ,  30.4, 1006.9, 0.062, 0.001,  270,   4.6,   2.9
03-Jan-2018 04:00, 9.055,-9999 ,  30.6, 1006.1, 0.055,-0.009,  277,   5.8,   3.8
03-Jan-2018 05:00, 7.914,-9999 ,  30.9, 1005.5, 0.046,-0.025,  284,   6.3,   3.6
03-Jan-2018 06:00, 6.467,-9999 ,  30.7, 1004.0, 0.069,-0.009,  289,   6.9,   6.0
03-Jan-2018 07:00, 4.907,-9999 ,  30.7, 1003.5, 0.058,-0.035,  286,   8.1,   6.7
03-Jan-2018 08:00, 3.403,-9999 ,  30.6, 1004.2, 0.065,-0.031,  258,   9.8,   7.8
03-Jan-2018 09:00, 2.199,-9999 ,  30.2, 1004.2, 0.062,-0.029,  226,  13.0,   6.8
03-Jan-2018 10:00, 1.878,-9999 ,  30.5, 1006.2,-0.003,-0.090,   27,  10.4,   5.1
03-Jan-2018 11:00, 3.020,-9999 ,  28.3, 1006.2, 0.010,-0.060,   14,  19.4,   8.0
03-Jan-2018 12:00, 4.874,-9999 ,  27.5, 1006.3, 0.012,-0.057,   59,   9.3,   6.8
03-Jan-2018 13:00, 6.863,-9999 ,  27.7, 1006.5, 0.047,-0.023,   14,   7.9,   3.6
03-Jan-2018 14:00, 8.720,-9999 ,  28.6, 1006.8, 0.108, 0.042,  358,   9.6,   6.6
03-Jan-2018 15:00, 9.786,-9999 ,  28.2, 1006.5, 0.003,-0.061,   28,   7.0,   3.5
03-Jan-2018 16:00, 9.669,-9999 ,  27.4, 1006.5,-0.112,-0.179,  113,  15.6,   4.8
03-Jan-2018 17:00, 8.645,-9999 ,  28.2, 1005.7, 0.016,-0.052,  111,   5.4,   3.4
03-Jan-2018 18:00, 7.146,-9999 ,  28.6, 1005.0, 0.156, 0.080,  181,   3.9,   2.5
03-Jan-2018 19:00, 5.398,-9999 ,  28.5, 1005.0, 0.175, 0.092,  190,   4.4,   3.0
03-Jan-2018 20:00, 3.560,-9999 ,  29.1, 1005.0, 0.147, 0.065,  213,   4.2,   3.7
03-Jan-2018 21:00, 1.951,-9999 ,  29.7, 1005.6, 0.149, 0.067,  218,   4.3,   3.4
03-Jan-2018 22:00, 1.037,-9999 ,  29.1, 1006.4, 0.112, 0.036,  223,   3.9,   2.2
03-Jan-2018 23:00, 1.560,-9999 ,  28.8, 1007.0, 0.090, 0.023,  250,   7.2,   4.4
04-Jan-2018 00:00, 3.156,-9999 ,  28.1, 1007.6, 0.088, 0.026,   14,   8.4,   4.3
04-Jan-2018 01:00, 5.023,-9999 ,  29.5, 1008.7, 0.046,-0.009,   82,   5.8,   3.1
04-Jan-2018 02:00, 6.968,-9999 ,  30.4, 1008.3, 0.000,-0.045,  156,   4.4,   1.8
04-Jan-2018 03:00, 8.662,-9999 ,  30.2, 1007.7,-0.023,-0.072,  233,   4.5,   4.0
04-Jan-2018 04:00, 9.446,-9999 ,  30.5, 1006.8,-0.003,-0.060,  258,   5.4,   3.9
04-Jan-2018 05:00, 8.934,-9999 ,  30.9, 1006.3, 0.037,-0.027,  245,   5.9,   3.2
04-Jan-2018 06:00, 7.623,-9999 ,  30.6, 1005.4, 0.062,-0.008,  285,   7.3,   6.0
04-Jan-2018 07:00, 6.096,-9999 ,  30.5, 1004.4, 0.086, 0.008,  288,   8.9,   7.6
04-Jan-2018 08:00, 4.459,-9999 ,  30.7, 1003.3, 0.087,-0.003,  307,   9.8,   8.0
04-Jan-2018 09:00, 2.922,-9999 ,  30.3, 1004.3, 0.099, 0.001,  303,  10.8,   6.5
04-Jan-2018 10:00, 1.824,-9999 ,  30.5, 1004.7, 0.086,-0.002,  270,   7.7,   4.6
04-Jan-2018 11:00, 1.941,-9999 ,  30.3, 1004.3, 0.039,-0.047,  300,   7.0,   6.1
04-Jan-2018 12:00, 3.445,-9999 ,  30.2, 1005.6, 0.059,-0.028,  320,   7.4,   4.6
04-Jan-2018 13:00, 5.454,-9999 ,  30.2, 1006.0, 0.095, 0.020,  300,   6.7,   4.8
04-Jan-2018 14:00, 7.474,-9999 ,  30.1, 1006.5, 0.112, 0.040,  325,   5.6,   4.1
04-Jan-2018 15:00, 9.158,-9999 ,  29.9, 1006.3, 0.070, 0.002,  330,   5.3,   3.3
04-Jan-2018 16:00, 9.954,-9999 ,  29.4, 1006.1,-0.018,-0.087,   16,   7.4,   6.0
04-Jan-2018 17:00, 9.572,-9999 ,  29.0, 1005.9, 0.039,-0.033,   25,   6.2,   4.8
04-Jan-2018 18:00, 8.243,-9999 ,  28.5, 1006.3, 0.103, 0.032,   31,   7.3,   5.2
04-Jan-2018 19:00, 6.541,-9999 ,  28.2, 1005.7, 0.076, 0.006,  341,   5.2,   3.0
04-Jan-2018 20:00, 4.718,-9999 ,  28.4, 1007.0, 0.047,-0.027,   61,   3.8,   1.8
04-Jan-2018 21:00, 2.980,-9999 ,  27.5, 1007.3, 0.086, 0.025,   30,   5.3,   3.4
04-Jan-2018 22:00, 1.601,-9999 ,  27.9, 1007.2, 0.169, 0.110,  333,   4.2,   2.3
04-Jan-2018 23:00, 1.087,-9999 ,  29.0, 1007.2, 0.103, 0.042,  300,   2.5,   1.9
05-Jan-2018 00:00, 1.976,-9999 ,  30.2, 1007.3, 0.007,-0.053,  303,   3.5,   1.6
05-Jan-2018 01:00, 3.763,-9999 ,  30.5, 1007.9, 0.057,-0.001,  294,   3.8,   2.6
05-Jan-2018 02:00, 5.742,-9999 ,  30.0, 1007.9, 0.090, 0.037,  281,   4.3,   3.0
05-Jan-2018 03:00, 7.662,-9999 ,  30.4, 1007.2, 0.046,-0.008,  263,   5.4,   3.3
05-Jan-2018 04:00, 9.102,-9999 ,  30.4, 1006.5,-0.019,-0.080,  254,   6.2,   4.8
05-Jan-2018 05:00, 9.445,-9999 ,  30.6, 1005.8, 0.007,-0.061,  259,   7.4,   6.1
05-Jan-2018 06:00, 8.575,-9999 ,  30.7, 1005.0, 0.042,-0.033,  280,   8.6,   7.1
05-Jan-2018 07:00, 7.149,-9999 ,  30.9, 1004.2, 0.032,-0.051,  275,   9.0,   7.5
05-Jan-2018 08:00, 5.609,-9999 ,  31.1, 1003.7, 0.072,-0.019,  260,   9.3,   7.7
05-Jan-2018 09:00, 4.020,-9999 ,  30.6, 1004.1, 0.126, 0.032,  248,  11.0,   8.9
05-Jan-2018 10:00, 2.581,-9999 ,  30.4, 1004.0, 0.171, 0.080,  252,  11.0,   5.2
05-Jan-2018 11:00, 1.736,-9999 ,  30.5, 1005.0, 0.094, 0.003,  246,   7.4,   4.3
05-Jan-2018 12:00, 2.276,-9999 ,  30.6, 1006.0,-0.017,-0.097,  260,   5.7,   3.6
05-Jan-2018 13:00, 3.962,-9999 ,  30.5, 1006.4,-0.013,-0.084,  251,   3.4,   2.4
05-Jan-2018 14:00, 5.962,-9999 ,  30.1, 1006.6, 0.034,-0.034,  354,   4.1,   3.3
05-Jan-2018 15:00, 7.914,-9999 ,  29.9, 1006.5, 0.089, 0.023,  359,   4.3,   3.1
05-Jan-2018 16:00, 9.356,-9999 ,  29.8, 1005.5, 0.037,-0.031,  339,   4.6,   2.6
05-Jan-2018 17:00, 9.780,-9999 ,  29.6, 1005.3,-0.002,-0.079,  356,   6.3,   4.5
05-Jan-2018 18:00, 9.023,-9999 ,  29.8, 1004.8, 0.064,-0.016,  339,   6.9,   5.0
05-Jan-2018 19:00, 7.550,-9999 ,  29.8, 1004.8, 0.063,-0.021,  349,   7.7,   6.1
05-Jan-2018 20:00, 5.931,-9999 ,  29.8, 1005.0, 0.075,-0.009,  354,   9.0,   7.1
05-Jan-2018 21:00, 4.245,-9999 ,  29.5, 1005.3, 0.109, 0.027,  351,   9.7,   5.8
05-Jan-2018 22:00, 2.687,-9999 ,  29.6, 1006.0, 0.178, 0.099,  314,   6.8,   4.7
05-Jan-2018 23:00, 1.562,-9999 ,  30.0, 1006.5, 0.189, 0.118,  293,   5.8,   4.9
06-Jan-2018 00:00, 1.599,-9999 ,  30.4, 1007.0, 0.140, 0.073,  281,   5.8,   3.5
06-Jan-2018 01:00, 2.891,-9999 ,  30.6, 1006.9, 0.153, 0.091,  275,   5.7,   4.4
06-Jan-2018 02:00, 4.592,-9999 ,  30.8, 1006.8, 0.118, 0.055,  246,   5.9,   3.6
06-Jan-2018 03:00, 6.395,-9999 ,  30.8, 1006.5, 0.057,-0.007,  262,   6.9,   5.3
06-Jan-2018 04:00, 8.091,-9999 ,  30.9, 1006.5,-0.033,-0.100,  271,   6.7,   4.4
06-Jan-2018 05:00, 9.200,-9999 ,  30.8, 1005.9,-0.053,-0.120,  256,   6.8,   5.2
06-Jan-2018 06:00, 9.092,-9999 ,  30.8, 1005.1,-0.012,-0.086,  256,   8.0,   6.4
06-Jan-2018 07:00, 7.989,-9999 ,  30.9, 1004.6,-0.012,-0.093,  265,   8.5,   6.8
06-Jan-2018 08:00, 6.649,-9999 ,  30.9, 1004.0, 0.055,-0.032,  286,   9.4,   7.6
06-Jan-2018 09:00, 5.179,-9999 ,  30.8, 1004.3, 0.128, 0.036,  269,   9.8,   7.3
06-Jan-2018 10:00, 3.656,-9999 ,  30.6, 1004.7, 0.151, 0.061,  259,   9.5,   7.3
06-Jan-2018 11:00, 2.424,-9999 ,  30.9, 1005.8, 0.185, 0.102,  282,   8.1,   5.7
06-Jan-2018 12:00, 2.059,-9999 ,  30.8, 1006.2, 0.116, 0.042,  286,   6.4,   5.4
06-Jan-2018 13:00, 3.017,-9999 ,  30.6, 1007.9, 0.051,-0.017,  342,   7.2,   4.5
06-Jan-2018 14:00, 4.679,-9999 ,  30.4, 1008.6, 0.024,-0.030,    1,   7.2,   5.2
06-Jan-2018 15:00, 6.453,-9999 ,  29.5, 1010.5, 0.010,-0.032,  144,  13.9,   7.5
06-Jan-2018 16:00, 8.024,-9999 ,  26.6, 1007.2,-0.062,-0.092,  303,  30.3,  10.4
06-Jan-2018 17:00, 9.171,-9999 ,  27.3, 1006.6,-0.044,-0.105,   11,  10.9,   5.7
06-Jan-2018 18:00, 9.174,-9999 ,  25.6, 1006.5,-0.056,-0.123,    7,   6.8,   4.2
06-Jan-2018 19:00, 8.171,-9999 ,  27.2, 1005.7,-0.020,-0.087,  310,   4.9,   3.9
06-Jan-2018 20:00, 6.822,-9999 ,  28.9, 1005.9, 0.052,-0.023,  277,   7.8,   6.2
06-Jan-2018 21:00, 5.458,-9999 ,  29.7, 1006.2, 0.209, 0.136,  235,  12.3,  10.8
06-Jan-2018 22:00, 3.960,-9999 ,  29.2, 1007.1, 0.241, 0.172,  243,  12.0,   7.0
06-Jan-2018 23:00, 2.579,-9999 ,  30.5, 1007.8, 0.210, 0.150,  220,   6.9,   4.6
07-Jan-2018 00:00, 1.832,-9999 ,  29.1, 1008.3, 0.128, 0.075,  156,   5.1,   3.1
07-Jan-2018 01:00, 2.307,-9999 ,  29.6, 1008.0, 0.056, 0.006,   58,   2.7,   0.7
07-Jan-2018 02:00, 3.702,-9999 ,  29.7, 1007.4, 0.079, 0.026,   79,   2.3,   1.4
07-Jan-2018 03:00, 5.277,-9999 ,  31.1, 1007.2, 0.035,-0.023,  189,   2.0,   1.6
07-Jan-2018 04:00, 6.871,-9999 ,  32.2, 1006.8,-0.031,-0.092,  289,   4.2,   3.5
07-Jan-2018 05:00, 8.329,-9999 ,  31.1, 1005.9,-0.045,-0.110,  309,   7.9,   6.8
07-Jan-2018 06:00, 9.071,-9999 ,  31.4, 1005.3, 0.030,-0.043,  308,   7.9,   6.0
07-Jan-2018 07:00, 8.627,-9999 ,  31.1, 1004.5, 0.080, 0.000,  307,   9.7,   8.2
07-Jan-2018 08:00, 7.464,-9999 ,  31.0, 1004.4, 0.061,-0.026,  309,  10.9,   8.8
07-Jan-2018 09:00, 6.132,-9999 ,  30.9, 1004.2, 0.072,-0.017,  291,  10.1,   8.0
07-Jan-2018 10:00, 4.775,-9999 ,  30.9, 1004.7, 0.127, 0.037,  294,   9.4,   7.0
07-Jan-2018 11:00, 3.519,-9999 ,  30.7, 1005.3, 0.206, 0.121,  299,   9.1,   7.2
07-Jan-2018 12:00, 2.625,-9999 ,  30.6, 1005.9, 0.213, 0.135,  293,   9.0,   7.3
07-Jan-2018 13:00, 2.687,-9999 ,  30.4, 1006.3, 0.107, 0.034,  291,   8.9,   6.7
07-Jan-2018 14:00, 3.817,-9999 ,  30.3, 1006.1, 0.070, 0.002,  298,   8.8,   6.6
07-Jan-2018 15:00, 5.334,-9999 ,  30.3, 1006.1, 0.061,-0.013,  299,  11.0,   8.2
07-Jan-2018 16:00, 6.808,-9999 ,  21.1, 1010.0, 0.038,-0.027,   86,  26.2,  17.6
07-Jan-2018 17:00, 7.967,-9999 ,  24.6, 1006.8,-0.091,-0.127,  223,  18.1,   6.9
07-Jan-2018 18:00, 8.692,-9999 ,  27.2, 1006.1,-0.071,-0.134,  294,  12.0,   8.0
07-Jan-2018 19:00, 8.487,-9999 ,  27.9, 1004.5, 0.044,-0.030,  327,  11.0,   6.6
07-Jan-2018 20:00, 7.472,-9999 ,  29.8, 1005.0, 0.092, 0.005,   20,  11.2,   2.6
07-Jan-2018 21:00, 6.169,-9999 ,  27.1, 1006.5, 0.076,-0.004,  169,  13.8,  10.5
07-Jan-2018 22:00, 4.876,-9999 ,  30.2, 1006.4, 0.110, 0.043,  235,  11.2,   7.5
07-Jan-2018 23:00, 3.689,-9999 ,  30.4, 1006.8, 0.166, 0.098,  291,  11.5,   6.3
08-Jan-2018 00:00, 2.767,-9999 ,  30.5, 1007.2, 0.208, 0.144,  289,   9.2,   6.0
08-Jan-2018 01:00, 2.533,-9999 ,  30.4, 1007.3, 0.155, 0.095,  315,   8.4,   6.6
08-Jan-2018 02:00, 3.234,-9999 ,  30.5, 1007.0, 0.064, 0.004,  295,   9.1,   7.4
08-Jan-2018 03:00, 4.496,-9999 ,  30.9, 1006.7, 0.036,-0.026,  275,   9.9,   7.7
08-Jan-2018 04:00, 5.933,-9999 ,  30.6, 1006.4, 0.068, 0.003,  287,   8.4,   6.8
08-Jan-2018 05:00, 7.280,-9999 ,  30.5, 1006.1, 0.053,-0.014,  294,   9.1,   7.6
08-Jan-2018 06:00, 8.321,-9999 ,  30.9, 1005.1, 0.018,-0.054,  285,   9.8,   7.9
08-Jan-2018 07:00, 8.632,-9999 ,  31.0, 1004.7, 0.078,-0.003,  279,  10.5,   8.2
08-Jan-2018 08:00, 7.936,-9999 ,  31.0, 1004.4, 0.029,-0.056,  285,  10.2,   7.5
08-Jan-2018 09:00, 6.890,-9999 ,  30.8, 1003.6, 0.057,-0.032,  282,  10.6,   8.2
08-Jan-2018 10:00, 5.758,-9999 ,  30.7, 1003.9, 0.135, 0.039,  287,  11.2,   8.2
08-Jan-2018 11:00, 4.567,-9999 ,  30.7, 1005.0, 0.131, 0.038,  289,  12.1,   8.9
08-Jan-2018 12:00, 3.548,-9999 ,  26.4, 1006.2, 0.144, 0.064,    7,  18.1,   3.7
08-Jan-2018 13:00, 3.069,-9999 ,  29.5, 1005.4, 0.149, 0.079,  282,   8.5,   6.7
08-Jan-2018 14:00, 3.519,-9999 ,  30.3, 1005.4, 0.161, 0.082,  279,  12.3,   9.6
08-Jan-2018 15:00, 4.564,-9999 ,  30.3, 1005.4, 0.130, 0.052,  284,  12.8,   9.4
08-Jan-2018 16:00, 5.722,-9999 ,  30.2, 1004.2, 0.045,-0.035,  273,  13.0,   9.6
08-Jan-2018 17:00, 6.849,-9999 ,  30.2, 1004.3, 0.032,-0.058,  270,  13.0,   6.2
08-Jan-2018 18:00, 7.691,-9999 ,  30.5, 1004.4,-0.035,-0.124,  236,   8.4,   6.5
08-Jan-2018 19:00, 8.057,-9999 ,  30.2, 1004.1,-0.008,-0.096,  220,   8.2,   4.1
08-Jan-2018 20:00, 7.743,-9999 ,  29.9, 1004.2, 0.136, 0.045,  207,   6.3,   4.5
08-Jan-2018 21:00, 6.834,-9999 ,  29.6, 1004.8, 0.165, 0.076,  191,   5.7,   3.8
08-Jan-2018 22:00, 5.700,-9999 ,  29.3, 1004.7, 0.120, 0.036,  235,   4.7,   2.3
08-Jan-2018 23:00, 4.598,-9999 ,  29.6, 1005.0, 0.069,-0.016,  248,   5.2,   4.1
09-Jan-2018 00:00, 3.725,-9999 ,  29.9, 1005.8, 0.101, 0.020,  222,   5.4,   4.0
09-Jan-2018 01:00, 3.239,-9999 ,  29.7, 1005.8, 0.174, 0.101,  172,   4.9,   2.3
09-Jan-2018 02:00, 3.326,-9999 ,  30.2, 1005.8, 0.115, 0.041,  179,   4.2,   3.7
09-Jan-2018 03:00, 4.027,-9999 ,  31.2, 1004.8, 0.023,-0.052,  198,   4.4,   1.8
09-Jan-2018 04:00, 5.077,-9999 ,  31.1, 1003.5,-0.017,-0.103,  251,   4.3,   3.2
09-Jan-2018 05:00, 6.233,-9999 ,  31.3, 1002.7, 0.014,-0.084,  282,   5.4,   3.8
09-Jan-2018 06:00, 7.290,-9999 ,  29.1, 1002.0, 0.036,-0.069,  353,   7.3,   2.1
09-Jan-2018 07:00, 8.049,-9999 ,  30.5, 1001.5, 0.096,-0.016,  274,   9.1,   7.1
09-Jan-2018 08:00, 8.120,-9999 ,  30.4, 1001.2, 0.169, 0.051,  231,  10.5,   4.8
09-Jan-2018 09:00, 7.391,-9999 ,  25.6, 1002.2, 0.062,-0.057,   36,  14.7,   1.3
09-Jan-2018 10:00, 6.438,-9999 ,  26.4, 1002.3, 0.037,-0.073,  359,   6.7,   5.3
09-Jan-2018 11:00, 5.449,-9999 ,  27.2, 1003.2, 0.048,-0.060,   14,   6.9,   3.4
09-Jan-2018 12:00, 4.461,-9999 ,  27.6, 1003.5,-0.024,-0.123,  101,   4.8,   3.7
09-Jan-2018 13:00, 3.751,-9999 ,  27.6, 1004.6,-0.024,-0.120,   34,   4.9,   1.2
09-Jan-2018 14:00, 3.626,-9999 ,  27.3, 1004.9, 0.038,-0.047,    7,   3.5,   2.2
09-Jan-2018 15:00, 4.126,-9999 ,  27.4, 1004.3, 0.091, 0.008,  326,   3.2,   1.8
09-Jan-2018 16:00, 4.920,-9999 ,  27.8, 1003.4, 0.060,-0.030,  224,   3.0,   0.7
09-Jan-2018 17:00, 5.760,-9999 ,  28.6, 1002.7,-0.003,-0.102,  232,   6.2,   4.5
09-Jan-2018 18:00, 6.569,-9999 ,  28.8, 1002.3, 0.003,-0.102,  197,   5.9,   4.3
09-Jan-2018 19:00, 7.184,-9999 ,  28.5, 1001.8, 0.015,-0.094,  204,   9.2,   8.3
09-Jan-2018 20:00, 7.371,-9999 ,  28.0, 1001.2, 0.066,-0.048,  168,  13.7,  11.8
09-Jan-2018 21:00, 6.880,-9999 ,  26.5, 1001.5,-0.025,-0.144,  145,  18.4,  11.8
09-Jan-2018 22:00, 6.068,-9999 ,  26.6, 1002.2,-0.115,-0.231,  140,  14.0,  10.9
09-Jan-2018 23:00, 5.356,-9999 ,  26.6, 1002.9, 0.003,-0.106,  150,  13.4,   9.5
10-Jan-2018 00:00, 4.635,-9999 ,  27.1, 1002.5, 0.034,-0.070,  130,  15.9,  10.9
10-Jan-2018 01:00, 4.018,-9999 ,  26.5, 1003.0, 0.013,-0.093,  127,  15.2,   9.8
10-Jan-2018 02:00, 3.791,-9999 ,  28.0, 1002.7, 0.052,-0.050,  118,  11.9,   9.7
10-Jan-2018 03:00, 3.995,-9999 ,  28.4, 1002.3, 0.029,-0.075,  112,  12.8,   9.9
10-Jan-2018 04:00, 4.604,-9999 ,  29.2, 1001.6, 0.014,-0.095,  122,  12.8,   9.3
10-Jan-2018 05:00, 5.369,-9999 ,  28.2, 1001.0,-0.048,-0.165,  126,  16.9,   9.6
10-Jan-2018 06:00, 6.144,-9999 ,  28.7, 1000.4,-0.116,-0.238,  112,  16.9,   8.9
10-Jan-2018 07:00, 6.908,-9999 ,  28.6,  999.6,-0.110,-0.239,  119,  16.4,  11.1
10-Jan-2018 08:00, 7.437,-9999 ,  27.9,  999.6,-0.028,-0.165,  125,  16.6,  10.5
10-Jan-2018 09:00, 7.407,-9999 ,  25.9, 1000.0,-0.002,-0.137,  109,  19.2,  10.8
10-Jan-2018 10:00, 6.879,-9999 ,  26.9, 1000.0,-0.053,-0.185,  141,  15.1,  12.8
10-Jan-2018 11:00, 6.205,-9999 ,  26.5, 1000.5,-0.007,-0.139,  123,  17.6,  12.0
10-Jan-2018 12:00, 5.491,-9999 ,  26.8, 1001.1, 0.035,-0.091,  118,  15.7,  13.4
10-Jan-2018 13:00, 4.813,-9999 ,  26.6, 1000.9, 0.037,-0.084,  130,  16.2,  12.2
10-Jan-2018 14:00, 4.294,-9999 ,  26.8, 1001.0, 0.004,-0.118,  127,  15.9,  12.8
10-Jan-2018 15:00, 4.081,-9999 ,  26.7, 1000.7,-0.086,-0.208,  119,  19.4,  12.2
10-Jan-2018 16:00, 4.322,-9999 ,  27.3,  999.8,-0.097,-0.222,  127,  15.5,  11.9
10-Jan-2018 17:00, 4.817,-9999 ,  27.2,  999.0,-0.114,-0.249,  126,  16.1,  13.1
10-Jan-2018 18:00, 5.415,-9999 ,  27.2,  998.3,-0.109,-0.251,  126,  16.8,  12.4
10-Jan-2018 19:00, 5.945,-9999 ,  26.9,  997.6,-0.157,-0.306,  121,  16.7,  13.5
10-Jan-2018 20:00, 6.357,-9999 ,  26.4,  997.4,-0.190,-0.345,  125,  17.1,  13.8
10-Jan-2018 21:00, 6.752,-9999 ,  27.0,  997.1, 0.074,-0.084,  126,  18.5,  14.9
10-Jan-2018 22:00, 6.516,-9999 ,  25.2,  997.1, 0.043,-0.117,  127,  20.8,  17.2
10-Jan-2018 23:00, 5.955,-9999 ,  25.1,  997.3,-0.061,-0.222,  130,  21.0,  16.8
11-Jan-2018 00:00, 5.531,-9999 ,  24.7,  997.3, 0.069,-0.090,  130,  20.9,  17.2
11-Jan-2018 01:00, 4.944,-9999 ,  25.7,  997.0, 0.001,-0.157,  124,  22.9,  16.8
11-Jan-2018 02:00, 4.393,-9999 ,  25.7,  996.3,-0.143,-0.306,  106,  23.7,  17.1
11-Jan-2018 03:00, 4.242,-9999 ,  24.5,  995.9,-0.113,-0.281,  113,  23.3,  17.2
11-Jan-2018 04:00, 4.477,-9999 ,  25.9,  995.3, 0.023,-0.150,  111,  20.0,  15.0
11-Jan-2018 05:00, 4.894,-9999 ,  25.5,  994.8, 0.058,-0.121,  111,  18.9,  13.7
11-Jan-2018 06:00, 5.374,-9999 ,  26.3,  993.9,-0.027,-0.210,  121,  18.2,  14.3
11-Jan-2018 07:00, 6.000,-9999 ,  25.8,  992.3,-0.043,-0.237,  116,  18.8,  15.4
11-Jan-2018 08:00, 6.670,-9999 ,  25.8,  992.4, 0.022,-0.186,   85,  20.5,  11.3
11-Jan-2018 09:00, 7.089,-9999 ,  25.8,  992.6, 0.064,-0.142,   82,  18.1,  13.8
11-Jan-2018 10:00, 7.110,-9999 ,  26.4,  992.5, 0.037,-0.169,   90,  17.9,  15.3
11-Jan-2018 11:00, 6.864,-9999 ,  26.1,  993.3, 0.058,-0.147,   87,  19.2,  14.2
11-Jan-2018 12:00, 6.434,-9999 ,  25.1,  993.1, 0.116,-0.082,   85,  18.1,  15.2
11-Jan-2018 13:00, 5.914,-9999 ,  26.3,  993.4, 0.171,-0.029,   92,  20.1,  12.4
11-Jan-2018 14:00, 5.499,-9999 ,  25.9,  993.1, 0.317, 0.120,   66,  18.3,  11.9
11-Jan-2018 15:00, 5.104,-9999 ,  26.6,  992.6, 0.376, 0.175,   59,  16.3,  12.4
11-Jan-2018 16:00, 4.791,-9999 ,  26.0,  991.9, 0.338, 0.132,   36,  16.4,  11.3
11-Jan-2018 17:00, 4.740,-9999 ,  28.0,  991.4, 0.309, 0.096,    5,  24.1,  16.5
11-Jan-2018 18:00, 4.984,-9999 ,  26.7,  991.6, 0.329, 0.112,   22,  24.6,  14.5
11-Jan-2018 19:00, 5.376,-9999 ,  27.4,  991.5, 0.312, 0.096,    5,  20.0,  15.6
11-Jan-2018 20:00, 5.776,-9999 ,  26.8,  991.8, 0.198,-0.018,    1,  20.8,  14.7
11-Jan-2018 21:00, 6.220,-9999 ,  27.2,  992.6, 0.178,-0.035,    3,  23.0,  13.8
11-Jan-2018 22:00, 6.603,-9999 ,  28.2,  993.6, 0.274, 0.070,  347,  17.6,  12.2
11-Jan-2018 23:00, 6.804,-9999 ,  28.4,  994.6, 0.422, 0.228,  353,  17.9,  12.5
12-Jan-2018 00:00, 6.674,-9999 ,  27.8,  995.6, 0.479, 0.295,  354,  17.5,  12.4
12-Jan-2018 01:00, 6.150,-9999 ,  27.4,  996.1, 0.315, 0.140,  354,  18.7,  13.9
12-Jan-2018 02:00, 5.711,-9999 ,  28.6,  996.0, 0.305, 0.135,    0,  18.8,  14.9
12-Jan-2018 03:00, 5.408,-9999 ,  26.8,  996.3, 0.394, 0.223,  334,  21.5,  11.7
12-Jan-2018 04:00, 5.060,-9999 ,  27.5,  996.6, 0.346, 0.178,  359,  16.9,  11.7
12-Jan-2018 05:00, 4.882,-9999 ,  26.7,  997.0, 0.283, 0.118,  359,  17.7,  14.0
12-Jan-2018 06:00, 5.020,-9999 ,  28.3,  996.6, 0.281, 0.119,  352,  21.0,  12.4
12-Jan-2018 07:00, 5.329,-9999 ,  28.5,  997.1, 0.200, 0.036,  358,  17.1,  12.5
12-Jan-2018 08:00, 5.761,-9999 ,  26.8,  997.5, 0.049,-0.111,   18,  16.3,   8.7
12-Jan-2018 09:00, 6.366,-9999 ,  28.0,  998.1, 0.047,-0.108,    1,  16.6,  12.9
12-Jan-2018 10:00, 6.890,-9999 ,  27.1,  998.9, 0.101,-0.049,   27,  14.6,   8.8
12-Jan-2018 11:00, 7.184,-9999 ,  28.0, 1000.1, 0.157, 0.015,    7,  14.5,   9.7
12-Jan-2018 12:00, 7.187,-9999 ,  27.2, 1001.0, 0.206, 0.076,   22,  13.5,   6.8
12-Jan-2018 13:00, 6.798,-9999 ,  28.9, 1001.4, 0.148, 0.027,  353,  11.9,   8.6
12-Jan-2018 14:00, 6.213,-9999 ,  27.6, 1001.9, 0.099,-0.018,   15,  13.3,   4.6
12-Jan-2018 15:00, 5.634,-9999 ,  27.2, 1002.1, 0.128, 0.015,  357,  15.8,   8.3
12-Jan-2018 16:00, 5.083,-9999 ,  27.2, 1001.5, 0.190, 0.079,    2,  17.5,   8.2
12-Jan-2018 17:00, 4.558,-9999 ,  26.7, 1000.7, 0.187, 0.069,   25,  12.3,   7.2
12-Jan-2018 18:00, 4.227,-9999 ,  27.5, 1001.0, 0.129, 0.004,   39,   9.4,   6.3
12-Jan-2018 19:00, 4.244,-9999 ,  27.3, 1001.3, 0.089,-0.033,   45,   8.1,   4.4
12-Jan-2018 20:00, 4.689,-9999 ,  27.1, 1001.8, 0.123, 0.004,   58,   7.9,   6.0
12-Jan-2018 21:00, 5.326,-9999 ,  27.6, 1002.5, 0.149, 0.036,    9,  11.9,   7.4
12-Jan-2018 22:00, 5.939,-9999 ,  27.1, 1003.0, 0.136, 0.030,   46,   9.1,   7.3
12-Jan-2018 23:00, 6.496,-9999 ,  27.3, 1004.1, 0.172, 0.071,   65,   8.8,   5.1
13-Jan-2018 00:00, 6.774,-9999 ,  28.4, 1005.1, 0.139, 0.050,   57,   6.7,   4.6
13-Jan-2018 01:00, 6.686,-9999 ,  29.6, 1005.4, 0.059,-0.022,    2,   8.7,   6.9
13-Jan-2018 02:00, 6.323,-9999 ,  29.9, 1005.1, 0.029,-0.049,  358,  10.4,   8.1
13-Jan-2018 03:00, 5.845,-9999 ,  29.8, 1004.8, 0.052,-0.029,  353,  11.8,   8.5
13-Jan-2018 04:00, 5.378,-9999 ,  29.9, 1004.7, 0.128, 0.043,  356,  11.2,   9.0
13-Jan-2018 05:00, 4.982,-9999 ,  30.0, 1004.8, 0.241, 0.156,  344,  12.4,   9.0
13-Jan-2018 06:00, 4.626,-9999 ,  29.9, 1004.3, 0.208, 0.124,  342,  12.8,   8.7
13-Jan-2018 07:00, 4.479,-9999 ,  29.8, 1004.0, 0.088,-0.001,  340,  11.8,   7.8
13-Jan-2018 08:00, 4.813,-9999 ,  29.9, 1004.0, 0.044,-0.048,  349,  10.4,   7.9
13-Jan-2018 09:00, 5.540,-9999 ,  29.8, 1004.4, 0.094, 0.003,  351,  10.5,   7.9
13-Jan-2018 10:00, 6.320,-9999 ,  29.6, 1004.8, 0.129, 0.041,  350,  10.3,   6.8
13-Jan-2018 11:00, 6.948,-9999 ,  29.4, 1005.5, 0.103, 0.020,    1,   8.1,   4.8
13-Jan-2018 12:00, 7.328,-9999 ,  29.0, 1006.2, 0.042,-0.034,   70,   6.7,   3.4
13-Jan-2018 13:00, 7.415,-9999 ,  28.8, 1006.8, 0.032,-0.037,   43,   4.3,   3.1
13-Jan-2018 14:00, 7.092,-9999 ,  28.5, 1007.2, 0.054,-0.010,   33,   4.0,   2.9
13-Jan-2018 15:00, 6.394,-9999 ,  28.0, 1007.7, 0.017,-0.042,   67,   5.3,   4.2
13-Jan-2018 16:00, 5.561,-9999 ,  27.9, 1007.0,-0.012,-0.068,   79,   4.7,   3.6
13-Jan-2018 17:00, 4.731,-9999 ,  27.8, 1006.5, 0.026,-0.036,   65,   5.8,   3.5
13-Jan-2018 18:00, 4.046,-9999 ,  27.3, 1006.2, 0.082, 0.015,   37,   4.3,   2.8
13-Jan-2018 19:00, 3.629,-9999 ,  27.1, 1006.2, 0.089, 0.020,   28,   4.4,   3.1
13-Jan-2018 20:00, 3.682,-9999 ,  27.0, 1006.3, 0.055,-0.015,   55,   4.3,   3.6
13-Jan-2018 21:00, 4.234,-9999 ,  27.2, 1007.1, 0.019,-0.049,   54,   4.7,   3.2
13-Jan-2018 22:00, 5.055,-9999 ,  27.2, 1007.7, 0.019,-0.042,   60,   4.0,   2.9
13-Jan-2018 23:00, 5.928,-9999 ,  27.6, 1008.1, 0.032,-0.023,   42,   3.7,   2.8
14-Jan-2018 00:00, 6.711,-9999 ,  28.5, 1008.5, 0.054, 0.004,   78,   3.9,   2.3
14-Jan-2018 01:00, 7.206,-9999 ,  28.7, 1008.7, 0.065, 0.019,  131,   3.3,   2.9
14-Jan-2018 02:00, 7.197,-9999 ,  29.5, 1008.6, 0.076, 0.030,  198,   3.2,   1.8
14-Jan-2018 03:00, 6.666,-9999 ,  28.7, 1008.3, 0.034,-0.012,  167,   3.3,   2.6
14-Jan-2018 04:00, 5.895,-9999 ,  29.4, 1007.5,-0.042,-0.091,  308,   7.0,   5.4
14-Jan-2018 05:00, 5.142,-9999 ,  29.3, 1006.8,-0.023,-0.081,  311,   7.6,   5.2
14-Jan-2018 06:00, 4.495,-9999 ,  29.4, 1006.1, 0.035,-0.030,  318,   7.4,   4.0
14-Jan-2018 07:00, 4.049,-9999 ,  29.3, 1005.1, 0.062,-0.010,  308,   6.1,   4.8
14-Jan-2018 08:00, 4.028,-9999 ,  30.0, 1004.5, 0.071,-0.011,  294,   6.5,   4.6
14-Jan-2018 09:00, 4.590,-9999 ,-9999 , 1004.5, 0.082,-0.005,  292,   5.8,   4.5
14-Jan-2018 10:00, 5.524,-9999 ,-9999 , 1004.7, 0.129, 0.042,  303,   6.2,   3.5
14-Jan-2018 11:00, 6.464,-9999 ,-9999 , 1005.7, 0.114, 0.030,  306,   4.6,   3.8
14-Jan-2018 12:00, 7.268,-9999 ,  29.5, 1006.4, 0.070,-0.004,  328,   4.7,   3.1
14-Jan-2018 13:00, 7.820,-9999 ,-9999 , 1007.0, 0.044,-0.023,  330,   5.5,   4.0
14-Jan-2018 14:00, 7.876,-9999 ,-9999 , 1007.4, 0.041,-0.020,  314,   5.4,   3.1
14-Jan-2018 15:00, 7.326,-9999 ,-9999 , 1007.0, 0.043,-0.016,  301,   4.7,   3.7
14-Jan-2018 16:00, 6.390,-9999 ,-9999 , 1006.6, 0.011,-0.052,  306,   5.4,   3.8
14-Jan-2018 17:00, 5.325,-9999 ,-9999 , 1006.1, 0.020,-0.046,  301,   5.5,   2.9
14-Jan-2018 18:00, 4.268,-9999 ,-9999 , 1005.8, 0.055,-0.017,  287,   4.1,   3.2
14-Jan-2018 19:00, 3.414,-9999 ,-9999 , 1005.4, 0.074, 0.000,  292,   4.6,   3.6
14-Jan-2018 20:00, 3.030,-9999 ,-9999 , 1005.2, 0.090, 0.012,  254,   4.6,   3.4
14-Jan-2018 21:00, 3.374,-9999 ,-9999 , 1006.0, 0.102, 0.023,  270,   4.0,   2.3
14-Jan-2018 22:00, 4.293,-9999 ,  29.0, 1006.5, 0.149, 0.078,  202,   3.9,   3.1
14-Jan-2018 23:00, 5.372,-9999 ,-9999 , 1006.9, 0.153, 0.086,  180,   3.5,   2.3
15-Jan-2018 00:00, 6.405,-9999 ,-9999 , 1007.0, 0.095, 0.032,  168,   3.4,   2.5
15-Jan-2018 01:00, 7.277,-9999 ,-9999 , 1007.0, 0.035,-0.027,  186,   3.3,   1.7
15-Jan-2018 02:00, 7.713,-9999 ,  29.6, 1006.7, 0.000,-0.063,  184,   2.5,   0.8
15-Jan-2018 03:00, 7.456,-9999 ,  29.8, 1006.2,-0.005,-0.071,  233,   4.1,   3.5
15-Jan-2018 04:00, 6.710,-9999 ,-9999 , 1005.5, 0.003,-0.068,  252,   5.2,   3.6
15-Jan-2018 05:00, 5.813,-9999 ,-9999 , 1004.8, 0.047,-0.031,  268,   6.0,   4.3
15-Jan-2018 06:00, 4.893,-9999 ,  30.3, 1002.7, 0.104, 0.018,  289,   7.8,   7.0
15-Jan-2018 07:00, 4.082,-9999 ,-9999 , 1001.5, 0.127, 0.021,  288,   8.6,   7.1
15-Jan-2018 08:00, 3.611,-9999 ,  30.3, 1002.7, 0.159, 0.042,  314,   9.9,   7.2
15-Jan-2018 09:00, 3.772,-9999 ,  24.8, 1004.6, 0.136, 0.033,   85,  14.8,   8.2
15-Jan-2018 10:00, 4.581,-9999 ,  26.3, 1005.7, 0.089, 0.005,  113,   9.2,   6.1
15-Jan-2018 11:00, 5.695,-9999 ,  25.7, 1005.2, 0.060,-0.016,    4,   7.4,   4.4
15-Jan-2018 12:00, 6.842,-9999 ,  27.1, 1007.4, 0.044,-0.033,  179,   8.8,   5.5
15-Jan-2018 13:00, 7.810,-9999 ,-9999 ,-9999.0, 0.031,-9999 ,  223,   8.5,   5.3
15-Jan-2018 14:00, 8.368,-9999 ,-9999 ,-9999.0, 0.036,-9999 ,-9999,-9999 ,-9999
15-Jan-2018 15:00, 8.160,-9999 ,-9999 ,-9999.0, 0.020,-9999 ,-9999,-9999 ,-9999
15-Jan-2018 16:00, 7.288,-9999 ,-9999 ,-9999.0, 0.018,-9999 ,-9999,-9999 ,-9999
15-Jan-2018 17:00, 6.105,-9999 ,-9999 ,-9999.0, 0.032,-9999 ,-9999,-9999 ,-9999
15-Jan-2018 18:00, 4.792,-9999 ,-9999 ,-9999.0, 0.036,-9999 ,-9999,-9999 ,-9999
15-Jan-2018 19:00, 3.575,-9999 ,-9999 ,-9999.0, 0.026,-9999 ,-9999,-9999 ,-9999
15-Jan-2018 20:00, 2.699,-9999 ,-9999 ,-9999.0, 0.024,-9999 ,-9999,-9999 ,-9999
15-Jan-2018 21:00, 2.553,-9999 ,-9999 ,-9999.0, 0.055,-9999 ,-9999,-9999 ,-9999
15-Jan-2018 22:00, 3.276,-9999 ,-9999 ,-9999.0, 0.080,-9999 ,-9999,-9999 ,-9999
15-Jan-2018 23:00, 4.453,-9999 ,-9999 ,-9999.0, 0.065,-9999 ,-9999,-9999 ,-9999
16-Jan-2018 00:00, 5.769,-9999 ,-9999 ,-9999.0, 0.043,-9999 ,-9999,-9999 ,-9999
16-Jan-2018 01:00, 7.029,-9999 ,-9999 ,-9999.0, 0.042,-9999 ,-9999,-9999 ,-9999
16-Jan-2018 02:00, 7.979,-9999 ,-9999 ,-9999.0, 0.049,-9999 ,-9999,-9999 ,-9999
16-Jan-2018 03:00, 8.189,-9999 ,-9999 ,-9999.0, 0.044,-9999 ,-9999,-9999 ,-9999
16-Jan-2018 04:00, 7.571,-9999 ,-9999 ,-9999.0, 0.045,-9999 ,-9999,-9999 ,-9999
16-Jan-2018 05:00, 6.542,-9999 ,-9999 ,-9999.0, 0.058,-9999 ,-9999,-9999 ,-9999
16-Jan-2018 06:00, 5.398,-9999 ,  30.1,-9999.0, 0.078,-9999 ,  288,   5.4,   4.1
16-Jan-2018 07:00, 4.308,-9999 ,  30.3,-9999.0, 0.094,-9999 ,  297,   6.6,   5.0
16-Jan-2018 08:00, 3.426,-9999 ,  30.2,-9999.0, 0.096,-9999 ,  297,   7.1,   6.0
16-Jan-2018 09:00, 3.113,-9999 ,  30.1,-9999.0, 0.111,-9999 ,  306,   7.6,   6.4
16-Jan-2018 10:00, 3.705,-9999 ,  29.9,-9999.0, 0.120,-9999 ,  302,   7.7,   5.3
16-Jan-2018 11:00, 4.911,-9999 ,  29.7,-9999.0, 0.132,-9999 ,  299,   7.3,   5.7
16-Jan-2018 12:00, 6.274,-9999 ,  29.9,-9999.0, 0.114,-9999 ,  308,   7.2,   5.3
16-Jan-2018 13:00, 7.565,-9999 ,  29.9,-9999.0, 0.103,-9999 ,  305,   7.9,   5.8
16-Jan-2018 14:00, 8.530,-9999 ,  29.6,-9999.0, 0.087,-9999 ,  302,   7.3,   6.2
16-Jan-2018 15:00, 8.790,-9999 ,  29.7,-9999.0, 0.061,-9999 ,  301,   7.7,   5.5
16-Jan-2018 16:00, 8.113,-9999 ,  29.6,-9999.0, 0.016,-9999 ,  312,   6.6,   5.0
16-Jan-2018 17:00, 6.895,-9999 ,  29.7,-9999.0,-0.004,-9999 ,  308,   7.5,   5.9
16-Jan-2018 18:00, 5.575,-9999 ,  29.7,-9999.0, 0.103,-9999 ,  315,   8.3,   6.0
16-Jan-2018 19:00, 4.182,-9999 ,  29.4,-9999.0, 0.168,-9999 ,  312,   7.7,   5.5
16-Jan-2018 20:00, 2.920,-9999 ,  29.3,-9999.0, 0.143,-9999 ,  308,   7.1,   5.6
16-Jan-2018 21:00, 2.194,-9999 ,  29.3,-9999.0, 0.108,-9999 ,  295,   7.3,   5.0
16-Jan-2018 22:00, 2.534,-9999 ,  24.1,-9999.0, 0.136,-9999 ,  102,  19.8,  16.7
16-Jan-2018 23:00, 3.614,-9999 ,  24.7,-9999.0, 0.089,-9999 ,  136,  16.7,   9.7
17-Jan-2018 00:00, 4.985,-9999 ,  24.9,-9999.0, 0.025,-9999 ,  144,  10.2,   6.3
17-Jan-2018 01:00, 6.459,-9999 ,  25.7,-9999.0, 0.013,-9999 ,  197,   8.2,   4.4
17-Jan-2018 02:00, 7.754,-9999 ,  25.6,-9999.0, 0.006,-9999 ,  267,   6.0,   1.8
17-Jan-2018 03:00, 8.502,-9999 ,  25.9,-9999.0, 0.027,-9999 ,  308,   5.8,   4.8
17-Jan-2018 04:00, 8.216,-9999 ,  26.6,-9999.0,-0.012,-9999 ,  316,   9.2,   5.8
17-Jan-2018 05:00, 7.211,-9999 ,  27.4,-9999.0,-0.033,-9999 ,  265,   7.6,   4.9
17-Jan-2018 06:00, 6.058,-9999 ,  27.5,-9999.0, 0.066,-9999 ,  286,   6.5,   2.9
17-Jan-2018 07:00, 4.810,-9999 ,  28.1,-9999.0, 0.121,-9999 ,  250,   6.3,   4.2
17-Jan-2018 08:00, 3.630,-9999 ,  28.6,-9999.0, 0.098,-9999 ,  278,   4.9,   2.2
17-Jan-2018 09:00, 2.838,-9999 ,  28.6,-9999.0, 0.097,-9999 ,  310,   3.3,   0.6
17-Jan-2018 10:00, 2.918,-9999 ,  28.7,-9999.0, 0.093,-9999 ,  264,   2.2,   0.8
17-Jan-2018 11:00, 3.979,-9999 ,  28.4,-9999.0, 0.106,-9999 ,  332,   1.7,   1.1
17-Jan-2018 12:00, 5.456,-9999 ,  28.3,-9999.0, 0.104,-9999 ,  339,   2.0,   1.2
17-Jan-2018 13:00, 6.981,-9999 ,  28.1,-9999.0, 0.088,-9999 ,    6,   2.6,   2.3
17-Jan-2018 14:00, 8.319,-9999 ,  27.9,-9999.0, 0.104,-9999 ,    9,   3.6,   3.2
17-Jan-2018 15:00, 9.053,-9999 ,  27.8,-9999.0, 0.073,-9999 ,  341,   3.5,   1.6
17-Jan-2018 16:00, 8.783,-9999 ,  28.0,-9999.0,-0.003,-9999 ,  343,   3.2,   2.7
17-Jan-2018 17:00, 7.656,-9999 ,  27.4,-9999.0,-0.070,-9999 ,   28,   3.2,   2.9
17-Jan-2018 18:00, 6.284,-9999 ,  27.1,-9999.0,-0.003,-9999 ,    5,   3.6,   2.9
17-Jan-2018 19:00, 4.805,-9999 ,  26.8,-9999.0, 0.103,-9999 ,   15,   3.8,   3.2
17-Jan-2018 20:00, 3.328,-9999 ,  26.9,-9999.0, 0.113,-9999 ,    5,   4.0,   3.3
17-Jan-2018 21:00, 2.196,-9999 ,  27.6,-9999.0, 0.100,-9999 ,  348,   4.5,   2.9
17-Jan-2018 22:00, 1.954,-9999 ,  27.9,-9999.0, 0.122,-9999 ,  324,   3.6,   2.8
17-Jan-2018 23:00, 2.858,-9999 ,  28.9,-9999.0, 0.171,-9999 ,  302,   4.8,   4.0
18-Jan-2018 00:00, 4.277,-9999 ,  29.2,-9999.0, 0.141,-9999 ,  278,   5.3,   3.4
18-Jan-2018 01:00, 5.824,-9999 ,  29.4,-9999.0, 0.070,-9999 ,  257,   4.9,   3.4
18-Jan-2018 02:00, 7.378,-9999 ,  29.5,-9999.0, 0.074,-9999 ,  240,   4.7,   2.3
18-Jan-2018 03:00, 8.560,-9999 ,  29.5,-9999.0, 0.105,-9999 ,  243,   4.6,   3.0
18-Jan-2018 04:00, 8.788,-9999 ,  29.7,-9999.0, 0.070,-9999 ,  254,   5.0,   3.1
18-Jan-2018 05:00, 8.004,-9999 ,  29.7, 1004.5, 0.033,-0.042,  315,   7.4,   5.1
18-Jan-2018 06:00, 6.784,-9999 ,  30.0, 1003.8, 0.055,-0.034,  284,   7.7,   5.7
18-Jan-2018 07:00, 5.429,-9999 ,  29.9, 1003.3, 0.099, 0.004,  280,   8.0,   6.6
18-Jan-2018 08:00, 4.051,-9999 ,  30.0, 1002.9, 0.085,-0.015,  290,   8.6,   7.5
18-Jan-2018 09:00, 2.908,-9999 ,  30.0, 1003.4, 0.056,-0.047,  336,   9.0,   7.6
18-Jan-2018 10:00, 2.408,-9999 ,  29.8, 1004.2, 0.026,-0.071,   35,   9.7,   5.2
18-Jan-2018 11:00, 3.060,-9999 ,  29.6, 1004.1, 0.024,-0.066,  293,   6.7,   2.9
18-Jan-2018 12:00, 4.569,-9999 ,  29.7, 1005.2, 0.097, 0.006,  250,   7.9,   6.3
18-Jan-2018 13:00, 6.267,-9999 ,  29.7, 1006.1, 0.133, 0.054,  232,   7.8,   6.8
18-Jan-2018 14:00, 7.853,-9999 ,  30.0, 1005.5, 0.136, 0.065,  252,   7.9,   6.3
18-Jan-2018 15:00, 9.011,-9999 ,  29.5, 1005.1, 0.133, 0.056,  260,   7.0,   5.1
18-Jan-2018 16:00, 9.296,-9999 ,  29.5, 1005.0, 0.105, 0.024,  298,   5.9,   3.6
18-Jan-2018 17:00, 8.460,-9999 ,  29.6, 1004.5, 0.013,-0.069,  284,   5.9,   4.9
18-Jan-2018 18:00, 7.014,-9999 ,  29.4, 1003.9,-0.069,-0.156,  300,   5.7,   4.2
18-Jan-2018 19:00, 5.486,-9999 ,  29.3, 1004.0,-0.014,-0.107,  300,   5.8,   3.2
18-Jan-2018 20:00, 3.942,-9999 ,  29.5, 1005.1, 0.078,-0.013,  135,   3.9,   0.4
18-Jan-2018 21:00, 2.557,-9999 ,  27.8, 1005.6, 0.096, 0.015,  101,   9.9,   8.1
18-Jan-2018 22:00, 1.711,-9999 ,  27.4, 1006.8, 0.050,-0.025,   92,  10.3,   7.8
18-Jan-2018 23:00, 2.076,-9999 ,  27.5, 1006.7, 0.067, 0.003,   82,   8.7,   4.3
19-Jan-2018 00:00, 3.443,-9999 ,  27.9, 1006.4, 0.117, 0.052,   90,   7.4,   2.0
19-Jan-2018 01:00, 5.047,-9999 ,  28.7, 1006.1, 0.073, 0.004,  156,   3.1,   1.2
19-Jan-2018 02:00, 6.717,-9999 ,  29.0, 1005.9, 0.041,-0.030,  233,   3.5,   2.7
19-Jan-2018 03:00, 8.211,-9999 ,  29.9, 1005.3, 0.074, 0.000,  295,   4.2,   0.9
19-Jan-2018 04:00, 9.007,-9999 ,  30.5, 1004.9, 0.110, 0.031,  292,   3.8,   2.2
19-Jan-2018 05:00, 8.657,-9999 ,  30.4, 1004.1, 0.090, 0.007,  303,   4.6,   3.4
19-Jan-2018 06:00, 7.483,-9999 ,  30.3, 1003.1, 0.043,-0.049,  294,   5.8,   5.1
19-Jan-2018 07:00, 6.114,-9999 ,  30.3, 1002.3, 0.061,-0.042,  311,   7.8,   6.8
19-Jan-2018 08:00, 4.662,-9999 ,  30.2, 1002.4, 0.082,-0.026,  256,   8.3,   5.6
19-Jan-2018 09:00, 3.306,-9999 ,  30.0, 1001.8, 0.064,-0.044,  269,   8.1,   6.3
19-Jan-2018 10:00, 2.368,-9999 ,  29.9, 1002.0, 0.034,-0.080,  255,   8.1,   6.0
19-Jan-2018 11:00, 2.461,-9999 ,  30.2, 1002.8, 0.041,-0.070,  266,   6.7,   4.0
19-Jan-2018 12:00, 3.719,-9999 ,  30.3, 1003.4, 0.099,-0.004,  260,   5.7,   4.6
19-Jan-2018 13:00, 5.415,-9999 ,  30.3, 1004.1, 0.131, 0.034,  290,   5.7,   4.2
19-Jan-2018 14:00, 7.152,-9999 ,  30.3, 1004.2, 0.150, 0.059,  291,   5.6,   4.4
19-Jan-2018 15:00, 8.647,-9999 ,  30.2, 1004.2, 0.176, 0.086,  280,   6.1,   4.6
19-Jan-2018 16:00, 9.401,-9999 ,  30.2, 1003.8, 0.141, 0.051,  273,   6.1,   4.2
19-Jan-2018 17:00, 9.101,-9999 ,  29.9, 1003.7, 0.126, 0.032,  294,   6.2,   3.1
19-Jan-2018 18:00, 7.836,-9999 ,  26.6, 1004.5, 0.049,-0.045,   81,  21.1,  15.3
19-Jan-2018 19:00, 6.205,-9999 ,  26.5, 1004.8,-0.068,-0.155,   96,  18.6,   7.1
19-Jan-2018 20:00, 4.521,-9999 ,  26.2, 1004.5,-0.113,-0.197,   80,   8.2,   1.8
19-Jan-2018 21:00, 3.025,-9999 ,  26.3, 1004.0,-0.037,-0.125,  352,   3.8,   2.6
19-Jan-2018 22:00, 1.855,-9999 ,  26.8, 1004.1,-0.035,-0.127,   41,   3.0,   2.3
19-Jan-2018 23:00, 1.619,-9999 ,  26.1, 1004.5,-0.020,-0.111,   40,   4.0,   1.9
20-Jan-2018 00:00, 2.706,-9999 ,  26.8, 1005.4, 0.097, 0.011,  182,   6.0,   3.5
20-Jan-2018 01:00, 4.390,-9999 ,  26.9, 1005.0, 0.188, 0.110,  204,   8.2,   5.3
20-Jan-2018 02:00, 6.110,-9999 ,  27.4, 1005.0, 0.177, 0.095,  202,   6.8,   3.5
20-Jan-2018 03:00, 7.696,-9999 ,  28.1, 1004.6, 0.109, 0.027,  204,   4.8,   2.6
20-Jan-2018 04:00, 8.821,-9999 ,  29.1, 1003.6, 0.062,-0.025,  243,   2.9,   1.8
20-Jan-2018 05:00, 8.993,-9999 ,  30.2, 1003.0, 0.052,-0.044,  224,   3.2,   1.0
20-Jan-2018 06:00, 8.159,-9999 ,-9999 , 1002.0, 0.080,-0.022,  287,   5.9,   4.3
20-Jan-2018 07:00, 6.828,-9999 ,  29.9, 1001.2, 0.076,-0.037,  263,   7.2,   5.8
20-Jan-2018 08:00, 5.382,-9999 ,  29.9, 1000.5, 0.086,-0.034,  259,   7.0,   6.2
20-Jan-2018 09:00, 3.940,-9999 ,  30.2, 1000.5, 0.111,-0.016,  253,   7.4,   6.0
20-Jan-2018 10:00, 2.693,-9999 ,  30.2, 1001.2, 0.058,-0.069,  254,   7.3,   5.6
20-Jan-2018 11:00, 2.187,-9999 ,  30.0, 1002.0, 0.025,-0.094,  259,   6.4,   5.3
20-Jan-2018 12:00, 2.986,-9999 ,  30.0, 1002.7, 0.088,-0.024,  263,   6.9,   5.0
20-Jan-2018 13:00, 4.603,-9999 ,  29.8, 1004.1, 0.157, 0.053,  355,   5.3,   2.9
20-Jan-2018 14:00, 6.376,-9999 ,  25.6, 1004.6, 0.206, 0.116,   42,  14.6,  10.8
20-Jan-2018 15:00, 7.975,-9999 ,  27.2, 1004.1, 0.169, 0.083,  352,  12.2,   4.3
20-Jan-2018 16:00, 9.065,-9999 ,  28.1, 1003.3, 0.084,-0.008,  319,   5.8,   3.5
20-Jan-2018 17:00, 9.246,-9999 ,  28.8, 1002.5, 0.024,-0.075,  338,   8.1,   6.3
20-Jan-2018 18:00, 8.401,-9999 ,  28.8, 1001.9, 0.027,-0.082,    2,   8.1,   6.1
20-Jan-2018 19:00, 6.975,-9999 ,  29.0, 1003.0, 0.019,-0.092,  271,   6.7,   3.1
20-Jan-2018 20:00, 5.462,-9999 ,  29.1, 1002.7, 0.056,-0.046,  297,   4.0,   3.0
20-Jan-2018 21:00, 3.893,-9999 ,  27.5, 1003.3, 0.090,-0.014,  183,   9.3,   7.4
20-Jan-2018 22:00, 2.512,-9999 ,  27.8, 1003.5, 0.091,-0.007,  179,  10.0,   6.2
20-Jan-2018 23:00, 1.751,-9999 ,  27.8, 1003.3, 0.077,-0.020,  152,   7.1,   3.1
21-Jan-2018 00:00, 2.189,-9999 ,  27.9, 1003.4, 0.093,-0.006,  119,   4.8,   2.1
21-Jan-2018 01:00, 3.619,-9999 ,  28.4, 1003.7, 0.120, 0.022,  139,   3.2,   1.0
21-Jan-2018 02:00, 5.327,-9999 ,  28.9, 1003.7, 0.150, 0.056,  170,   2.5,   1.3
21-Jan-2018 03:00, 7.022,-9999 ,  30.2, 1002.9, 0.147, 0.052,  228,   2.1,   0.9
21-Jan-2018 04:00, 8.441,-9999 ,  29.7, 1002.4, 0.119, 0.015,  270,   4.4,   3.2
21-Jan-2018 05:00, 9.103,-9999 ,  30.3, 1002.0, 0.093,-0.015,  288,   4.7,   2.8
21-Jan-2018 06:00, 8.609,-9999 ,  29.9, 1001.3, 0.024,-0.088,  281,   5.4,   4.5
21-Jan-2018 07:00, 7.446,-9999 ,  30.1, 1000.5, 0.051,-0.069,  291,   6.6,   5.7
21-Jan-2018 08:00, 6.066,-9999 ,  30.6, 1000.0, 0.060,-0.068,  307,   7.1,   5.6
21-Jan-2018 09:00, 4.618,-9999 ,  30.5, 1000.3, 0.076,-0.056,  311,   7.7,   5.5
21-Jan-2018 10:00, 3.307,-9999 ,  30.3, 1001.2, 0.118,-0.010,  307,   6.6,   5.1
21-Jan-2018 11:00, 2.384,-9999 ,  30.1, 1002.0, 0.072,-0.047,  311,   5.8,   3.8
21-Jan-2018 12:00, 2.528,-9999 ,  30.0, 1002.4, 0.079,-0.032,  321,   4.3,   3.2
21-Jan-2018 13:00, 3.831,-9999 ,  29.9, 1003.0, 0.139, 0.032,  320,   5.0,   2.4
21-Jan-2018 14:00, 5.497,-9999 ,  29.9, 1003.0, 0.162, 0.060,  312,   4.5,   2.8
21-Jan-2018 15:00, 7.108,-9999 ,  29.8, 1002.8, 0.134, 0.032,  313,   4.5,   2.9
21-Jan-2018 16:00, 8.470,-9999 ,  29.7, 1002.3, 0.091,-0.013,  331,   4.8,   3.4
21-Jan-2018 17:00, 9.193,-9999 ,  29.6, 1001.8, 0.091,-0.019,  335,   5.7,   3.7
21-Jan-2018 18:00, 8.795,-9999 ,  29.6, 1001.7, 0.037,-0.077,  324,   4.4,   3.5
21-Jan-2018 19:00, 7.563,-9999 ,  29.6, 1001.8, 0.011,-0.104,  317,   5.2,   2.1
21-Jan-2018 20:00, 6.180,-9999 ,  29.6, 1001.7, 0.086,-0.029,  298,   4.8,   3.5
21-Jan-2018 21:00, 4.701,-9999 ,  29.5, 1002.2, 0.118, 0.003,  306,   5.5,   4.2
21-Jan-2018 22:00, 3.280,-9999 ,  29.6, 1002.9, 0.145, 0.037,  299,   6.4,   4.8
21-Jan-2018 23:00, 2.239,-9999 ,  29.7, 1003.0, 0.150, 0.047,  292,   6.5,   5.2
22-Jan-2018 00:00, 2.113,-9999 ,  30.0, 1003.4, 0.183, 0.082,  301,   6.9,   5.7
22-Jan-2018 01:00, 3.136,-9999 ,  30.1, 1003.5, 0.210, 0.112,  286,   7.3,   5.8
22-Jan-2018 02:00, 4.655,-9999 ,  30.2, 1003.4, 0.169, 0.072,  286,   7.2,   5.7
22-Jan-2018 03:00, 6.208,-9999 ,  30.3, 1002.9, 0.101, 0.003,  288,   7.7,   6.1
22-Jan-2018 04:00, 7.662,-9999 ,  30.2, 1002.5, 0.015,-0.088,  294,   7.7,   5.6
22-Jan-2018 05:00, 8.776,-9999 ,  30.2, 1002.0, 0.054,-0.053,  285,   7.9,   6.0
22-Jan-2018 06:00, 8.925,-9999 ,  30.3, 1001.0, 0.089,-0.024,  288,   8.6,   6.8
22-Jan-2018 07:00, 8.035,-9999 ,  30.1, 1000.3, 0.075,-0.047,  290,   8.5,   6.6
22-Jan-2018 08:00, 6.803,-9999 ,  30.3,  999.8, 0.141, 0.011,  302,   8.0,   6.7
22-Jan-2018 09:00, 5.491,-9999 ,  30.3,  999.3, 0.204, 0.071,  293,   8.6,   6.6
22-Jan-2018 10:00, 4.106,-9999 ,  30.0,  998.6, 0.200, 0.060,  291,  10.1,   7.9
22-Jan-2018 11:00, 2.942,-9999 ,  30.0, 1001.7, 0.141,-0.002,  317,   9.1,   4.8
22-Jan-2018 12:00, 2.417,-9999 ,  22.7, 1003.9, 0.013,-0.099,   24,  31.1,   8.2
22-Jan-2018 13:00, 3.096,-9999 ,  26.1, 1003.8,-0.025,-0.116,   32,  11.9,   9.0
22-Jan-2018 14:00, 4.589,-9999 ,  26.3, 1002.0, 0.019,-0.077,  341,  11.3,   9.1
22-Jan-2018 15:00, 6.178,-9999 ,  28.0, 1002.1, 0.071,-0.041,  348,   9.2,   4.9
22-Jan-2018 16:00, 7.580,-9999 ,  26.3, 1002.0, 0.039,-0.072,  353,   8.7,   6.0
22-Jan-2018 17:00, 8.614,-9999 ,  27.1, 1001.3, 0.027,-0.085,  325,   7.5,   2.6
22-Jan-2018 18:00, 8.854,-9999 ,  28.1, 1001.2, 0.061,-0.058,  316,   8.8,   6.4
22-Jan-2018 19:00, 8.130,-9999 ,  28.6, 1001.4, 0.124, 0.005,  307,   8.3,   4.3
22-Jan-2018 20:00, 6.882,-9999 ,  29.2, 1001.7, 0.181, 0.064,  281,   5.9,   4.5
22-Jan-2018 21:00, 5.471,-9999 ,  29.3, 1002.0, 0.152, 0.038,  276,   5.4,   3.1
22-Jan-2018 22:00, 4.044,-9999 ,  29.6, 1002.7, 0.109,-0.003,  277,   4.6,   3.9
22-Jan-2018 23:00, 2.838,-9999 ,  30.1, 1003.3, 0.070,-0.034,  243,   5.0,   4.2
23-Jan-2018 00:00, 2.257,-9999 ,  30.2, 1003.7, 0.072,-0.027,  230,   5.9,   4.9
23-Jan-2018 01:00, 2.791,-9999 ,  30.2, 1003.7, 0.181, 0.086,  236,   6.9,   5.2
23-Jan-2018 02:00, 4.079,-9999 ,  30.3, 1003.3, 0.181, 0.086,  237,   6.5,   5.7
23-Jan-2018 03:00, 5.503,-9999 ,  30.5, 1002.8, 0.113, 0.014,  252,   6.9,   5.4
23-Jan-2018 04:00, 6.876,-9999 ,  30.7, 1002.2, 0.020,-0.084,  276,   6.6,   5.4
23-Jan-2018 05:00, 8.053,-9999 ,  30.7, 1001.6,-0.060,-0.170,  286,   7.7,   6.4
23-Jan-2018 06:00, 8.717,-9999 ,  30.6, 1001.0, 0.001,-0.115,  287,   8.7,   7.6
23-Jan-2018 07:00, 8.368,-9999 ,  30.7, 1000.6, 0.033,-0.089,  291,   9.1,   7.2
23-Jan-2018 08:00, 7.315,-9999 ,  30.8, 1000.5, 0.058,-0.067,  285,   9.8,   7.6
23-Jan-2018 09:00, 6.128,-9999 ,  30.5, 1000.5, 0.135, 0.008,  288,   9.6,   7.9
23-Jan-2018 10:00, 4.839,-9999 ,  30.3, 1000.6, 0.144, 0.016,  288,   9.6,   6.5
23-Jan-2018 11:00, 3.640,-9999 ,  30.2, 1001.3, 0.125, 0.000,  278,   9.0,   6.7
23-Jan-2018 12:00, 2.855,-9999 ,  30.1, 1001.9, 0.077,-0.042,  279,   8.5,   5.7
23-Jan-2018 13:00, 2.972,-9999 ,  30.3, 1003.2, 0.080,-0.031,  246,   7.1,   4.8
23-Jan-2018 14:00, 4.030,-9999 ,  30.2, 1003.2, 0.097,-0.002,  265,   8.1,   5.8
23-Jan-2018 15:00, 5.365,-9999 ,  30.1, 1002.7, 0.067,-0.033,  284,   8.2,   6.0
23-Jan-2018 16:00, 6.635,-9999 ,  29.9, 1002.0, 0.019,-0.086,  297,   8.1,   5.8
23-Jan-2018 17:00, 7.735,-9999 ,  29.8, 1001.3,-0.019,-0.132,  286,   8.7,   6.6
23-Jan-2018 18:00, 8.357,-9999 ,  29.9, 1000.9,-0.027,-0.147,  268,   9.2,   6.1
23-Jan-2018 19:00, 8.177,-9999 ,  29.8, 1000.7, 0.019,-0.104,  277,   9.0,   5.4
23-Jan-2018 20:00, 7.262,-9999 ,  29.6, 1000.7, 0.071,-0.054,  302,   7.7,   5.5
23-Jan-2018 21:00, 6.056,-9999 ,  29.6, 1001.0, 0.081,-0.043,  301,   7.8,   6.0
23-Jan-2018 22:00, 4.836,-9999 ,  29.7, 1001.4, 0.097,-0.024,  297,   8.1,   6.3
23-Jan-2018 23:00, 3.720,-9999 ,  29.8, 1001.9, 0.130, 0.013,  290,   9.3,   7.4
24-Jan-2018 00:00, 2.918,-9999 ,  30.1, 1002.0, 0.123, 0.011,  277,  10.5,   8.3
24-Jan-2018 01:00, 2.820,-9999 ,  30.2, 1002.1, 0.127, 0.015,  276,  10.2,   7.8
24-Jan-2018 02:00, 3.591,-9999 ,  30.3, 1002.0, 0.104,-0.007,  279,   9.7,   7.7
24-Jan-2018 03:00, 4.795,-9999 ,  30.3, 1001.4, 0.036,-0.077,  266,   9.7,   6.8
24-Jan-2018 04:00, 6.067,-9999 ,  30.5, 1000.8,-0.003,-0.121,  275,   9.3,   7.1
24-Jan-2018 05:00, 7.295,-9999 ,  30.7, 1000.0,-0.011,-0.138,  279,   9.2,   7.3
24-Jan-2018 06:00, 8.236,-9999 ,  30.7,  999.6, 0.036,-0.094,  284,   9.5,   7.6
24-Jan-2018 07:00, 8.429,-9999 ,-9999 ,-9999.0, 0.066,-9999 ,-9999,   8.8,-9999
24-Jan-2018 08:00, 7.771,-9999 ,-9999 ,-9999.0, 0.069,-9999 ,-9999,-9999 ,-9999
24-Jan-2018 09:00, 6.701,-9999 ,-9999 ,-9999.0, 0.086,-9999 ,-9999,-9999 ,-9999
24-Jan-2018 10:00, 5.534,-9999 ,-9999 ,-9999.0, 0.107,-9999 ,-9999,-9999 ,-9999
24-Jan-2018 11:00, 4.395,-9999 ,-9999 ,-9999.0, 0.129,-9999 ,-9999,-9999 ,-9999
24-Jan-2018 12:00, 3.502,-9999 ,-9999 ,-9999.0, 0.133,-9999 ,-9999,-9999 ,-9999
24-Jan-2018 13:00, 3.147,-9999 ,-9999 ,-9999.0, 0.125,-9999 ,-9999,-9999 ,-9999
24-Jan-2018 14:00, 3.594,-9999 ,-9999 ,-9999.0, 0.116,-9999 ,-9999,-9999 ,-9999
24-Jan-2018 15:00, 4.619,-9999 ,-9999 ,-9999.0, 0.088,-9999 ,-9999,-9999 ,-9999
24-Jan-2018 16:00, 5.738,-9999 ,-9999 ,-9999.0, 0.045,-9999 ,-9999,-9999 ,-9999
24-Jan-2018 17:00, 6.787,-9999 ,-9999 ,-9999.0, 0.002,-9999 ,-9999,-9999 ,-9999
24-Jan-2018 18:00, 7.595,-9999 ,-9999 ,-9999.0,-0.022,-9999 ,-9999,-9999 ,-9999
24-Jan-2018 19:00, 7.862,-9999 ,-9999 ,-9999.0,-0.027,-9999 ,-9999,-9999 ,-9999
24-Jan-2018 20:00, 7.421,-9999 ,-9999 ,-9999.0,-0.020,-9999 ,-9999,-9999 ,-9999
24-Jan-2018 21:00, 6.516,-9999 ,-9999 ,-9999.0,-0.014,-9999 ,-9999,-9999 ,-9999
24-Jan-2018 22:00, 5.495,-9999 ,-9999 ,-9999.0, 0.003,-9999 ,-9999,-9999 ,-9999
24-Jan-2018 23:00, 4.565,-9999 ,  30.0,  999.3, 0.099,-0.056,  320,   5.1,   3.8
25-Jan-2018 00:00, 3.785,-9999 ,  30.3, 1000.0, 0.161, 0.031,  302,   6.1,   4.7
25-Jan-2018 01:00, 3.337,-9999 ,  30.7,  999.8, 0.144, 0.010,  306,   7.0,   5.5
25-Jan-2018 02:00, 3.517,-9999 ,  30.5,  999.6, 0.101,-0.032,  316,   7.2,   5.4
25-Jan-2018 03:00, 4.312,-9999 ,  30.9,  999.4, 0.051,-0.085,  285,   8.3,   5.3
25-Jan-2018 04:00, 5.350,-9999 ,  30.6,  999.1, 0.011,-0.126,  292,   7.0,   5.5
25-Jan-2018 05:00, 6.455,-9999 ,  30.6,  998.6, 0.015,-0.126,  287,   7.9,   6.1
25-Jan-2018 06:00, 7.468,-9999 ,  30.6,  998.1, 0.062,-0.084,  308,   9.3,   7.9
25-Jan-2018 07:00, 8.014,-9999 ,  30.9,  997.6, 0.056,-0.095,  301,   9.6,   7.9
25-Jan-2018 08:00, 7.838,-9999 ,  30.8,  996.6,-0.019,-0.176,  307,   9.5,   7.3
25-Jan-2018 09:00, 7.194,-9999 ,  30.6,  996.9, 0.004,-0.162,  322,   9.3,   7.6
25-Jan-2018 10:00, 6.345,-9999 ,  30.6,  997.1, 0.087,-0.076,  321,   9.9,   8.0
25-Jan-2018 11:00, 5.396,-9999 ,  30.4,  997.9, 0.142,-0.018,  315,   9.2,   7.4
25-Jan-2018 12:00, 4.498,-9999 ,  30.3,  998.6, 0.147,-0.004,  320,  10.5,   8.3
25-Jan-2018 13:00, 3.891,-9999 ,  30.2,  998.8, 0.142,-0.003,  322,  10.9,   8.0
25-Jan-2018 14:00, 3.795,-9999 ,  30.2,  999.3, 0.144, 0.001,  310,  10.9,   8.8
25-Jan-2018 15:00, 4.296,-9999 ,  30.1,  999.0, 0.176, 0.037,  307,  11.7,   8.6
25-Jan-2018 16:00, 5.078,-9999 ,  30.2,  998.3, 0.181, 0.039,  293,  12.4,  10.1
25-Jan-2018 17:00, 5.864,-9999 ,  30.1,  997.8, 0.114,-0.035,  291,  12.4,   8.8
25-Jan-2018 18:00, 6.599,-9999 ,  30.0,  997.5, 0.050,-0.104,  288,  12.3,   8.3
25-Jan-2018 19:00, 7.128,-9999 ,  30.1,  997.6, 0.029,-0.127,  288,  12.4,   9.7
25-Jan-2018 20:00, 7.244,-9999 ,  30.3,  998.3, 0.047,-0.108,  253,  12.7,  10.4
25-Jan-2018 21:00, 6.812,-9999 ,  30.5,  999.1,-0.005,-0.152,  229,  12.1,   9.6
25-Jan-2018 22:00, 6.095,-9999 ,  30.3,  998.8,-0.048,-0.189,  262,  10.6,   7.0
25-Jan-2018 23:00, 5.384,-9999 ,  30.4,  999.0, 0.046,-0.097,  260,   8.8,   6.6
26-Jan-2018 00:00, 4.694,-9999 ,  30.4,  999.1, 0.129,-0.013,  293,   8.3,   6.0
26-Jan-2018 01:00, 4.093,-9999 ,  30.6,  998.8, 0.094,-0.047,  315,   9.0,   6.8
26-Jan-2018 02:00, 3.890,-9999 ,  31.3,  999.6, 0.094,-0.048,  337,  10.9,   7.2
26-Jan-2018 03:00, 4.217,-9999 ,  31.3,  998.6, 0.149, 0.012,  342,  10.1,   7.3
26-Jan-2018 04:00, 4.922,-9999 ,  30.9,  998.1, 0.210, 0.065,  345,  10.9,   8.1
26-Jan-2018 05:00, 5.787,-9999 ,  31.0,  997.8, 0.230, 0.078,  344,  11.1,   7.5
26-Jan-2018 06:00, 6.531,-9999 ,  30.6,  997.6, 0.075,-0.077,  317,  10.4,   8.3
26-Jan-2018 07:00, 7.134,-9999 ,  30.5,  996.3,-0.054,-0.211,  316,  10.9,   9.1
26-Jan-2018 08:00, 7.540,-9999 ,  30.6,  996.1,-0.001,-0.170,  302,  11.8,  10.3
26-Jan-2018 09:00, 7.460,-9999 ,  30.5,  996.6, 0.035,-0.135,  304,  11.3,   8.4
26-Jan-2018 10:00, 6.944,-9999 ,  30.4,  997.3, 0.018,-0.146,  307,  10.2,   7.8
26-Jan-2018 11:00, 6.225,-9999 ,  30.3,  997.3, 0.047,-0.112,  301,   9.9,   7.9
26-Jan-2018 12:00, 5.483,-9999 ,  30.3,  998.5, 0.119,-0.038,  299,  10.2,   7.2
26-Jan-2018 13:00, 4.847,-9999 ,  30.3,  999.6, 0.180, 0.034,  308,   8.3,   5.3
26-Jan-2018 14:00, 4.319,-9999 ,  26.2, 1000.3, 0.096,-0.038,   80,  20.7,   6.7
26-Jan-2018 15:00, 4.229,-9999 ,  27.3,  998.6, 0.109,-0.021,  351,  13.4,   9.6
26-Jan-2018 16:00, 4.581,-9999 ,  27.9,  997.6, 0.251, 0.104,  336,  13.3,  11.1
26-Jan-2018 17:00, 5.022,-9999 ,  28.9,  996.6, 0.234, 0.077,  313,  15.4,  10.8
26-Jan-2018 18:00, 5.485,-9999 ,  29.3,  996.5, 0.073,-0.093,  298,  14.3,   9.2
26-Jan-2018 19:00, 6.020,-9999 ,  30.1,  996.6,-0.012,-0.179,  294,  14.3,  10.1
26-Jan-2018 20:00, 6.537,-9999 ,  30.1,  997.0, 0.063,-0.101,  290,  15.1,  11.7
26-Jan-2018 21:00, 6.783,-9999 ,  30.1,  996.1, 0.148,-0.015,  287,  15.4,  11.3
26-Jan-2018 22:00, 6.735,-9999 ,  30.3,  998.1, 0.223, 0.054,  278,  16.5,   9.8
26-Jan-2018 23:00, 6.139,-9999 ,  24.2, 1001.3, 0.018,-0.129,  156,  20.5,  11.2
27-Jan-2018 00:00, 5.390,-9999 ,  25.2, 1001.5,-0.169,-0.286,   20,  11.7,   1.3
27-Jan-2018 01:00, 4.949,-9999 ,  24.0, 1000.4,-0.045,-0.163,  156,   8.3,   3.0
27-Jan-2018 02:00, 4.623,-9999 ,  25.1, 1000.5, 0.064,-0.063,  339,   7.2,   5.0
27-Jan-2018 03:00, 4.457,-9999 ,  25.8,  998.8, 0.099,-0.029,  326,   8.3,   6.2
27-Jan-2018 04:00, 4.487,-9999 ,  26.2,  997.4, 0.069,-0.076,  332,   9.1,   7.8
27-Jan-2018 05:00, 4.858,-9999 ,  27.1,  996.6, 0.087,-0.071,  329,  10.2,   7.8
27-Jan-2018 06:00, 5.493,-9999 ,  27.9,  996.5, 0.084,-0.081,  316,   9.4,   5.8
27-Jan-2018 07:00, 6.208,-9999 ,  28.7,  996.1, 0.054,-0.112,  300,   9.3,   7.3
27-Jan-2018 08:00, 6.829,-9999 ,  28.6,  995.8, 0.048,-0.123,  312,   9.4,   6.8
27-Jan-2018 09:00, 7.247,-9999 ,  28.3,  996.1, 0.095,-0.079,  300,  10.1,   7.6
27-Jan-2018 10:00, 7.341,-9999 ,  28.5,  996.8, 0.108,-0.061,  302,   9.6,   6.3
27-Jan-2018 11:00, 7.031,-9999 ,  28.7,  997.3, 0.045,-0.118,  311,   9.5,   7.1
27-Jan-2018 12:00, 6.470,-9999 ,  28.9,  997.3, 0.021,-0.137,  315,  10.2,   6.9
27-Jan-2018 13:00, 5.825,-9999 ,  29.3,  996.9, 0.032,-0.127,  305,  10.0,   7.2
27-Jan-2018 14:00, 5.281,-9999 ,  29.6,  996.8, 0.115,-0.048,  299,  12.1,   9.4
27-Jan-2018 15:00, 4.874,-9999 ,  29.8,  996.6, 0.205, 0.042,  297,  13.7,  10.1
27-Jan-2018 16:00, 4.501,-9999 ,  29.9,  995.6, 0.195, 0.028,  301,  13.5,  10.5
27-Jan-2018 17:00, 4.377,-9999 ,  29.3,  995.3, 0.235, 0.059,  304,  14.4,   8.4
27-Jan-2018 18:00, 4.663,-9999 ,  26.3,  994.8, 0.347, 0.169,  285,  16.7,  11.5
27-Jan-2018 19:00, 5.098,-9999 ,  29.7,  994.5, 0.310, 0.127,  274,  14.5,  11.0
27-Jan-2018 20:00, 5.464,-9999 ,  27.2,  995.1, 0.089,-0.097,  222,  21.6,   6.0
27-Jan-2018 21:00, 5.808,-9999 ,  25.9,  995.3,-0.105,-0.285,  200,  20.3,   9.9
27-Jan-2018 22:00, 6.184,-9999 ,  25.8,  996.0,-0.156,-0.332,  219,  12.1,   9.3
27-Jan-2018 23:00, 6.524,-9999 ,  27.1,  995.6,-0.038,-0.211,  248,  11.0,   8.6
28-Jan-2018 00:00, 6.540,-9999 ,  27.1,  996.3, 0.076,-0.098,  252,  12.9,   9.7
28-Jan-2018 01:00, 6.161,-9999 ,  27.6,  995.6, 0.061,-0.109,  285,  12.0,   6.1
28-Jan-2018 02:00, 5.673,-9999 ,  28.8,  995.5, 0.084,-0.091,  312,   6.0,   4.4
28-Jan-2018 03:00, 5.194,-9999 ,  29.0,  994.8, 0.106,-0.071,  312,   8.9,   7.6
28-Jan-2018 04:00, 4.731,-9999 ,  30.2,  994.1, 0.061,-0.122,  289,  10.9,   8.3
28-Jan-2018 05:00, 4.536,-9999 ,  30.7,  993.3, 0.137,-0.054,  256,  11.8,   9.1
28-Jan-2018 06:00, 4.743,-9999 ,  30.6,  992.8, 0.267, 0.068,  283,  12.3,   9.5
28-Jan-2018 07:00, 5.225,-9999 ,  30.1,  992.1, 0.278, 0.074,  288,  13.7,  11.3
28-Jan-2018 08:00, 5.831,-9999 ,  30.2,  991.6, 0.176,-0.034,  292,  15.2,  10.8
28-Jan-2018 09:00, 6.440,-9999 ,  30.0,  991.8, 0.076,-0.139,  288,  16.2,  11.6
28-Jan-2018 10:00, 6.987,-9999 ,  30.0,  992.1, 0.033,-0.180,  295,  15.1,  10.5
28-Jan-2018 11:00, 7.375,-9999 ,  30.0,  992.6, 0.029,-0.180,  293,  14.4,  10.7
28-Jan-2018 12:00, 7.517,-9999 ,  29.8,  992.8, 0.143,-0.062,  298,  17.5,  12.1
28-Jan-2018 13:00, 7.248,-9999 ,  29.6,  992.8, 0.229, 0.026,  293,  16.4,  13.3
28-Jan-2018 14:00, 6.544,-9999 ,  28.4,  992.3, 0.157,-0.047,  301,  15.8,  10.2
28-Jan-2018 15:00, 5.746,-9999 ,  28.8,  992.3, 0.102,-0.106,  297,  14.6,   8.9
28-Jan-2018 16:00, 5.313,-9999 ,  25.5,  991.3, 0.419, 0.209,  263,  25.9,  17.4
28-Jan-2018 17:00, 4.610,-9999 ,  25.5,  990.8, 0.464, 0.247,  280,  23.2,  18.6
28-Jan-2018 18:00, 3.837,-9999 ,  27.6,  989.3, 0.204,-0.021,  284,  23.2,  17.1
28-Jan-2018 19:00, 3.842,-9999 ,  26.0,  989.4, 0.250, 0.013,  284,  23.4,  16.9
28-Jan-2018 20:00, 4.343,-9999 ,  26.3,  989.1, 0.305, 0.067,  287,  23.3,  15.3
28-Jan-2018 21:00, 4.938,-9999 ,  27.0,  990.1, 0.162,-0.076,  228,  22.9,  10.5
28-Jan-2018 22:00, 5.667,-9999 ,  25.4,  990.6, 0.084,-0.146,  247,  21.3,  12.9
28-Jan-2018 23:00, 6.583,-9999 ,  26.6,  990.6, 0.204,-0.020,  290,  21.2,  13.2
29-Jan-2018 00:00, 7.180,-9999 ,  27.8,  990.3, 0.225,-0.001,  292,  23.5,  15.2
29-Jan-2018 01:00, 7.480,-9999 ,  28.0,  990.6, 0.373, 0.146,  289,  20.8,  14.5
29-Jan-2018 02:00, 7.264,-9999 ,  27.9,  988.8, 0.475, 0.248,  280,  22.5,  14.0
29-Jan-2018 03:00, 6.386,-9999 ,  27.4,  988.5, 0.247, 0.004,  266,  20.7,  14.7
29-Jan-2018 04:00, 5.636,-9999 ,  26.1,  987.3, 0.232,-0.015,  257,  24.6,  18.3
29-Jan-2018 05:00, 4.932,-9999 ,  26.2,  986.8, 0.276, 0.017,  252,  24.3,  19.8
29-Jan-2018 06:00, 4.169,-9999 ,  26.7,  987.1, 0.101,-0.161,  262,  23.6,  17.0
29-Jan-2018 07:00, 3.938,-9999 ,  26.7,  986.6, 0.033,-0.227,  261,  20.9,  14.3
29-Jan-2018 08:00, 4.551,-9999 ,  25.8,  986.6, 0.258,-0.006,  270,  26.2,  16.1
29-Jan-2018 09:00, 5.536,-9999 ,  26.1,  986.6, 0.405, 0.139,  273,  29.5,  15.9
29-Jan-2018 10:00, 6.471,-9999 ,  25.0,  988.0, 0.360, 0.097,  279,  26.1,  16.1
29-Jan-2018 11:00, 7.231,-9999 ,  25.7,  987.8, 0.217,-0.035,  296,  27.3,  18.2
29-Jan-2018 12:00,-9999 ,-9999 ,  25.7,  988.8,-9999 ,-9999 ,  286,  29.6,  21.4
29-Jan-2018 13:00,-9999 ,-9999 ,-9999 ,-9999.0,-9999 ,-9999 ,-9999,  29.8,-9999
29-Jan-2018 14:00,-9999 ,-9999 ,-9999 ,-9999.0,-9999 ,-9999 ,-9999,-9999 ,-9999
29-Jan-2018 15:00,-9999 ,-9999 ,-9999 ,-9999.0,-9999 ,-9999 ,-9999,-9999 ,-9999
29-Jan-2018 16:00,-9999 ,-9999 ,-9999 ,-9999.0,-9999 ,-9999 ,-9999,-9999 ,-9999
29-Jan-2018 17:00,-9999 ,-9999 ,-9999 ,-9999.0,-9999 ,-9999 ,-9999,-9999 ,-9999
29-Jan-2018 18:00,-9999 ,-9999 ,-9999 ,-9999.0,-9999 ,-9999 ,-9999,-9999 ,-9999
29-Jan-2018 19:00,-9999 ,-9999 ,-9999 ,-9999.0,-9999 ,-9999 ,-9999,-9999 ,-9999
29-Jan-2018 20:00,-9999 ,-9999 ,-9999 ,-9999.0,-9999 ,-9999 ,-9999,-9999 ,-9999
29-Jan-2018 21:00,-9999 ,-9999 ,-9999 ,-9999.0,-9999 ,-9999 ,-9999,-9999 ,-9999
29-Jan-2018 22:00,-9999 ,-9999 ,-9999 ,-9999.0,-9999 ,-9999 ,-9999,-9999 ,-9999
29-Jan-2018 23:00,-9999 ,-9999 ,-9999 ,-9999.0,-9999 ,-9999 ,-9999,-9999 ,-9999
30-Jan-2018 00:00,-9999 ,-9999 ,-9999 ,-9999.0,-9999 ,-9999 ,-9999,-9999 ,-9999
30-Jan-2018 01:00,-9999 ,-9999 ,-9999 ,-9999.0,-9999 ,-9999 ,-9999,-9999 ,-9999
30-Jan-2018 02:00,-9999 ,-9999 ,-9999 ,-9999.0,-9999 ,-9999 ,-9999,-9999 ,-9999
30-Jan-2018 03:00,-9999 ,-9999 ,-9999 ,-9999.0,-9999 ,-9999 ,-9999,-9999 ,-9999
30-Jan-2018 04:00,-9999 ,-9999 ,-9999 ,-9999.0,-9999 ,-9999 ,-9999,-9999 ,-9999
30-Jan-2018 05:00,-9999 ,-9999 ,-9999 ,-9999.0,-9999 ,-9999 ,-9999,-9999 ,-9999
30-Jan-2018 06:00,-9999 ,-9999 ,-9999 ,-9999.0,-9999 ,-9999 ,-9999,-9999 ,-9999
30-Jan-2018 07:00,-9999 ,-9999 ,-9999 ,-9999.0,-9999 ,-9999 ,-9999,-9999 ,-9999
30-Jan-2018 08:00,-9999 ,-9999 ,-9999 ,-9999.0,-9999 ,-9999 ,-9999,-9999 ,-9999
30-Jan-2018 09:00,-9999 ,-9999 ,-9999 ,-9999.0,-9999 ,-9999 ,-9999,-9999 ,-9999
30-Jan-2018 10:00,-9999 ,-9999 ,-9999 ,-9999.0,-9999 ,-9999 ,-9999,-9999 ,-9999
30-Jan-2018 11:00,-9999 ,-9999 ,-9999 ,-9999.0,-9999 ,-9999 ,-9999,-9999 ,-9999
30-Jan-2018 12:00,-9999 ,-9999 ,-9999 ,-9999.0,-9999 ,-9999 ,-9999,-9999 ,-9999
30-Jan-2018 13:00,-9999 ,-9999 ,-9999 ,-9999.0,-9999 ,-9999 ,-9999,-9999 ,-9999
30-Jan-2018 14:00,-9999 ,-9999 ,-9999 ,-9999.0,-9999 ,-9999 ,-9999,-9999 ,-9999
30-Jan-2018 15:00,-9999 ,-9999 ,-9999 ,-9999.0,-9999 ,-9999 ,-9999,-9999 ,-9999
30-Jan-2018 16:00,-9999 ,-9999 ,-9999 ,-9999.0,-9999 ,-9999 ,-9999,-9999 ,-9999
30-Jan-2018 17:00,-9999 ,-9999 ,-9999 ,-9999.0,-9999 ,-9999 ,-9999,-9999 ,-9999
30-Jan-2018 18:00,-9999 ,-9999 ,-9999 ,-9999.0,-9999 ,-9999 ,-9999,-9999 ,-9999
30-Jan-2018 19:00,-9999 ,-9999 ,-9999 ,-9999.0,-9999 ,-9999 ,-9999,-9999 ,-9999
30-Jan-2018 20:00,-9999 ,-9999 ,-9999 ,-9999.0,-9999 ,-9999 ,-9999,-9999 ,-9999
30-Jan-2018 21:00,-9999 ,-9999 ,-9999 ,-9999.0,-9999 ,-9999 ,-9999,-9999 ,-9999
30-Jan-2018 22:00,-9999 ,-9999 ,-9999 ,-9999.0,-9999 ,-9999 ,-9999,-9999 ,-9999
30-Jan-2018 23:00,-9999 ,-9999 ,-9999 ,-9999.0,-9999 ,-9999 ,-9999,-9999 ,-9999
31-Jan-2018 00:00,-9999 ,-9999 ,-9999 ,-9999.0,-9999 ,-9999 ,-9999,-9999 ,-9999
31-Jan-2018 01:00,-9999 ,-9999 ,-9999 ,-9999.0,-9999 ,-9999 ,-9999,-9999 ,-9999
31-Jan-2018 02:00,-9999 ,-9999 ,-9999 ,-9999.0,-9999 ,-9999 ,-9999,-9999 ,-9999
31-Jan-2018 03:00,-9999 ,-9999 ,-9999 ,-9999.0,-9999 ,-9999 ,-9999,-9999 ,-9999
31-Jan-2018 04:00,-9999 ,-9999 ,-9999 ,-9999.0,-9999 ,-9999 ,-9999,-9999 ,-9999
31-Jan-2018 05:00, 6.681,-9999 ,  26.0,  997.3, 0.077,-0.082,  263,  13.2,   9.1
31-Jan-2018 06:00, 5.212,-9999 ,  26.9,  997.3, 0.093,-0.065,  291,  12.0,   9.7
31-Jan-2018 07:00, 4.011,-9999 ,  27.4,  997.0, 0.088,-0.071,  299,  14.6,   9.6
31-Jan-2018 08:00, 2.882,-9999 ,  27.6,  997.3, 0.103,-0.059,  299,  13.7,  10.4
31-Jan-2018 09:00, 2.532,-9999 ,  27.7,  997.9, 0.117,-0.041,  301,  13.5,   9.9
31-Jan-2018 10:00, 3.345,-9999 ,  27.7,  998.6, 0.155, 0.003,  299,  14.0,  10.6
31-Jan-2018 11:00, 4.875,-9999 ,  27.8,  999.6, 0.180, 0.036,  290,  14.9,   9.7
31-Jan-2018 12:00, 6.511,-9999 ,  28.0,  999.8, 0.159, 0.024,  293,  12.6,   9.6
31-Jan-2018 13:00, 8.031,-9999 ,-9999 , 1000.3, 0.105,-0.028,  293,  13.9,   9.7
31-Jan-2018 14:00, 9.138,-9999 ,-9999 , 1000.7, 0.040,-0.088,  279,  13.4,   9.5
31-Jan-2018 15:00, 9.366,-9999 ,-9999 , 1000.6,-0.019,-0.144,  264,  13.0,   8.5
31-Jan-2018 16:00, 8.534,-9999 ,-9999 , 1000.2,-0.068,-0.195,  264,  11.3,   8.5
31-Jan-2018 17:00, 7.140,-9999 ,-9999 ,  999.8,-0.067,-0.197,  267,  11.6,   8.1
31-Jan-2018 18:00, 5.615,-9999 ,-9999 ,  999.6, 0.004,-0.130,  276,  12.2,   9.3
31-Jan-2018 19:00, 4.012,-9999 ,-9999 ,  999.8, 0.067,-0.068,  196,  11.0,   5.1
31-Jan-2018 20:00, 2.487,-9999 ,  23.8, 1000.1, 0.084,-0.049,  175,   6.0,   4.4
31-Jan-2018 21:00, 1.461,-9999 ,  24.0, 1000.3, 0.072,-0.058,  166,   5.0,   3.0
31-Jan-2018 22:00, 1.676,-9999 ,  24.2, 1000.7, 0.066,-0.062,  169,   4.1,   3.3
31-Jan-2018 23:00, 3.015,-9999 ,  24.3, 1001.3, 0.076,-0.048,  146,   4.2,   3.1
01-Feb-2018 00:00, 4.682,-9999 ,  24.4, 1001.7, 0.012,-0.106,  112,   4.1,   2.8
01-Feb-2018 01:00, 6.480,-9999 ,  25.0, 1001.8,-0.032,-0.146,   89,   4.4,   3.4
01-Feb-2018 02:00, 8.175,-9999 ,  26.0, 1001.5,-0.032,-0.146,  120,   4.3,   3.4
01-Feb-2018 03:00, 9.174,-9999 ,  26.7, 1001.5,-0.005,-0.122,  131,   4.2,   3.2
01-Feb-2018 04:00, 8.886,-9999 ,  28.6, 1001.2,-0.046,-0.162,  342,   5.4,   2.3
01-Feb-2018 05:00, 7.712,-9999 ,  29.1, 1000.6,-0.060,-0.184,  337,   7.9,   5.1
01-Feb-2018 06:00, 6.311,-9999 ,  29.0, 1000.3, 0.008,-0.114,  310,   7.4,   3.6
01-Feb-2018 07:00, 4.799,-9999 ,-9999 ,-9999.0, 0.051,-9999 ,-9999,   6.4,-9999
01-Feb-2018 08:00, 3.298,-9999 ,-9999 ,-9999.0, 0.054,-9999 ,-9999,-9999 ,-9999
01-Feb-2018 09:00, 2.078,-9999 ,-9999 ,-9999.0, 0.035,-9999 ,-9999,-9999 ,-9999
01-Feb-2018 10:00, 1.910,-9999 ,-9999 ,-9999.0, 0.024,-9999 ,-9999,-9999 ,-9999
01-Feb-2018 11:00, 3.138,-9999 ,  28.2, 1001.3, 0.045,-0.081,  296,   7.3,   4.4
01-Feb-2018 12:00, 5.008,-9999 ,  28.6, 1002.0, 0.078,-0.038,  296,   6.8,   4.9
01-Feb-2018 13:00, 6.979,-9999 ,  28.5, 1002.3, 0.127, 0.014,  302,   7.8,   5.5
01-Feb-2018 14:00, 8.768,-9999 ,  27.5, 1002.4, 0.157, 0.049,  271,  14.0,   3.0
01-Feb-2018 15:00, 9.833,-9999 ,  25.0, 1002.5, 0.092,-0.015,  326,  16.4,   2.9
01-Feb-2018 16:00, 9.696,-9999 ,  27.7, 1001.9, 0.028,-0.079,  308,   6.6,   5.5
01-Feb-2018 17:00, 8.483,-9999 ,  27.9, 1001.5,-0.016,-0.129,  328,   9.2,   5.7
01-Feb-2018 18:00, 6.892,-9999 ,  28.3, 1001.3, 0.015,-0.102,  310,  11.5,   7.6
01-Feb-2018 19:00, 5.175,-9999 ,  28.6, 1001.3, 0.075,-0.043,  309,  10.6,   8.3
01-Feb-2018 20:00, 3.396,-9999 ,  28.6, 1001.5, 0.093,-0.025,  311,  10.9,   7.8
01-Feb-2018 21:00, 1.838,-9999 ,  26.4, 1002.0, 0.151, 0.035,  245,  11.4,   8.0
01-Feb-2018 22:00, 0.990,-9999 ,  26.4, 1002.6, 0.083,-0.028,  244,   9.3,   5.1
01-Feb-2018 23:00, 1.686,-9999 ,  27.0, 1003.1, 0.056,-0.049,  274,   5.7,   3.6
02-Feb-2018 00:00, 3.383,-9999 ,  27.1, 1003.3, 0.064,-0.037,  258,   5.1,   4.3
02-Feb-2018 01:00, 5.342,-9999 ,  27.3, 1003.6, 0.044,-0.054,  277,   4.7,   3.3
02-Feb-2018 02:00, 7.390,-9999 ,  26.9, 1003.6, 0.053,-0.043,  266,   6.5,   5.2
02-Feb-2018 03:00, 9.095,-9999 ,  26.2, 1003.2, 0.058,-0.038,  335,  11.7,   2.8
02-Feb-2018 04:00, 9.696,-9999 ,  27.4, 1002.8, 0.051,-0.049,  256,   8.4,   3.1
02-Feb-2018 05:00, 8.933,-9999 ,  26.9, 1002.4, 0.012,-0.092,  258,   6.3,   5.1
02-Feb-2018 06:00, 7.509,-9999 ,  27.9, 1002.1, 0.008,-0.100,  320,   7.2,   5.0
02-Feb-2018 07:00, 5.896,-9999 ,  28.2, 1001.8, 0.029,-0.082,  319,  14.3,  10.1
02-Feb-2018 08:00, 4.160,-9999 ,  27.4, 1001.6,-0.002,-0.116,  312,  12.7,   9.8
02-Feb-2018 09:00, 2.551,-9999 ,  27.0, 1002.0, 0.027,-0.089,  301,  12.7,   9.3
02-Feb-2018 10:00, 1.463,-9999 ,  27.3, 1002.4, 0.041,-0.071,  298,  10.7,   7.6
02-Feb-2018 11:00, 1.736,-9999 ,  27.4, 1002.9,-0.030,-0.137,  313,   8.7,   5.6
02-Feb-2018 12:00, 3.372,-9999 ,  27.4, 1003.5,-0.023,-0.125,  310,   7.7,   6.2
02-Feb-2018 13:00, 5.443,-9999 ,  27.5, 1003.8, 0.001,-0.096,  318,   7.3,   4.3
02-Feb-2018 14:00, 7.599,-9999 ,  28.0, 1004.5, 0.097, 0.004,  316,   5.9,   3.4
02-Feb-2018 15:00, 9.386,-9999 ,  28.6, 1004.5, 0.119, 0.032,  299,   8.9,   7.1
02-Feb-2018 16:00,10.140,-9999 ,  28.3, 1004.3, 0.059,-0.028,  308,   9.4,   7.2
02-Feb-2018 17:00, 9.546,-9999 ,  28.3, 1003.6, 0.045,-0.045,  308,   9.9,   8.2
02-Feb-2018 18:00, 8.033,-9999 ,  28.2, 1003.5,-0.009,-0.105,  311,  10.0,   7.6
02-Feb-2018 19:00, 6.288,-9999 ,  28.4, 1003.5,-0.016,-0.113,  304,   9.9,   7.3
02-Feb-2018 20:00, 4.450,-9999 ,  28.3, 1003.7, 0.006,-0.091,  299,  10.1,   7.7
02-Feb-2018 21:00, 2.656,-9999 ,  28.4, 1004.0, 0.046,-0.049,  298,  10.0,   7.4
02-Feb-2018 22:00, 1.259,-9999 ,  27.9, 1004.8, 0.133, 0.042,  312,  11.0,   7.9
02-Feb-2018 23:00, 0.980,-9999 ,  27.9, 1005.6, 0.099, 0.016,  264,  10.0,   5.6
03-Feb-2018 00:00, 2.213,-9999 ,  28.5, 1006.3, 0.088, 0.013,  308,   9.4,   7.3
03-Feb-2018 01:00, 4.085,-9999 ,  28.9, 1006.4, 0.042,-0.027,  288,   9.6,   5.8
03-Feb-2018 02:00, 6.140,-9999 ,  27.6, 1006.5,-0.008,-0.075,  253,   7.9,   5.9
03-Feb-2018 03:00, 8.192,-9999 ,  27.2, 1006.0,-0.026,-0.094,  245,   6.9,   4.7
03-Feb-2018 04:00, 9.653,-9999 ,  27.8, 1005.7, 0.007,-0.065,  243,   6.8,   4.4
03-Feb-2018 05:00, 9.742,-9999 ,  28.3, 1005.4, 0.058,-0.017,  275,   6.8,   4.6
03-Feb-2018 06:00, 8.577,-9999 ,  28.0, 1005.2, 0.022,-0.056,  241,   8.8,   4.1
03-Feb-2018 07:00, 6.974,-9999 ,  28.6, 1004.9,-0.025,-0.105,  281,   8.3,   6.7
03-Feb-2018 08:00, 5.240,-9999 ,  28.9, 1004.9,-0.031,-0.114,  282,   7.9,   6.1
03-Feb-2018 09:00, 3.426,-9999 ,  28.8, 1005.2,-0.062,-0.145,  262,   7.5,   5.6
03-Feb-2018 10:00, 1.901,-9999 ,  28.7, 1005.8, 0.032,-0.047,  278,   7.2,   4.6
03-Feb-2018 11:00, 1.186,-9999 ,  28.4, 1006.5,-0.016,-0.089,  272,   6.7,   3.8
03-Feb-2018 12:00, 2.075,-9999 ,  28.4, 1007.0,-0.065,-0.131,  290,   6.0,   4.7
03-Feb-2018 13:00, 3.996,-9999 ,  28.5, 1007.2,-0.033,-0.096,  288,   6.5,   5.5
03-Feb-2018 14:00, 6.158,-9999 ,  28.6, 1007.9, 0.028,-0.032,  281,   6.8,   4.5
03-Feb-2018 15:00, 8.247,-9999 ,  28.4, 1007.8, 0.084, 0.031,  293,   6.2,   4.6
03-Feb-2018 16:00, 9.727,-9999 ,  28.2, 1007.5, 0.038,-0.016,  305,   6.0,   4.1
03-Feb-2018 17:00, 9.996,-9999 ,  28.2, 1007.2, 0.036,-0.022,  309,   5.8,   4.9
03-Feb-2018 18:00, 8.930,-9999 ,  28.1, 1007.1, 0.009,-0.051,  302,   6.3,   5.4
03-Feb-2018 19:00, 7.246,-9999 ,  28.1, 1006.9,-0.084,-0.145,  305,   6.5,   4.6
03-Feb-2018 20:00, 5.488,-9999 ,  28.0, 1007.3,-0.081,-0.143,  292,   6.2,   4.9
03-Feb-2018 21:00, 3.663,-9999 ,  27.8, 1007.5,-0.071,-0.130,  285,   6.9,   4.5
03-Feb-2018 22:00, 2.007,-9999 ,  27.9, 1008.1, 0.002,-0.054,  279,   6.7,   4.3
03-Feb-2018 23:00, 0.993,-9999 ,  28.1, 1008.8, 0.040,-0.011,  281,   5.5,   4.6
04-Feb-2018 00:00, 1.425,-9999 ,  28.3, 1009.5, 0.032,-0.011,  277,   6.1,   4.6
04-Feb-2018 01:00, 3.048,-9999 ,  28.4, 1009.4, 0.047, 0.010,  280,   6.3,   5.0
04-Feb-2018 02:00, 4.996,-9999 ,  28.5, 1009.2, 0.011,-0.028,  278,   6.4,   4.9
04-Feb-2018 03:00, 7.051,-9999 ,  28.6, 1008.8,-0.012,-0.053,  282,   6.5,   5.4
04-Feb-2018 04:00, 8.875,-9999 ,  28.7, 1008.1,-0.062,-0.107,  274,   6.8,   5.5
04-Feb-2018 05:00, 9.785,-9999 ,  28.8, 1007.7,-0.046,-0.098,  254,   7.0,   5.1
04-Feb-2018 06:00, 9.276,-9999 ,  28.9, 1007.4,-0.016,-0.071,  257,   6.8,   5.2
04-Feb-2018 07:00, 7.869,-9999 ,  29.1, 1006.9,-0.066,-0.124,  272,   8.1,   6.3
04-Feb-2018 08:00, 6.244,-9999 ,  29.1, 1006.3,-0.087,-0.151,  266,   8.4,   6.1
04-Feb-2018 09:00, 4.475,-9999 ,  28.9, 1006.1,-0.114,-0.183,  259,   8.1,   6.3
04-Feb-2018 10:00, 2.764,-9999 ,  28.7, 1006.0,-0.083,-0.155,  263,   8.1,   6.1
04-Feb-2018 11:00, 1.481,-9999 ,  28.4, 1006.6,-0.046,-0.118,  255,   7.6,   5.9
04-Feb-2018 12:00, 1.418,-9999 ,  28.5, 1007.5,-0.108,-0.173,  251,   7.0,   5.4
04-Feb-2018 13:00, 2.831,-9999 ,  28.4, 1008.0,-0.089,-0.146,  249,   6.9,   5.3
04-Feb-2018 14:00, 4.812,-9999 ,  28.4, 1008.3,-0.042,-0.094,  251,   6.5,   5.5
04-Feb-2018 15:00, 6.878,-9999 ,  28.4, 1007.9, 0.037,-0.013,  256,   6.4,   5.1
04-Feb-2018 16:00, 8.696,-9999 ,  28.2, 1007.3, 0.052,-0.002,  270,   6.4,   4.6
04-Feb-2018 17:00, 9.692,-9999 ,  28.2, 1006.9, 0.001,-0.058,  281,   6.8,   5.4
04-Feb-2018 18:00, 9.403,-9999 ,  28.4, 1006.6, 0.031,-0.032,  279,   7.2,   5.5
04-Feb-2018 19:00, 8.075,-9999 ,  28.2, 1006.4, 0.008,-0.058,  273,   7.5,   5.8
04-Feb-2018 20:00, 6.427,-9999 ,  28.2, 1006.7,-0.048,-0.116,  262,   8.0,   6.6
04-Feb-2018 21:00, 4.716,-9999 ,  28.4, 1007.3,-0.067,-0.132,  252,   7.5,   6.0
04-Feb-2018 22:00, 3.035,-9999 ,  28.4, 1008.3,-0.069,-0.127,  252,   7.3,   6.4
04-Feb-2018 23:00, 1.687,-9999 ,  28.4, 1008.7,-0.018,-0.067,  247,   8.5,   6.3
05-Feb-2018 00:00, 1.300,-9999 ,  28.5, 1009.1,-0.028,-0.073,  249,   7.7,   6.6
05-Feb-2018 01:00, 2.370,-9999 ,  28.6, 1009.4, 0.023,-0.018,  242,   8.2,   7.0
05-Feb-2018 02:00, 4.127,-9999 ,  28.7, 1009.4, 0.049, 0.012,  238,   7.7,   6.6
05-Feb-2018 03:00, 5.992,-9999 ,  28.7, 1008.6, 0.023,-0.016,  243,   8.3,   6.8
05-Feb-2018 04:00, 7.834,-9999 ,  28.9, 1007.9,-0.006,-0.052,  257,   8.4,   7.3
05-Feb-2018 05:00, 9.243,-9999 ,  29.0, 1006.9,-0.029,-0.083,  260,  10.2,   7.8
05-Feb-2018 06:00, 9.515,-9999 ,  29.1, 1006.4,-0.009,-0.073,  260,  10.3,   8.6
05-Feb-2018 07:00, 8.551,-9999 ,  28.9, 1005.7,-0.035,-0.104,  262,  10.4,   8.8
05-Feb-2018 08:00, 7.092,-9999 ,  29.1, 1005.0,-0.075,-0.151,  262,  10.9,   8.8
05-Feb-2018 09:00, 5.543,-9999 ,  29.3, 1005.2,-0.045,-0.127,  257,  10.5,   8.8
05-Feb-2018 10:00, 3.918,-9999 ,  28.9, 1005.5,-0.031,-0.110,  263,  10.6,   7.3
05-Feb-2018 11:00, 2.455,-9999 ,  28.9, 1005.6, 0.004,-0.073,  265,  10.3,   7.8
05-Feb-2018 12:00, 1.699,-9999 ,  28.9, 1006.5,-0.005,-0.081,  259,   9.9,   7.8
05-Feb-2018 13:00, 2.323,-9999 ,  29.1, 1007.8,-0.010,-0.076,  258,   9.0,   6.6
05-Feb-2018 14:00, 3.928,-9999 ,  29.1, 1007.7, 0.033,-0.020,  266,   8.0,   5.0
05-Feb-2018 15:00, 5.742,-9999 ,  29.0, 1007.4, 0.066, 0.010,  275,   7.5,   4.9
05-Feb-2018 16:00, 7.480,-9999 ,  28.8, 1007.1, 0.092, 0.034,  269,   7.2,   4.6
05-Feb-2018 17:00, 8.790,-9999 ,  28.7, 1006.4, 0.024,-0.037,  287,   5.9,   5.0
05-Feb-2018 18:00, 9.194,-9999 ,  28.8, 1006.2,-0.018,-0.087,  262,   7.3,   5.8
05-Feb-2018 19:00, 8.461,-9999 ,  28.8, 1006.4,-0.002,-0.072,  256,   7.3,   4.8
05-Feb-2018 20:00, 7.119,-9999 ,  28.7, 1005.9, 0.011,-0.058,  268,   8.1,   5.7
05-Feb-2018 21:00, 5.648,-9999 ,  28.9, 1006.7, 0.036,-0.037,  270,   8.6,   4.2
05-Feb-2018 22:00, 4.110,-9999 ,  28.8, 1007.6, 0.003,-0.062,  285,   5.9,   3.9
05-Feb-2018 23:00, 2.769,-9999 ,  28.8, 1008.9, 0.024,-0.032,    0,   5.1,   0.0
06-Feb-2018 00:00, 1.952,-9999 ,  23.8, 1010.1, 0.050, 0.009,   88,  15.7,   8.9
06-Feb-2018 01:00, 2.245,-9999 ,  24.6, 1009.2, 0.042, 0.010,  342,   9.9,   6.9
06-Feb-2018 02:00, 3.559,-9999 ,  25.9, 1008.9, 0.059, 0.019,  314,  10.4,   7.5
06-Feb-2018 03:00, 5.154,-9999 ,  26.4, 1008.3, 0.020,-0.024,  300,   9.3,   7.3
06-Feb-2018 04:00, 6.750,-9999 ,  26.7, 1007.6,-0.037,-0.087,  278,   9.9,   7.1
06-Feb-2018 05:00, 8.172,-9999 ,  27.2, 1006.9,-0.099,-0.156,  265,   9.3,   6.8
06-Feb-2018 06:00, 9.065,-9999 ,  27.6, 1006.3,-0.049,-0.113,  271,   9.4,   6.5
06-Feb-2018 07:00, 8.866,-9999 ,  28.1, 1005.8, 0.035,-0.035,  261,   9.5,   7.4
06-Feb-2018 08:00, 7.715,-9999 ,  28.4, 1005.4,-0.025,-0.100,  262,   9.8,   7.4
06-Feb-2018 09:00, 6.332,-9999 ,  28.4, 1005.2,-0.039,-0.117,  264,   8.9,   6.7
06-Feb-2018 10:00, 4.918,-9999 ,  28.5, 1005.5, 0.000,-0.080,  262,   7.7,   4.8
06-Feb-2018 11:00, 3.552,-9999 ,  28.8, 1006.1, 0.016,-0.060,  255,   6.1,   4.7
06-Feb-2018 12:00, 2.490,-9999 ,  28.7, 1006.3,-0.005,-0.076,  267,   6.4,   4.0
06-Feb-2018 13:00, 2.327,-9999 ,  28.8, 1006.6,-0.066,-0.134,  256,   6.1,   5.1
06-Feb-2018 14:00, 3.322,-9999 ,  28.6, 1006.6,-0.041,-0.107,  268,   6.0,   3.5
06-Feb-2018 15:00, 4.806,-9999 ,  28.6, 1006.4,-0.005,-0.071,  239,   5.4,   4.9
06-Feb-2018 16:00, 6.252,-9999 ,  28.5, 1005.6,-0.040,-0.109,  243,   5.4,   3.7
06-Feb-2018 17:00, 7.566,-9999 ,  28.4, 1005.3,-0.033,-0.110,  271,   5.1,   4.0
06-Feb-2018 18:00, 8.469,-9999 ,  28.6, 1005.5, 0.025,-0.054,  278,   6.2,   4.1
06-Feb-2018 19:00, 8.416,-9999 ,  28.6, 1005.4, 0.044,-0.033,  272,   6.9,   4.9
06-Feb-2018 20:00, 7.464,-9999 ,  28.6, 1005.4, 0.005,-0.073,  261,   9.2,   7.4
06-Feb-2018 21:00, 6.193,-9999 ,  28.6, 1005.7,-0.021,-0.098,  260,  11.2,   7.1
06-Feb-2018 22:00, 4.915,-9999 ,  28.6, 1006.0, 0.000,-0.075,  275,   9.6,   8.2
06-Feb-2018 23:00, 3.731,-9999 ,  28.7, 1007.1, 0.001,-0.070,  259,   9.4,   6.7
07-Feb-2018 00:00, 2.821,-9999 ,  28.9, 1007.5,-0.006,-0.067,  262,   8.5,   5.7
07-Feb-2018 01:00, 2.612,-9999 ,  29.2, 1007.9, 0.010,-0.046,  272,   7.6,   5.5
07-Feb-2018 02:00, 3.387,-9999 ,  29.1, 1007.3, 0.071, 0.017,  261,   9.6,   7.7
07-Feb-2018 03:00, 4.650,-9999 ,  29.1, 1007.1, 0.074, 0.015,  275,   9.3,   6.4
07-Feb-2018 04:00, 5.946,-9999 ,  29.2, 1006.3,-0.010,-0.073,  278,   9.1,   6.7
07-Feb-2018 05:00, 7.184,-9999 ,  29.0, 1006.0,-0.066,-0.135,  255,   8.4,   5.6
07-Feb-2018 06:00, 8.190,-9999 ,  29.1, 1004.9,-0.053,-0.126,  261,   7.1,   5.5
07-Feb-2018 07:00, 8.536,-9999 ,  29.1, 1004.2, 0.000,-0.084,  285,   8.8,   7.3
07-Feb-2018 08:00, 7.947,-9999 ,  29.0, 1004.0,-0.024,-0.115,  286,   9.3,   7.2
07-Feb-2018 09:00, 6.860,-9999 ,  29.0, 1004.1,-0.063,-0.154,  279,   9.1,   6.8
07-Feb-2018 10:00, 5.695,-9999 ,  28.8, 1004.4,-0.007,-0.098,  288,   8.5,   5.8
07-Feb-2018 11:00, 4.533,-9999 ,  28.8, 1005.8, 0.028,-0.059,  295,   7.2,   4.3
07-Feb-2018 12:00, 3.517,-9999 ,  28.6, 1006.8, 0.005,-0.068,  302,   5.4,   3.1
07-Feb-2018 13:00, 2.966,-9999 ,  28.4, 1008.1,-0.046,-0.108,   99,   9.8,   7.5
07-Feb-2018 14:00, 3.289,-9999 ,  27.0, 1007.5,-0.055,-0.106,    4,   9.4,   4.4
07-Feb-2018 15:00, 4.309,-9999 ,  27.4, 1006.6, 0.010,-0.048,  326,   5.6,   4.3
07-Feb-2018 16:00, 5.470,-9999 ,  28.5, 1006.0, 0.019,-0.047,  296,   8.0,   6.6
07-Feb-2018 17:00, 6.525,-9999 ,  28.6, 1005.4,-0.017,-0.090,  292,   9.9,   7.3
07-Feb-2018 18:00, 7.396,-9999 ,  28.5, 1006.2,-0.001,-0.078,  253,  10.5,   9.0
07-Feb-2018 19:00, 7.832,-9999 ,  28.3, 1005.5, 0.070,-0.001,  284,  11.2,   7.0
07-Feb-2018 20:00, 7.454,-9999 ,  28.5, 1005.3, 0.038,-0.039,  267,  10.1,   6.9
07-Feb-2018 21:00, 6.547,-9999 ,  28.6, 1005.6,-0.028,-0.109,  289,   9.2,   6.2
07-Feb-2018 22:00, 5.583,-9999 ,  28.9, 1007.6, 0.030,-0.043,  221,   8.7,   5.1
07-Feb-2018 23:00, 4.610,-9999 ,  28.4, 1007.5, 0.049,-0.008,  278,   7.8,   5.5
08-Feb-2018 00:00, 3.799,-9999 ,  28.5, 1008.1, 0.019,-0.037,  224,   8.2,   6.1
08-Feb-2018 01:00, 3.428,-9999 ,  29.4, 1008.4, 0.063, 0.012,  200,   6.5,   1.7
08-Feb-2018 02:00, 3.668,-9999 ,  28.7, 1008.1, 0.099, 0.051,  297,   5.8,   3.7
08-Feb-2018 03:00, 4.422,-9999 ,  28.9, 1007.3, 0.087, 0.035,  283,   5.4,   4.4
08-Feb-2018 04:00, 5.387,-9999 ,  29.3, 1006.5, 0.040,-0.020,  257,   6.4,   5.1
08-Feb-2018 05:00, 6.366,-9999 ,  29.3, 1005.8,-0.016,-0.084,  281,   8.0,   6.4
08-Feb-2018 06:00, 7.225,-9999 ,  29.7, 1004.7,-0.040,-0.115,  275,   9.1,   7.5
08-Feb-2018 07:00, 7.802,-9999 ,  29.5, 1004.3,-0.002,-0.088,  276,   9.1,   6.2
08-Feb-2018 08:00, 7.783,-9999 ,  29.5, 1004.6, 0.023,-0.066,  274,   7.8,   6.1
08-Feb-2018 09:00, 7.148,-9999 ,  29.6, 1004.7,-0.028,-0.114,  260,   7.8,   4.5
08-Feb-2018 10:00, 6.287,-9999 ,  29.3, 1004.5,-0.014,-0.099,  285,   6.3,   4.3
08-Feb-2018 11:00, 5.400,-9999 ,  29.0, 1005.0, 0.065,-0.022,  302,   5.8,   4.9
08-Feb-2018 12:00, 4.557,-9999 ,  29.0, 1006.2, 0.070,-0.011,  295,   6.8,   5.2
08-Feb-2018 13:00, 3.939,-9999 ,  28.9, 1006.8, 0.033,-0.036,  286,   6.7,   4.7
08-Feb-2018 14:00, 3.839,-9999 ,  28.9, 1007.3, 0.042,-0.021,  291,   6.4,   4.6
08-Feb-2018 15:00, 4.284,-9999 ,  28.9, 1007.2, 0.082, 0.023,  283,   6.3,   4.8
08-Feb-2018 16:00, 4.952,-9999 ,  28.7, 1006.5, 0.058,-0.003,  278,   6.3,   4.1
08-Feb-2018 17:00, 5.648,-9999 ,  28.6, 1006.0,-0.025,-0.093,  280,   5.7,   4.6
08-Feb-2018 18:00, 6.348,-9999 ,  28.7, 1006.0,-0.021,-0.094,  281,   6.7,   4.2
08-Feb-2018 19:00, 6.913,-9999 ,  28.7, 1006.2, 0.064,-0.008,  286,   6.6,   5.5
08-Feb-2018 20:00, 7.046,-9999 ,  28.7, 1006.3, 0.106, 0.036,  272,   6.5,   4.9
08-Feb-2018 21:00, 6.661,-9999 ,  28.7, 1006.7, 0.064,-0.005,  281,   6.0,   4.9
08-Feb-2018 22:00, 6.011,-9999 ,  28.8, 1007.2, 0.024,-0.040,  281,   6.3,   5.1
08-Feb-2018 23:00, 5.295,-9999 ,  28.9, 1007.7, 0.019,-0.041,  280,   7.4,   6.0
09-Feb-2018 00:00, 4.685,-9999 ,  28.9, 1008.5, 0.032,-0.022,  248,   7.6,   3.9
09-Feb-2018 01:00, 4.285,-9999 ,  29.0, 1008.7, 0.042,-0.005,  257,   5.2,   3.8
09-Feb-2018 02:00, 4.223,-9999 ,  29.2, 1008.4, 0.063, 0.018,  279,   5.5,   3.3
09-Feb-2018 03:00, 4.594,-9999 ,  29.1, 1008.0, 0.139, 0.090,  242,   5.4,   3.4
09-Feb-2018 04:00, 5.172,-9999 ,  29.1, 1006.9, 0.167, 0.114,  283,   6.5,   5.3
09-Feb-2018 05:00, 5.756,-9999 ,  29.4, 1006.0, 0.073, 0.009,  265,   7.4,   5.1
09-Feb-2018 06:00, 6.338,-9999 ,  29.3, 1005.8,-0.018,-0.090,  274,   7.3,   4.9
09-Feb-2018 07:00, 6.851,-9999 ,  29.3, 1005.3,-0.043,-0.118,  291,   6.3,   3.7
09-Feb-2018 08:00, 7.149,-9999 ,  29.5, 1005.0,-0.013,-0.093,  251,   5.5,   3.8
09-Feb-2018 09:00, 7.059,-9999 ,  29.4, 1005.6, 0.006,-0.076,  249,   5.1,   3.4
09-Feb-2018 10:00, 6.635,-9999 ,  29.4, 1005.8, 0.003,-0.073,  270,   4.0,   2.3
09-Feb-2018 11:00, 6.068,-9999 ,  29.4, 1006.2, 0.046,-0.028,  237,   3.5,   2.9
09-Feb-2018 12:00, 5.447,-9999 ,  29.6, 1007.0, 0.068,-0.002,  252,   4.1,   2.4
09-Feb-2018 13:00, 4.894,-9999 ,  29.4, 1007.5, 0.043,-0.019,  289,   2.8,   0.9
09-Feb-2018 14:00, 4.564,-9999 ,  29.5, 1007.8, 0.024,-0.033,  254,   3.1,   0.8
09-Feb-2018 15:00, 4.551,-9999 ,  28.8, 1007.3, 0.041,-0.013,  306,   2.5,   1.7
09-Feb-2018 16:00, 4.774,-9999 ,  29.2, 1006.5, 0.079, 0.019,  260,   3.2,   2.4
09-Feb-2018 17:00, 5.098,-9999 ,  28.9, 1006.1, 0.060,-0.008,  300,   2.9,   1.6
09-Feb-2018 18:00, 5.460,-9999 ,  29.1, 1006.0,-0.001,-0.072,  258,   2.8,   1.8
09-Feb-2018 19:00, 5.854,-9999 ,  28.9, 1005.9,-0.012,-0.084,  278,   3.8,   3.0
09-Feb-2018 20:00, 6.178,-9999 ,  29.0, 1006.1, 0.016,-0.057,  269,   4.0,   2.7
09-Feb-2018 21:00, 6.286,-9999 ,  29.2, 1006.7, 0.044,-0.027,  247,   4.3,   3.4
09-Feb-2018 22:00, 6.187,-9999 ,  29.1, 1007.5, 0.085, 0.021,  258,   4.3,   3.3
09-Feb-2018 23:00, 5.860,-9999 ,  28.5, 1008.3, 0.054,-0.003,  160,   4.1,   3.1
10-Feb-2018 00:00, 5.452,-9999 ,  28.5, 1008.7, 0.005,-0.043,  171,   3.4,   2.1
10-Feb-2018 01:00, 5.156,-9999 ,  28.8, 1008.8, 0.030,-0.015,  181,   3.3,   2.0
10-Feb-2018 02:00, 5.004,-9999 ,  29.3, 1008.5, 0.083, 0.039,  221,   3.5,   2.7
10-Feb-2018 03:00, 4.982,-9999 ,  29.7, 1008.0, 0.096, 0.048,  240,   5.7,   4.7
10-Feb-2018 04:00, 5.087,-9999 ,  29.6, 1007.5, 0.099, 0.047,  242,   6.4,   4.8
10-Feb-2018 05:00, 5.306,-9999 ,  29.8, 1006.7, 0.083, 0.025,  253,   6.6,   4.9
10-Feb-2018 06:00, 5.634,-9999 ,  30.1, 1005.9, 0.062,-0.004,  280,   6.9,   5.5
10-Feb-2018 07:00, 5.991,-9999 ,  30.0, 1005.2, 0.024,-0.050,  280,   7.6,   6.5
10-Feb-2018 08:00, 6.300,-9999 ,  30.3, 1004.8,-0.039,-0.120,  285,   8.2,   6.8
10-Feb-2018 09:00, 6.554,-9999 ,  30.1, 1005.3,-0.025,-0.108,  268,   8.7,   5.7
10-Feb-2018 10:00, 6.658,-9999 ,  29.8, 1005.3, 0.040,-0.039,  271,   8.3,   6.4
10-Feb-2018 11:00, 6.507,-9999 ,  29.7, 1006.3, 0.047,-0.031,  265,   8.3,   6.3
10-Feb-2018 12:00, 6.183,-9999 ,  29.7, 1006.7, 0.025,-0.043,  257,   7.6,   5.4
10-Feb-2018 13:00, 5.836,-9999 ,  29.6, 1007.2, 0.054,-0.011,  259,   6.8,   5.5
10-Feb-2018 14:00, 5.522,-9999 ,  29.7, 1007.9, 0.111, 0.051,  251,   6.6,   5.6
10-Feb-2018 15:00, 5.198,-9999 ,  29.6, 1007.7, 0.088, 0.035,  257,   6.5,   5.5
10-Feb-2018 16:00, 4.882,-9999 ,  29.6, 1006.9, 0.013,-0.043,  251,   6.4,   5.6
10-Feb-2018 17:00, 4.732,-9999 ,  29.6, 1006.4, 0.004,-0.060,  247,   6.0,   4.6
10-Feb-2018 18:00, 4.814,-9999 ,  29.4, 1005.9, 0.062,-0.007,  253,   5.9,   4.9
10-Feb-2018 19:00, 4.973,-9999 ,  29.5, 1006.0, 0.040,-0.033,  252,   6.7,   5.6
10-Feb-2018 20:00, 5.201,-9999 ,  29.4, 1006.0,-0.042,-0.114,  251,   6.8,   5.3
10-Feb-2018 21:00, 5.551,-9999 ,  29.5, 1006.4,-0.035,-0.106,  243,   6.3,   5.1
10-Feb-2018 22:00, 5.914,-9999 ,  29.5, 1007.1, 0.053,-0.015,  240,   5.7,   4.8
10-Feb-2018 23:00, 6.126,-9999 ,  29.4, 1008.0, 0.103, 0.043,  229,   5.3,   3.4
11-Feb-2018 00:00, 6.139,-9999 ,  29.4, 1008.3, 0.073, 0.021,  221,   5.4,   4.2
11-Feb-2018 01:00, 6.009,-9999 ,  29.6, 1008.7, 0.036,-0.012,  225,   5.1,   3.7
11-Feb-2018 02:00, 5.827,-9999 ,  29.6, 1009.0, 0.068, 0.023,  236,   4.9,   3.8
11-Feb-2018 03:00, 5.610,-9999 ,  29.8, 1008.6, 0.094, 0.052,  238,   4.9,   3.2
11-Feb-2018 04:00, 5.333,-9999 ,  30.2, 1007.7, 0.061, 0.013,  269,   6.4,   4.4
11-Feb-2018 05:00, 5.118,-9999 ,-9999 , 1007.1, 0.046,-0.010,  286,   7.7,   5.8
11-Feb-2018 06:00, 5.049,-9999 ,-9999 , 1006.1, 0.036,-0.026,  241,   7.5,   4.7
11-Feb-2018 07:00, 5.183,-9999 ,  30.4, 1006.0, 0.062,-0.010,  269,   7.9,   5.8
11-Feb-2018 08:00, 5.482,-9999 ,  30.2, 1006.2, 0.054,-0.018,  265,   7.8,   5.9
11-Feb-2018 09:00, 5.848,-9999 ,  30.2, 1005.4,-0.007,-0.077,  263,   8.1,   6.3
11-Feb-2018 10:00, 6.266,-9999 ,  29.9, 1005.4,-0.003,-0.082,  261,   8.4,   6.1
11-Feb-2018 11:00, 6.611,-9999 ,  29.8, 1006.5, 0.048,-0.029,  287,   7.5,   4.0
11-Feb-2018 12:00, 6.784,-9999 ,  29.7, 1007.0, 0.085, 0.019,  287,   6.4,   5.6
11-Feb-2018 13:00, 6.722,-9999 ,  29.7, 1007.2, 0.087, 0.025,  275,   7.1,   5.3
11-Feb-2018 14:00, 6.437,-9999 ,  29.7, 1007.1, 0.102, 0.042,  269,   7.9,   5.4
11-Feb-2018 15:00, 5.958,-9999 ,  29.6, 1007.0, 0.072, 0.011,  274,   7.3,   4.8
11-Feb-2018 16:00, 5.375,-9999 ,  29.6, 1006.5, 0.026,-0.037,  290,   6.9,   5.6
11-Feb-2018 17:00, 4.828,-9999 ,  29.3, 1006.3, 0.046,-0.021,  302,   7.3,   5.7
11-Feb-2018 18:00, 4.411,-9999 ,  29.2, 1006.3, 0.060,-0.009,  294,   8.1,   6.2
11-Feb-2018 19:00, 4.268,-9999 ,  29.3, 1006.4, 0.105, 0.036,  287,   7.5,   5.7
11-Feb-2018 20:00, 4.444,-9999 ,  29.3, 1006.5, 0.135, 0.067,  276,   8.5,   6.9
11-Feb-2018 21:00, 4.828,-9999 ,  29.4, 1007.1, 0.081, 0.014,  271,   9.5,   6.4
11-Feb-2018 22:00, 5.350,-9999 ,  29.5, 1007.7, 0.034,-0.026,  259,   8.9,   7.3
11-Feb-2018 23:00, 5.949,-9999 ,  29.3, 1008.2, 0.064, 0.010,  234,   9.7,   8.8
12-Feb-2018 00:00, 6.440,-9999 ,  26.2, 1008.9, 0.070, 0.020,  216,  19.5,  15.2
12-Feb-2018 01:00, 6.625,-9999 ,  25.5, 1010.2,-0.039,-0.080,  232,  18.9,   7.2
12-Feb-2018 02:00, 6.540,-9999 ,  26.3, 1009.7,-0.072,-0.102,  284,   8.7,   6.8
12-Feb-2018 03:00, 6.249,-9999 ,  27.1, 1008.0,-0.020,-0.056,  292,   9.1,   6.8
12-Feb-2018 04:00, 5.783,-9999 ,  28.1, 1006.4,-0.001,-0.054,  232,   8.4,   6.9
12-Feb-2018 05:00, 5.243,-9999 ,  29.6, 1005.7, 0.014,-0.055,  239,   8.4,   4.5
12-Feb-2018 06:00, 4.817,-9999 ,  29.7, 1005.7, 0.057,-0.018,  276,   5.0,   2.0
12-Feb-2018 07:00, 4.604,-9999 ,  30.3, 1005.7, 0.121, 0.046,  300,   2.7,   0.9
12-Feb-2018 08:00, 4.635,-9999 ,  29.5, 1005.9, 0.094, 0.020,  316,   5.7,   4.7
12-Feb-2018 09:00, 4.974,-9999 ,  29.2, 1005.7,-0.013,-0.086,  326,   7.4,   5.9
12-Feb-2018 10:00, 5.584,-9999 ,  29.1, 1005.4,-0.062,-0.138,  317,   7.5,   6.1
12-Feb-2018 11:00, 6.285,-9999 ,  29.0, 1006.2,-0.044,-0.122,  311,   7.9,   6.7
12-Feb-2018 12:00, 6.892,-9999 ,  29.0, 1007.3,-0.010,-0.079,  313,   8.0,   6.6
12-Feb-2018 13:00, 7.297,-9999 ,  29.2, 1008.2, 0.030,-0.028,  311,   7.8,   5.9
12-Feb-2018 14:00, 7.369,-9999 ,  29.2, 1008.4, 0.139, 0.090,  309,   7.3,   5.5
12-Feb-2018 15:00, 6.918,-9999 ,  29.1, 1008.1, 0.155, 0.107,  304,   9.1,   5.6
12-Feb-2018 16:00, 6.074,-9999 ,  29.2, 1008.0, 0.032,-0.019,  294,   9.0,   6.3
12-Feb-2018 17:00, 5.130,-9999 ,  29.2, 1007.7,-0.035,-0.088,  273,   8.6,   6.2
12-Feb-2018 18:00, 4.264,-9999 ,  29.2, 1006.9,-0.054,-0.109,  279,   8.4,   6.5
12-Feb-2018 19:00, 3.713,-9999 ,  29.3, 1006.5, 0.020,-0.044,  276,   9.5,   7.3
12-Feb-2018 20:00, 3.565,-9999 ,  29.1, 1007.0, 0.079, 0.012,  280,   8.6,   6.1
12-Feb-2018 21:00, 3.897,-9999 ,  29.2, 1007.3, 0.059,-0.003,  285,   7.1,   5.5
12-Feb-2018 22:00, 4.595,-9999 ,  29.3, 1007.9, 0.032,-0.027,  276,   6.9,   5.1
12-Feb-2018 23:00, 5.438,-9999 ,  29.0, 1008.5, 0.000,-0.053,  249,   7.8,   6.1
13-Feb-2018 00:00, 6.293,-9999 ,  29.2, 1008.7,-0.018,-0.065,  259,   6.4,   5.3
13-Feb-2018 01:00, 7.019,-9999 ,  29.5, 1008.9,-0.025,-0.070,  284,   7.1,   5.8
13-Feb-2018 02:00, 7.405,-9999 ,  29.4, 1008.7, 0.045, 0.002,  279,   7.2,   6.0
13-Feb-2018 03:00, 7.183,-9999 ,  29.5, 1008.0, 0.096, 0.050,  285,   7.5,   5.4
13-Feb-2018 04:00, 6.460,-9999 ,  29.3, 1007.6, 0.011,-0.041,  282,   6.9,   5.4
13-Feb-2018 05:00, 5.591,-9999 ,  29.8, 1006.8,-0.052,-0.109,  284,   8.0,   6.1
13-Feb-2018 06:00, 4.767,-9999 ,  30.0, 1005.8,-0.058,-0.123,  283,   8.6,   6.7
13-Feb-2018 07:00, 4.136,-9999 ,  29.9, 1005.3,-0.022,-0.097,  284,   9.0,   7.0
13-Feb-2018 08:00, 3.857,-9999 ,  30.0, 1005.3, 0.040,-0.039,  296,   9.6,   6.7
13-Feb-2018 09:00, 4.119,-9999 ,  29.7, 1004.8, 0.042,-0.038,  314,   9.0,   5.9
13-Feb-2018 10:00, 4.891,-9999 ,  29.5, 1005.4, 0.056,-0.027,  299,   7.7,   4.3
13-Feb-2018 11:00, 5.882,-9999 ,  29.7, 1005.8, 0.082, 0.004,  256,   7.5,   5.8
13-Feb-2018 12:00, 6.848,-9999 ,  29.5, 1006.9, 0.091, 0.018,  282,   8.1,   5.4
13-Feb-2018 13:00, 7.578,-9999 ,  29.5, 1007.6, 0.023,-0.039,  286,   7.3,   5.4
13-Feb-2018 14:00, 7.935,-9999 ,  29.5, 1007.8,-0.011,-0.067,  280,   7.3,   5.7
13-Feb-2018 15:00, 7.712,-9999 ,  29.4, 1007.2, 0.047,-0.008,  271,   7.5,   4.4
13-Feb-2018 16:00, 6.890,-9999 ,  29.4, 1007.1, 0.025,-0.035,  279,   6.7,   3.6
13-Feb-2018 17:00, 5.771,-9999 ,  29.3, 1006.5,-0.026,-0.087,  283,   4.9,   3.7
13-Feb-2018 18:00, 4.623,-9999 ,  29.2, 1006.0,-0.008,-0.076,  283,   6.8,   5.3
13-Feb-2018 19:00, 3.567,-9999 ,  29.3, 1006.2,-0.036,-0.108,  278,   6.5,   4.2
13-Feb-2018 20:00, 2.874,-9999 ,  29.2, 1006.1,-0.057,-0.127,  278,   6.4,   4.9
13-Feb-2018 21:00, 2.911,-9999 ,  29.2, 1006.4,-0.053,-0.124,  269,   6.0,   4.0
13-Feb-2018 22:00, 3.695,-9999 ,  29.2, 1006.9, 0.000,-0.068,  258,   7.1,   4.8
13-Feb-2018 23:00, 4.813,-9999 ,  29.5, 1007.6, 0.048,-0.014,  259,   6.6,   4.8
14-Feb-2018 00:00, 5.987,-9999 ,  29.6, 1008.2, 0.045,-0.010,  283,   5.5,   4.0
14-Feb-2018 01:00, 7.054,-9999 ,  29.7, 1008.3,-0.004,-0.054,  291,   4.9,   3.3
14-Feb-2018 02:00, 7.800,-9999 ,  29.8, 1008.0,-0.039,-0.088,  282,   5.3,   4.0
14-Feb-2018 03:00, 7.920,-9999 ,  30.2, 1007.7, 0.043,-0.010,  252,   5.1,   3.8
14-Feb-2018 04:00, 7.252,-9999 ,  30.0, 1007.4, 0.031,-0.024,  279,   4.9,   3.0
14-Feb-2018 05:00, 6.175,-9999 ,  30.0, 1006.2,-0.073,-0.133,  279,   7.1,   6.1
14-Feb-2018 06:00, 5.074,-9999 ,  30.1, 1005.7,-0.094,-0.164,  283,   7.9,   6.7
14-Feb-2018 07:00, 4.076,-9999 ,  30.1, 1004.9,-0.093,-0.170,  290,   9.1,   7.0
14-Feb-2018 08:00, 3.384,-9999 ,  30.4, 1005.4,-0.018,-0.100,  277,   9.6,   5.5
14-Feb-2018 09:00, 3.237,-9999 ,  27.6, 1004.8,-0.011,-0.090,  253,  14.1,   9.1
14-Feb-2018 10:00, 3.905,-9999 ,  28.7, 1004.8,-0.010,-0.094,  282,  11.9,   5.2
14-Feb-2018 11:00, 5.095,-9999 ,  29.1, 1005.3, 0.050,-0.034,  302,   7.0,   5.0
14-Feb-2018 12:00, 6.356,-9999 ,  29.8, 1006.1, 0.053,-0.025,  283,   6.9,   5.0
14-Feb-2018 13:00, 7.519,-9999 ,  29.6, 1006.1, 0.040,-0.031,  296,   7.6,   5.7
14-Feb-2018 14:00, 8.348,-9999 ,  29.7, 1006.7, 0.016,-0.055,  283,   8.3,   6.5
14-Feb-2018 15:00, 8.487,-9999 ,  29.7, 1006.5, 0.032,-0.033,  278,   8.2,   6.2
14-Feb-2018 16:00, 7.801,-9999 ,  29.6, 1006.2, 0.055,-0.013,  267,   7.6,   5.0
14-Feb-2018 17:00, 6.583,-9999 ,  29.7, 1006.1, 0.000,-0.070,  251,   7.7,   6.7
14-Feb-2018 18:00, 5.210,-9999 ,  29.8, 1005.6,-0.009,-0.080,  257,   8.7,   5.5
14-Feb-2018 19:00, 3.829,-9999 ,  29.7, 1005.4,-0.044,-0.121,  271,   8.5,   5.3
14-Feb-2018 20:00, 2.711,-9999 ,  29.7, 1005.8,-0.059,-0.137,  286,   8.8,   6.0
14-Feb-2018 21:00, 2.255,-9999 ,  29.7, 1006.2,-0.035,-0.108,  274,   8.7,   6.5
14-Feb-2018 22:00, 2.792,-9999 ,  29.8, 1006.9, 0.000,-0.070,  250,   7.7,   5.0
14-Feb-2018 23:00, 4.031,-9999 ,  29.9, 1007.6, 0.083, 0.021,  239,   7.5,   3.8
15-Feb-2018 00:00, 5.426,-9999 ,  29.2, 1007.5, 0.089, 0.033,  228,   5.0,   3.5
15-Feb-2018 01:00, 6.743,-9999 ,  29.4, 1007.7,-0.011,-0.068,  230,   3.5,   2.2
15-Feb-2018 02:00, 7.893,-9999 ,  29.1, 1007.4,-0.064,-0.120,  278,   3.7,   2.9
15-Feb-2018 03:00, 8.531,-9999 ,  29.9, 1006.8, 0.055,-0.004,  239,   4.6,   4.1
15-Feb-2018 04:00, 8.149,-9999 ,  30.2, 1005.7, 0.123, 0.058,  277,   5.8,   4.5
15-Feb-2018 05:00, 7.045,-9999 ,  29.3, 1004.7, 0.061,-0.015,  239,   8.1,   5.9
15-Feb-2018 06:00, 5.769,-9999 ,  29.7, 1004.1, 0.032,-0.053,  252,   8.3,   6.1
15-Feb-2018 07:00, 4.436,-9999 ,  29.9, 1003.3,-0.037,-0.129,  256,   8.4,   6.7
15-Feb-2018 08:00, 3.302,-9999 ,  29.8, 1002.6,-0.058,-0.158,  254,  10.0,   8.8
15-Feb-2018 09:00, 2.666,-9999 ,  29.6, 1002.2,-0.022,-0.128,  244,   9.7,   7.4
15-Feb-2018 10:00, 3.022,-9999 ,  29.7, 1002.7, 0.029,-0.081,  243,   9.6,   7.9
15-Feb-2018 11:00, 4.250,-9999 ,  27.0, 1004.6, 0.111, 0.009,   93,  18.5,   5.9
15-Feb-2018 12:00, 5.687,-9999 ,  27.5, 1004.1, 0.091, 0.004,  103,  13.1,   2.6
15-Feb-2018 13:00, 7.159,-9999 ,  29.0, 1004.5, 0.079,-0.011,  133,   6.7,   5.5
15-Feb-2018 14:00, 8.414,-9999 ,  28.6, 1004.5, 0.076,-0.011,  130,   8.3,   6.6
15-Feb-2018 15:00, 9.010,-9999 ,  28.8, 1004.4, 0.045,-0.042,  125,  10.3,   6.3
15-Feb-2018 16:00, 8.636,-9999 ,  28.8, 1004.1, 0.060,-0.028,  143,   9.4,   7.2
15-Feb-2018 17:00, 7.485,-9999 ,  28.6, 1003.2, 0.053,-0.038,  153,  11.6,   9.5
15-Feb-2018 18:00, 6.029,-9999 ,  28.4, 1002.3, 0.048,-0.053,  146,  12.7,   9.8
15-Feb-2018 19:00, 4.427,-9999 ,  27.0, 1002.3, 0.000,-0.109,  137,  18.3,  13.2
15-Feb-2018 20:00, 2.907,-9999 ,  26.6, 1001.8,-0.094,-0.203,  148,  17.0,  13.1
15-Feb-2018 21:00, 1.892,-9999 ,  26.6, 1001.6,-0.102,-0.216,  142,  17.9,  14.4
15-Feb-2018 22:00, 1.900,-9999 ,  24.7, 1002.0,-0.095,-0.210,  138,  17.9,  13.5
15-Feb-2018 23:00, 3.021,-9999 ,  25.4, 1001.8,-0.036,-0.148,  144,  18.4,  15.5
16-Feb-2018 00:00, 4.560,-9999 ,  25.7, 1001.7,-0.013,-0.127,  129,  20.2,  16.7
16-Feb-2018 01:00, 6.183,-9999 ,  26.2, 1001.8,-0.026,-0.141,  128,  20.9,  16.5
16-Feb-2018 02:00, 7.727,-9999 ,  25.7, 1000.8,-0.017,-0.132,  131,  19.8,  15.4
16-Feb-2018 03:00, 8.772,-9999 ,  25.1, 1000.3, 0.015,-0.109,  121,  22.6,  15.6
16-Feb-2018 04:00, 8.807,-9999 ,  25.0,  999.1, 0.075,-0.056,  118,  25.0,  19.8
16-Feb-2018 05:00, 7.851,-9999 ,  25.1,  998.4, 0.074,-0.066,  108,  26.4,  19.9
16-Feb-2018 06:00, 6.484,-9999 ,  24.9,  997.6, 0.032,-0.118,  103,  26.8,  22.2
16-Feb-2018 07:00, 4.991,-9999 ,  24.5,  999.0,-0.027,-0.180,   88,  27.9,  15.2
16-Feb-2018 08:00, 3.631,-9999 ,  25.0,  998.6,-0.011,-0.153,   75,  18.9,  11.3
16-Feb-2018 09:00, 2.567,-9999 ,  24.6,  999.1, 0.037,-0.108,   91,  21.4,  11.4
16-Feb-2018 10:00, 2.271,-9999 ,  24.6,  998.8, 0.017,-0.124,   98,  21.1,  17.2
16-Feb-2018 11:00, 3.144,-9999 ,  24.2,  999.1,-0.026,-0.169,   94,  19.9,  14.5
16-Feb-2018 12:00, 4.722,-9999 ,  25.1, 1000.0, 0.003,-0.137,  106,  19.3,  12.4
16-Feb-2018 13:00, 6.503,-9999 ,  25.1, 1000.5, 0.091,-0.040,   80,  14.4,  11.2
16-Feb-2018 14:00, 8.161,-9999 ,  24.9, 1000.2, 0.158, 0.031,  106,  16.6,  11.0
16-Feb-2018 15:00, 9.262,-9999 ,  24.9, 1000.0, 0.155, 0.025,   57,  18.0,  10.8
16-Feb-2018 16:00, 9.353,-9999 ,  25.5,  999.1, 0.143, 0.010,   89,  17.6,  13.1
16-Feb-2018 17:00, 8.364,-9999 ,  25.4,  998.6, 0.110,-0.031,   67,  17.5,  13.6
16-Feb-2018 18:00, 6.881,-9999 ,  25.3,  998.1, 0.082,-0.064,   70,  16.1,  11.1
16-Feb-2018 19:00, 5.321,-9999 ,  25.2,  997.9, 0.156, 0.005,   77,  14.2,  11.9
16-Feb-2018 20:00, 3.731,-9999 ,  25.4,  998.1, 0.206, 0.054,   74,  16.3,  10.5
16-Feb-2018 21:00, 2.374,-9999 ,  25.1,  998.1, 0.241, 0.090,   71,  14.6,  10.6
16-Feb-2018 22:00, 1.725,-9999 ,  25.4,  998.8, 0.216, 0.066,   69,  16.6,  11.0
16-Feb-2018 23:00, 2.357,-9999 ,  25.6,  999.3, 0.167, 0.024,   67,  14.0,  10.1
17-Feb-2018 00:00, 3.884,-9999 ,  25.8,  999.6, 0.159, 0.021,   72,  14.0,  10.3
17-Feb-2018 01:00, 5.639,-9999 ,  25.7,  999.5, 0.147, 0.011,   80,  14.6,  11.5
17-Feb-2018 02:00, 7.406,-9999 ,  26.5,  998.6, 0.139, 0.001,   73,  15.1,  12.5
17-Feb-2018 03:00, 8.872,-9999 ,  25.8,  998.8, 0.173, 0.028,   67,  17.8,   9.2
17-Feb-2018 04:00, 9.460,-9999 ,  25.6,  999.1, 0.252, 0.108,   18,  13.2,   7.2
17-Feb-2018 05:00, 8.815,-9999 ,  25.7,  998.8, 0.275, 0.135,   43,  14.6,   7.1
17-Feb-2018 06:00, 7.360,-9999 ,  26.4,  998.1, 0.138,-0.006,   51,   9.6,   7.1
17-Feb-2018 07:00, 5.811,-9999 ,  26.9,  997.8, 0.090,-0.061,   36,  10.1,   7.7
17-Feb-2018 08:00, 4.269,-9999 ,  27.6,  997.8, 0.100,-0.054,   30,  13.8,   8.0
17-Feb-2018 09:00, 2.891,-9999 ,  27.8,  998.1, 0.134,-0.020,   12,  11.9,   8.4
17-Feb-2018 10:00, 2.139,-9999 ,  26.5,  998.8, 0.242, 0.092,   13,  14.9,   6.7
17-Feb-2018 11:00, 2.544,-9999 ,  26.1,  999.4, 0.255, 0.113,  354,  10.1,   6.7
17-Feb-2018 12:00, 3.980,-9999 ,  26.4,  999.8, 0.221, 0.084,    2,  18.3,  10.8
17-Feb-2018 13:00, 5.823,-9999 ,  26.8, 1000.1, 0.263, 0.130,   13,  13.4,   9.9
17-Feb-2018 14:00, 7.678,-9999 ,  27.0, 1000.0, 0.306, 0.175,    3,  16.5,  11.6
17-Feb-2018 15:00, 9.190,-9999 ,  27.9,  999.3, 0.312, 0.179,  355,  17.1,  11.0
17-Feb-2018 16:00, 9.773,-9999 ,  27.1,  998.6, 0.240, 0.101,  342,  15.6,  10.0
17-Feb-2018 17:00, 9.243,-9999 ,  27.6,  998.0, 0.277, 0.130,  356,  19.4,   9.9
17-Feb-2018 18:00, 7.865,-9999 ,  25.1,  998.0, 0.278, 0.128,  338,  23.4,  16.3
17-Feb-2018 19:00, 6.212,-9999 ,  27.9,  996.6, 0.250, 0.097,  357,  21.8,  10.9
17-Feb-2018 20:00, 4.542,-9999 ,  27.8,  996.6, 0.308, 0.142,  336,  25.6,  12.7
17-Feb-2018 21:00, 3.010,-9999 ,  27.6,  997.0, 0.397, 0.232,  351,  20.6,  12.2
17-Feb-2018 22:00, 1.932,-9999 ,  26.7,  997.5, 0.459, 0.298,  331,  22.0,  14.9
17-Feb-2018 23:00, 1.946,-9999 ,  27.0,  997.8, 0.417, 0.261,  332,  22.4,  16.2
18-Feb-2018 00:00, 3.140,-9999 ,  27.1,  998.3, 0.274, 0.122,  338,  20.6,  14.0
18-Feb-2018 01:00, 4.938,-9999 ,  25.9,  998.6, 0.250, 0.102,  328,  23.6,  12.8
18-Feb-2018 02:00, 6.916,-9999 ,  27.8,  998.6, 0.326, 0.181,  318,  23.0,  15.2
18-Feb-2018 03:00, 8.661,-9999 ,  28.9,  998.3, 0.333, 0.187,  327,  20.3,  15.0
18-Feb-2018 04:00, 9.664,-9999 ,  28.8,  998.0, 0.303, 0.154,  324,  20.2,  13.8
18-Feb-2018 05:00, 9.497,-9999 ,  28.8,  997.5, 0.327, 0.175,  324,  20.3,  15.3
18-Feb-2018 06:00, 8.203,-9999 ,  29.4,  997.6, 0.219, 0.062,  317,  18.5,  14.0
18-Feb-2018 07:00, 6.608,-9999 ,  28.6,  997.6, 0.130,-0.025,  320,  18.6,  12.0
18-Feb-2018 08:00, 4.987,-9999 ,  29.3,  997.5, 0.123,-0.033,  311,  17.0,  12.7
18-Feb-2018 09:00, 3.382,-9999 ,  29.4,  998.5, 0.116,-0.040,  313,  16.4,  11.8
18-Feb-2018 10:00, 2.086,-9999 ,  29.3,  999.1, 0.093,-0.053,  313,  15.0,  10.5
18-Feb-2018 11:00, 1.828,-9999 ,  29.2,  999.6, 0.117,-0.024,  322,  15.5,  12.7
18-Feb-2018 12:00, 3.018,-9999 ,  29.0, 1000.2, 0.193, 0.058,  327,  15.2,  11.2
18-Feb-2018 13:00, 4.827,-9999 ,  29.1, 1000.7, 0.200, 0.071,  327,  16.8,  13.0
18-Feb-2018 14:00, 6.773,-9999 ,  29.0, 1000.9, 0.243, 0.119,  331,  17.3,  11.9
18-Feb-2018 15:00, 8.618,-9999 ,  29.1, 1000.8, 0.315, 0.192,  328,  17.8,  12.1
18-Feb-2018 16:00, 9.751,-9999 ,  29.0, 1000.3, 0.285, 0.160,  322,  16.8,  12.1
18-Feb-2018 17:00, 9.687,-9999 ,  29.0, 1000.1, 0.236, 0.107,  322,  15.7,  11.6
18-Feb-2018 18:00, 8.454,-9999 ,  28.9,  999.8, 0.145, 0.015,  322,  15.5,  11.4
18-Feb-2018 19:00, 6.817,-9999 ,  29.0,  999.3, 0.095,-0.040,  322,  15.9,  11.6
18-Feb-2018 20:00, 5.208,-9999 ,  29.0,  999.6, 0.187, 0.048,  317,  17.3,  10.9
18-Feb-2018 21:00, 3.487,-9999 ,  28.9, 1000.3, 0.188, 0.053,  322,  16.8,  10.2
18-Feb-2018 22:00, 1.998,-9999 ,  28.9, 1000.8, 0.139, 0.011,  322,  15.2,  11.1
18-Feb-2018 23:00, 1.443,-9999 ,  29.0, 1001.4, 0.167, 0.044,  322,  14.7,  11.1
19-Feb-2018 00:00, 2.345,-9999 ,  29.0, 1001.8, 0.223, 0.106,  320,  15.5,  11.5
19-Feb-2018 01:00, 4.074,-9999 ,  29.1, 1002.0, 0.198, 0.084,  311,  15.7,  10.4
19-Feb-2018 02:00, 6.007,-9999 ,  29.1, 1002.2, 0.206, 0.094,  320,  14.2,  10.2
19-Feb-2018 03:00, 7.907,-9999 ,  29.2, 1002.3, 0.214, 0.104,  321,  13.2,   9.7
19-Feb-2018 04:00, 9.348,-9999 ,  29.3, 1001.9, 0.199, 0.090,  320,  13.5,  10.8
19-Feb-2018 05:00, 9.714,-9999 ,  29.2, 1001.5, 0.182, 0.068,  315,  13.0,   8.6
19-Feb-2018 06:00, 8.809,-9999 ,  29.3, 1001.4, 0.130, 0.013,  317,  11.9,   7.8
19-Feb-2018 07:00, 7.276,-9999 ,  29.2, 1001.0, 0.059,-0.059,  319,  11.9,   9.9
19-Feb-2018 08:00, 5.670,-9999 ,  29.1, 1000.9, 0.043,-0.079,  321,  11.7,   8.7
19-Feb-2018 09:00, 4.004,-9999 ,  29.1, 1001.6, 0.041,-0.081,  322,  11.8,   8.6
19-Feb-2018 10:00, 2.508,-9999 ,  28.9, 1002.0, 0.048,-0.067,  327,  11.4,   8.9
19-Feb-2018 11:00, 1.694,-9999 ,  28.7, 1002.1, 0.084,-0.028,  327,  11.3,   8.2
19-Feb-2018 12:00, 2.236,-9999 ,  28.7, 1003.2, 0.136, 0.026,  322,  10.6,   7.6
19-Feb-2018 13:00, 3.814,-9999 ,  28.6, 1003.9, 0.099, 0.000,  330,  10.5,   7.7
19-Feb-2018 14:00, 5.705,-9999 ,  28.7, 1004.0, 0.105, 0.013,  328,  12.1,   8.3
19-Feb-2018 15:00, 7.624,-9999 ,  28.6, 1004.0, 0.167, 0.075,  325,  12.3,   8.1
19-Feb-2018 16:00, 9.136,-9999 ,  28.6, 1003.9, 0.152, 0.060,  325,  12.2,   8.9
19-Feb-2018 17:00, 9.676,-9999 ,  28.5, 1003.7, 0.111, 0.018,  327,  11.6,   8.2
19-Feb-2018 18:00, 8.982,-9999 ,  28.4, 1003.6, 0.105, 0.010,  328,  10.5,   8.4
19-Feb-2018 19:00, 7.488,-9999 ,  28.5, 1003.6, 0.073,-0.023,  325,  11.2,   8.2
19-Feb-2018 20:00, 5.845,-9999 ,  28.6, 1004.1, 0.059,-0.037,  326,  11.5,   8.4
19-Feb-2018 21:00, 4.182,-9999 ,  28.5, 1004.5, 0.091, 0.001,  322,  11.5,   7.9
19-Feb-2018 22:00, 2.626,-9999 ,  28.5, 1004.9, 0.106, 0.020,  322,  11.5,   7.9
19-Feb-2018 23:00, 1.566,-9999 ,  28.7, 1005.2, 0.063,-0.020,  313,  12.0,   8.2
20-Feb-2018 00:00, 1.794,-9999 ,  29.0, 1005.6, 0.103, 0.023,  309,   9.9,   7.4
20-Feb-2018 01:00, 3.252,-9999 ,  29.3, 1006.1, 0.108, 0.032,  315,   9.7,   6.9
20-Feb-2018 02:00, 5.086,-9999 ,  29.2, 1006.0, 0.070,-0.001,  329,  10.5,   8.5
20-Feb-2018 03:00, 6.969,-9999 ,  29.0, 1005.6, 0.076, 0.003,  319,  10.8,   8.0
20-Feb-2018 04:00, 8.677,-9999 ,  28.4, 1005.4, 0.094, 0.018,  334,  11.6,   7.0
20-Feb-2018 05:00, 9.623,-9999 ,  29.1, 1004.9, 0.117, 0.038,  318,  11.2,   8.1
20-Feb-2018 06:00, 9.241,-9999 ,  29.2, 1004.5, 0.064,-0.020,  321,  10.8,   7.9
20-Feb-2018 07:00, 7.918,-9999 ,  29.3, 1004.2, 0.016,-0.071,  316,  10.4,   7.3
20-Feb-2018 08:00, 6.374,-9999 ,  29.1, 1004.1, 0.005,-0.085,  305,   8.7,   6.1
20-Feb-2018 09:00, 4.742,-9999 ,  29.2, 1004.4,-0.015,-0.106,  314,   8.0,   6.1
20-Feb-2018 10:00, 3.171,-9999 ,  28.8, 1004.7, 0.005,-0.083,  318,   7.5,   5.5
20-Feb-2018 11:00, 1.977,-9999 ,  28.6, 1005.1, 0.000,-0.085,  328,   6.6,   4.7
20-Feb-2018 12:00, 1.816,-9999 ,  28.4, 1005.4, 0.019,-0.061,  326,   6.4,   4.6
20-Feb-2018 13:00, 2.981,-9999 ,  28.4, 1005.4, 0.033,-0.044,  324,   7.3,   5.8
20-Feb-2018 14:00, 4.745,-9999 ,  28.3, 1005.6, 0.032,-0.046,  318,   7.7,   5.2
20-Feb-2018 15:00, 6.613,-9999 ,  28.4, 1005.7, 0.122, 0.046,  310,   6.9,   5.1
20-Feb-2018 16:00, 8.299,-9999 ,  28.2, 1004.8, 0.156, 0.080,  319,   7.0,   4.5
20-Feb-2018 17:00, 9.368,-9999 ,  28.2, 1004.3, 0.159, 0.075,  319,   7.0,   5.3
20-Feb-2018 18:00, 9.265,-9999 ,  28.3, 1004.0, 0.136, 0.046,  315,   6.8,   5.1
20-Feb-2018 19:00, 8.044,-9999 ,  28.1, 1004.1, 0.055,-0.037,  327,   6.2,   4.5
20-Feb-2018 20:00, 6.514,-9999 ,  28.1, 1004.1, 0.044,-0.047,  325,   6.9,   5.0
20-Feb-2018 21:00, 4.941,-9999 ,  28.1, 1004.4, 0.045,-0.046,  324,   6.7,   3.9
20-Feb-2018 22:00, 3.393,-9999 ,  28.0, 1005.2, 0.060,-0.027,  327,   5.6,   3.6
20-Feb-2018 23:00, 2.171,-9999 ,  27.5, 1005.5, 0.061,-0.019,   38,   4.8,   1.6
21-Feb-2018 00:00, 1.832,-9999 ,  28.0, 1005.6, 0.102, 0.025,  282,   6.4,   5.1
21-Feb-2018 01:00, 2.785,-9999 ,  28.7, 1005.8, 0.157, 0.081,  334,   5.2,   3.3
21-Feb-2018 02:00, 4.399,-9999 ,  28.8, 1005.8, 0.082, 0.008,  343,   6.7,   4.8
21-Feb-2018 03:00, 6.181,-9999 ,  29.0, 1005.3, 0.102, 0.027,  335,   8.0,   6.0
21-Feb-2018 04:00, 7.896,-9999 ,  28.8, 1005.1, 0.130, 0.051,  301,   7.7,   5.2
21-Feb-2018 05:00, 9.164,-9999 ,  28.7, 1004.1, 0.122, 0.040,  297,   7.9,   6.4
21-Feb-2018 06:00, 9.442,-9999 ,  28.8, 1003.9, 0.128, 0.037,  311,   8.4,   7.0
21-Feb-2018 07:00, 8.519,-9999 ,  28.4, 1003.6, 0.071,-0.023,  291,   8.2,   5.9
21-Feb-2018 08:00, 7.075,-9999 ,  28.6, 1003.5, 0.035,-0.062,  294,   7.1,   5.2
21-Feb-2018 09:00, 5.569,-9999 ,  28.5, 1003.9, 0.022,-0.075,  306,   6.9,   5.1
21-Feb-2018 10:00, 4.043,-9999 ,  28.5, 1004.5, 0.031,-0.061,  318,   5.5,   3.7
21-Feb-2018 11:00, 2.720,-9999 ,  28.4, 1004.7, 0.038,-0.048,  325,   4.2,   1.7
21-Feb-2018 12:00, 2.070,-9999 ,  28.3, 1005.3, 0.054,-0.030,  338,   2.9,   1.2
21-Feb-2018 13:00, 2.657,-9999 ,  28.4, 1005.8, 0.146, 0.067,  349,   2.1,   1.1
21-Feb-2018 14:00, 4.059,-9999 ,  26.8, 1005.9, 0.100, 0.026,   49,   4.4,   2.6
21-Feb-2018 15:00, 5.650,-9999 ,  26.5, 1005.8, 0.071,-0.002,   40,   4.5,   2.3
21-Feb-2018 16:00, 7.227,-9999 ,  26.5, 1005.5, 0.103, 0.029,   23,   3.3,   1.2
21-Feb-2018 17:00, 8.513,-9999 ,  26.8, 1005.0, 0.109, 0.032,    3,   2.4,   2.0
21-Feb-2018 18:00, 8.983,-9999 ,  26.6, 1004.7, 0.081,-0.001,    4,   3.2,   2.9
21-Feb-2018 19:00, 8.354,-9999 ,  26.8, 1004.5, 0.045,-0.040,    4,   3.9,   2.8
21-Feb-2018 20:00, 7.095,-9999 ,  27.8, 1004.8, 0.064,-0.022,  319,   4.8,   4.0
21-Feb-2018 21:00, 5.697,-9999 ,  27.6, 1005.1, 0.075,-0.009,  330,   4.9,   3.9
21-Feb-2018 22:00, 4.266,-9999 ,  27.8, 1005.7, 0.064,-0.016,  315,   4.8,   2.9
21-Feb-2018 23:00, 3.003,-9999 ,  28.2, 1006.4, 0.059,-0.015,  334,   3.8,   2.8
22-Feb-2018 00:00, 2.291,-9999 ,  28.5, 1007.0, 0.061,-0.006,  301,   4.1,   1.8
22-Feb-2018 01:00, 2.614,-9999 ,  28.9, 1006.7, 0.115, 0.052,  274,   4.1,   2.6
22-Feb-2018 02:00, 3.843,-9999 ,  28.8, 1006.8, 0.072, 0.007,  275,   4.6,   3.0
22-Feb-2018 03:00, 5.397,-9999 ,  28.5, 1006.3, 0.040,-0.025,  287,   6.4,   5.0
22-Feb-2018 04:00, 6.964,-9999 ,  28.6, 1005.8, 0.078, 0.009,  272,   6.0,   4.1
22-Feb-2018 05:00, 8.298,-9999 ,  28.9, 1005.1, 0.064,-0.011,  282,   6.0,   4.6
22-Feb-2018 06:00, 9.048,-9999 ,  29.1, 1004.9, 0.076,-0.005,  282,   6.2,   4.5
22-Feb-2018 07:00, 8.778,-9999 ,  29.0, 1005.0, 0.084, 0.001,  294,   6.2,   4.6
22-Feb-2018 08:00, 7.657,-9999 ,  28.9, 1004.7, 0.057,-0.026,  286,   5.9,   4.5
22-Feb-2018 09:00, 6.313,-9999 ,  28.9, 1004.7, 0.051,-0.034,  295,   5.6,   2.9
22-Feb-2018 10:00, 4.928,-9999 ,  28.6, 1004.6, 0.041,-0.044,  299,   5.0,   4.1
22-Feb-2018 11:00, 3.626,-9999 ,  28.5, 1005.3, 0.041,-0.044,  300,   5.4,   4.1
22-Feb-2018 12:00, 2.699,-9999 ,  28.5, 1006.0, 0.021,-0.057,  307,   5.5,   3.7
22-Feb-2018 13:00, 2.638,-9999 ,  28.5, 1006.6, 0.065,-0.007,  294,   4.9,   3.3
22-Feb-2018 14:00, 3.558,-9999 ,  28.6, 1006.9, 0.104, 0.038,  289,   5.0,   2.7
22-Feb-2018 15:00, 4.865,-9999 ,  28.5, 1006.7, 0.060,-0.003,  279,   4.4,   3.6
22-Feb-2018 16:00, 6.185,-9999 ,  28.3, 1006.2, 0.049,-0.017,  276,   5.6,   4.3
22-Feb-2018 17:00, 7.389,-9999 ,  28.2, 1005.7, 0.040,-0.031,  277,   6.0,   4.2
22-Feb-2018 18:00, 8.218,-9999 ,  28.3, 1005.5, 0.052,-0.024,  274,   5.7,   4.3
22-Feb-2018 19:00, 8.223,-9999 ,-9999 , 1005.7, 0.040,-0.037,  271,   6.0,   4.1
22-Feb-2018 20:00, 7.380,-9999 ,  28.3, 1005.6,-0.001,-0.076,  264,   5.6,   4.8
22-Feb-2018 21:00, 6.234,-9999 ,  28.4, 1005.9, 0.013,-0.063,  256,   6.5,   5.2
22-Feb-2018 22:00, 5.053,-9999 ,  28.3, 1006.6, 0.038,-0.035,  257,   6.6,   4.5
22-Feb-2018 23:00, 3.939,-9999 ,  28.4, 1007.5, 0.063,-0.002,  259,   6.1,   4.1
23-Feb-2018 00:00, 3.103,-9999 ,  27.7, 1008.0, 0.053,-0.003,  191,   5.5,   3.2
23-Feb-2018 01:00, 2.941,-9999 ,  28.7, 1008.3, 0.089, 0.037,  209,   4.5,   2.1
23-Feb-2018 02:00, 3.636,-9999 ,  28.7, 1008.3, 0.122, 0.073,  232,   3.5,   2.7
23-Feb-2018 03:00, 4.805,-9999 ,  28.7, 1007.7, 0.056, 0.006,  238,   5.1,   3.8
23-Feb-2018 04:00, 6.083,-9999 ,  28.9, 1007.0, 0.022,-0.033,  270,   6.5,   4.7
23-Feb-2018 05:00, 7.302,-9999 ,  28.8, 1006.1, 0.017,-0.046,  279,   6.6,   5.4
23-Feb-2018 06:00, 8.262,-9999 ,  29.0, 1005.5, 0.057,-0.015,  280,   7.9,   6.1
23-Feb-2018 07:00, 8.541,-9999 ,  29.1, 1005.2, 0.079, 0.002,  281,   7.9,   6.5
23-Feb-2018 08:00, 7.936,-9999 ,  29.2, 1004.9, 0.022,-0.058,  283,   8.2,   6.8
23-Feb-2018 09:00, 6.883,-9999 ,  29.6, 1004.9, 0.003,-0.080,  278,   7.9,   5.8
23-Feb-2018 10:00, 5.733,-9999 ,  29.1, 1005.2, 0.016,-0.067,  272,   8.2,   5.7
23-Feb-2018 11:00, 4.596,-9999 ,-9999 , 1005.9, 0.033,-0.047,  276,   8.1,   5.9
23-Feb-2018 12:00, 3.618,-9999 ,-9999 , 1006.5,-0.001,-0.073,  274,   7.7,   5.6
23-Feb-2018 13:00, 3.158,-9999 ,-9999 , 1007.2, 0.006,-0.060,  276,   7.1,   5.8
23-Feb-2018 14:00, 3.515,-9999 ,  28.8, 1007.3, 0.120, 0.060,  273,   7.0,   5.2
23-Feb-2018 15:00, 4.385,-9999 ,-9999 , 1007.2, 0.143, 0.084,  277,   7.1,   5.1
23-Feb-2018 16:00, 5.351,-9999 ,-9999 , 1006.9, 0.083, 0.023,  274,   6.2,   4.7
23-Feb-2018 17:00, 6.283,-9999 ,-9999 , 1006.6, 0.011,-0.052,  282,   6.0,   4.9
23-Feb-2018 18:00, 7.120,-9999 ,  28.4, 1006.0, 0.010,-0.057,  282,   7.0,   5.3
23-Feb-2018 19:00, 7.584,-9999 ,  28.4, 1005.9, 0.059,-0.013,  275,   6.9,   5.5
23-Feb-2018 20:00, 7.322,-9999 ,  28.5, 1006.4, 0.001,-0.072,  265,   7.8,   6.3
23-Feb-2018 21:00, 6.548,-9999 ,  28.4, 1006.9,-0.073,-0.140,  262,   7.7,   5.4
23-Feb-2018 22:00, 5.686,-9999 ,  28.5, 1007.3,-0.035,-0.098,  260,   8.4,   7.0
23-Feb-2018 23:00, 4.807,-9999 ,  28.8, 1008.0, 0.006,-0.052,  255,   8.6,   6.9
24-Feb-2018 00:00, 4.023,-9999 ,-9999 , 1008.7,-0.007,-0.058,  256,   8.4,   7.0
24-Feb-2018 01:00, 3.632,-9999 ,-9999 , 1009.0, 0.023,-0.021,  248,   8.6,   6.6
24-Feb-2018 02:00, 3.835,-9999 ,  28.9, 1008.9, 0.114, 0.072,  239,   8.0,   6.9
24-Feb-2018 03:00, 4.515,-9999 ,-9999 , 1008.5, 0.135, 0.092,  241,   8.2,   6.7
24-Feb-2018 04:00, 5.400,-9999 ,-9999 , 1007.8, 0.084, 0.036,  252,   8.4,   6.8
24-Feb-2018 05:00, 6.336,-9999 ,-9999 , 1007.2, 0.021,-0.034,  276,   8.7,   7.1
24-Feb-2018 06:00, 7.184,-9999 ,-9999 , 1006.8,-0.022,-0.082,  280,   8.4,   7.3
24-Feb-2018 07:00, 7.752,-9999 ,-9999 , 1006.2, 0.005,-0.060,  275,   8.8,   6.8
24-Feb-2018 08:00, 7.767,-9999 ,-9999 , 1005.9, 0.008,-0.062,  282,   8.8,   7.5
24-Feb-2018 09:00, 7.189,-9999 ,-9999 , 1005.9,-0.071,-0.144,  275,   8.6,   6.3
24-Feb-2018 10:00, 6.394,-9999 ,-9999 , 1006.3,-0.066,-0.139,  285,   7.8,   6.1
24-Feb-2018 11:00, 5.564,-9999 ,-9999 , 1006.9, 0.016,-0.053,  279,   7.7,   5.6
24-Feb-2018 12:00, 4.739,-9999 ,-9999 , 1007.2, 0.038,-0.024,  284,   7.9,   6.2
24-Feb-2018 13:00, 4.114,-9999 ,-9999 , 1007.5, 0.014,-0.045,  282,   7.7,   5.4
24-Feb-2018 14:00, 3.970,-9999 ,-9999 , 1007.7, 0.083, 0.026,  285,   7.6,   5.5
24-Feb-2018 15:00, 4.254,-9999 ,-9999 , 1007.4, 0.146, 0.091,  282,   7.1,   5.9
24-Feb-2018 16:00, 4.741,-9999 ,-9999 , 1006.9, 0.126, 0.067,  294,   7.5,   5.7
24-Feb-2018 17:00, 5.328,-9999 ,-9999 , 1006.3, 0.059,-0.005,  296,   8.6,   7.2
24-Feb-2018 18:00, 5.977,-9999 ,-9999 , 1005.8, 0.023,-0.047,  286,   9.0,   6.6
24-Feb-2018 19:00, 6.548,-9999 ,-9999 , 1005.8, 0.062,-0.012,  275,   9.6,   7.2
24-Feb-2018 20:00, 6.789,-9999 ,-9999 , 1006.4, 0.068,-0.006,  265,   9.6,   6.7
24-Feb-2018 21:00, 6.572,-9999 ,-9999 , 1007.2,-0.036,-0.103,  255,   9.5,   8.0
24-Feb-2018 22:00, 6.117,-9999 ,-9999 , 1007.4,-0.098,-0.159,  258,  10.2,   8.2
24-Feb-2018 23:00, 5.573,-9999 ,-9999 , 1008.1,-0.079,-0.136,  251,   9.9,   8.5
25-Feb-2018 00:00, 5.026,-9999 ,-9999 , 1008.0,-0.041,-0.093,  257,   9.8,   7.7
25-Feb-2018 01:00, 4.629,-9999 ,-9999 , 1008.1, 0.019,-0.033,  251,   9.6,   7.0
25-Feb-2018 02:00, 4.476,-9999 ,-9999 , 1007.8, 0.084, 0.033,  253,   9.2,   7.8
25-Feb-2018 03:00, 4.581,-9999 ,-9999 , 1006.9, 0.104, 0.050,  254,   9.1,   7.2
25-Feb-2018 04:00, 4.939,-9999 ,-9999 , 1006.0, 0.115, 0.051,  259,   8.9,   7.5
25-Feb-2018 05:00, 5.474,-9999 ,-9999 , 1005.2, 0.082, 0.010,  259,   9.7,   7.8
25-Feb-2018 06:00, 6.063,-9999 ,-9999 , 1004.4,-0.025,-0.106,  281,   9.9,   7.9
25-Feb-2018 07:00, 6.630,-9999 ,  29.3, 1004.1,-0.072,-0.160,  282,  10.9,   9.0
25-Feb-2018 08:00, 7.034,-9999 ,  29.3, 1003.8,-0.039,-0.130,  276,  11.0,   9.0
25-Feb-2018 09:00, 7.093,-9999 ,  29.2, 1003.6,-0.051,-0.145,  284,  11.1,   8.1
25-Feb-2018 10:00, 6.823,-9999 ,  29.0, 1004.0,-0.100,-0.195,  277,  10.4,   7.6
25-Feb-2018 11:00, 6.385,-9999 ,  28.9, 1004.7,-0.063,-0.155,  271,  10.3,   6.8
25-Feb-2018 12:00, 5.893,-9999 ,  28.8, 1005.8, 0.050,-0.033,  274,  10.0,   6.1
25-Feb-2018 13:00, 5.352,-9999 ,  28.7, 1006.0, 0.087, 0.013,  284,   9.1,   7.3
25-Feb-2018 14:00, 4.894,-9999 ,  28.6, 1006.6, 0.074, 0.003,  290,   9.2,   6.5
25-Feb-2018 15:00, 4.608,-9999 ,  28.5, 1006.3, 0.053,-0.013,  295,   8.1,   6.5
25-Feb-2018 16:00, 4.501,-9999 ,  28.3, 1005.6, 0.062,-0.008,  287,   8.9,   7.0
25-Feb-2018 17:00, 4.601,-9999 ,  28.3, 1004.9, 0.088, 0.011,  290,   9.2,   6.9
25-Feb-2018 18:00, 4.876,-9999 ,  28.3, 1004.5, 0.050,-0.034,  291,   9.0,   7.3
25-Feb-2018 19:00, 5.235,-9999 ,  28.3, 1004.4,-0.031,-0.119,  286,   9.3,   6.8
25-Feb-2018 20:00, 5.645,-9999 ,  28.4, 1004.7,-0.049,-0.137,  289,   9.4,   7.5
25-Feb-2018 21:00, 6.029,-9999 ,  28.4, 1005.2,-0.005,-0.089,  287,  10.3,   8.7
25-Feb-2018 22:00, 6.223,-9999 ,  28.5, 1005.7,-0.020,-0.099,  269,  10.0,   6.4
25-Feb-2018 23:00, 6.225,-9999 ,  28.7, 1006.6,-0.027,-0.101,  267,   9.2,   6.4
26-Feb-2018 00:00, 6.044,-9999 ,  29.0, 1007.2,-0.014,-0.080,  271,   8.3,   5.9
26-Feb-2018 01:00, 5.714,-9999 ,  28.9, 1007.6,-0.031,-0.091,  264,   8.5,   6.2
26-Feb-2018 02:00, 5.408,-9999 ,  28.9, 1007.4, 0.019,-0.037,  276,   8.2,   5.9
26-Feb-2018 03:00, 5.187,-9999 ,  29.2, 1006.8, 0.103, 0.044,  278,   7.4,   5.4
26-Feb-2018 04:00, 4.973,-9999 ,  29.5, 1006.2, 0.117, 0.052,  275,   8.0,   5.4
26-Feb-2018 05:00, 4.869,-9999 ,  29.2, 1005.5, 0.084, 0.013,  289,   6.8,   4.3
26-Feb-2018 06:00, 5.079,-9999 ,  29.2, 1004.8, 0.077,-0.001,  286,   8.1,   6.8
26-Feb-2018 07:00, 5.517,-9999 ,  29.4, 1004.6, 0.072,-0.013,  277,   8.3,   6.0
26-Feb-2018 08:00, 5.989,-9999 ,  29.5, 1004.7, 0.022,-0.064,  287,   7.8,   6.1
26-Feb-2018 09:00, 6.418,-9999 ,  29.2, 1004.5,-0.029,-0.114,  286,   8.7,   6.8
26-Feb-2018 10:00, 6.760,-9999 ,  29.0, 1004.9,-0.055,-0.141,  292,   8.4,   6.6
26-Feb-2018 11:00, 6.948,-9999 ,  28.9, 1005.7,-0.032,-0.114,  291,   8.6,   5.9
26-Feb-2018 12:00, 6.860,-9999 ,  28.8, 1006.0,-0.012,-0.086,  292,   7.7,   5.4
26-Feb-2018 13:00, 6.514,-9999 ,  28.7, 1006.5,-0.024,-0.096,  279,   7.6,   6.3
26-Feb-2018 14:00, 6.067,-9999 ,  28.7, 1007.2, 0.027,-0.039,  293,   7.4,   4.8
26-Feb-2018 15:00, 5.580,-9999 ,  28.6, 1006.8, 0.098, 0.037,  293,   7.6,   5.5
26-Feb-2018 16:00, 4.975,-9999 ,  28.7, 1007.6, 0.080, 0.017,  203,   6.1,   2.8
26-Feb-2018 17:00, 4.369,-9999 ,  28.6, 1006.8, 0.040,-0.017,  263,   3.2,   1.9
26-Feb-2018 18:00, 4.043,-9999 ,  28.6, 1006.4, 0.036,-0.028,  263,   4.6,   2.9
26-Feb-2018 19:00, 4.095,-9999 ,  28.5, 1006.1, 0.053,-0.015,  305,   4.5,   3.3
26-Feb-2018 20:00, 4.422,-9999 ,  28.4, 1006.1, 0.007,-0.065,  307,   5.0,   3.9
26-Feb-2018 21:00, 4.943,-9999 ,  28.6, 1006.5,-0.058,-0.129,  277,   5.8,   4.2
26-Feb-2018 22:00, 5.627,-9999 ,  28.5, 1006.7,-0.041,-0.108,  274,   8.0,   6.6
26-Feb-2018 23:00, 6.312,-9999 ,  28.6, 1007.1, 0.006,-0.059,  284,   8.8,   6.6
27-Feb-2018 00:00, 6.810,-9999 ,  28.7, 1007.8, 0.070, 0.009,  294,   8.8,   5.7
27-Feb-2018 01:00, 6.918,-9999 ,  29.0, 1008.5, 0.062, 0.009,  244,   7.4,   4.1
27-Feb-2018 02:00, 6.596,-9999 ,  28.9, 1008.4,-0.003,-0.050,  218,   6.6,   5.7
27-Feb-2018 03:00, 6.096,-9999 ,  29.1, 1007.9, 0.024,-0.025,  232,   6.4,   3.1
27-Feb-2018 04:00, 5.526,-9999 ,  29.3, 1006.9, 0.078, 0.024,  232,   5.4,   3.1
27-Feb-2018 05:00, 4.920,-9999 ,  29.1, 1005.7, 0.119, 0.055,  252,   7.0,   5.8
27-Feb-2018 06:00, 4.413,-9999 ,  29.2, 1004.9, 0.072,-0.004,  276,   8.4,   6.6
27-Feb-2018 07:00, 4.278,-9999 ,  29.2, 1004.6, 0.037,-0.047,  276,   8.8,   7.6
27-Feb-2018 08:00, 4.635,-9999 ,  29.3, 1004.2, 0.058,-0.028,  279,   9.4,   7.8
27-Feb-2018 09:00, 5.323,-9999 ,  29.1, 1004.5, 0.057,-0.033,  288,   9.1,   7.3
27-Feb-2018 10:00, 6.119,-9999 ,  29.1, 1004.8, 0.045,-0.041,  266,   8.3,   5.2
27-Feb-2018 11:00, 6.869,-9999 ,  28.9, 1004.7, 0.020,-0.065,  274,   8.6,   6.7
27-Feb-2018 12:00, 7.470,-9999 ,  28.9, 1006.2, 0.043,-0.040,  282,   7.9,   5.3
27-Feb-2018 13:00, 7.713,-9999 ,  28.9, 1006.6, 0.065,-0.005,  281,   6.9,   5.1
27-Feb-2018 14:00, 7.431,-9999 ,  28.9, 1006.8, 0.033,-0.032,  276,   6.8,   4.6
27-Feb-2018 15:00, 6.717,-9999 ,  28.8, 1006.8,-0.005,-0.069,  286,   6.0,   4.2
27-Feb-2018 16:00, 5.798,-9999 ,  28.6, 1006.1,-0.042,-0.107,  294,   6.4,   5.2
27-Feb-2018 17:00, 4.810,-9999 ,  28.4, 1005.6,-0.021,-0.092,  302,   6.1,   4.6
27-Feb-2018 18:00, 3.865,-9999 ,  28.4, 1005.0,-0.003,-0.080,  293,   6.4,   4.8
27-Feb-2018 19:00, 3.220,-9999 ,  28.4, 1005.3, 0.009,-0.072,  289,   6.7,   5.5
27-Feb-2018 20:00, 3.173,-9999 ,  28.5, 1005.5, 0.064,-0.016,  279,   7.5,   5.7
27-Feb-2018 21:00, 3.786,-9999 ,  24.4, 1007.2, 0.113, 0.038,  123,  11.5,   5.4
27-Feb-2018 22:00, 4.679,-9999 ,  23.8, 1007.8, 0.058,-0.002,  121,  15.4,   4.0
27-Feb-2018 23:00, 5.673,-9999 ,  24.0, 1008.5,-0.044,-0.097,  142,   8.4,   5.6
28-Feb-2018 00:00, 6.636,-9999 ,  24.3, 1008.8,-0.155,-0.202,  122,   8.4,   6.4
28-Feb-2018 01:00, 7.433,-9999 ,  24.4, 1009.2,-0.155,-0.198,  118,   8.1,   7.1
28-Feb-2018 02:00, 7.740,-9999 ,  24.7, 1008.9,-0.060,-0.100,  123,   7.6,   3.3
28-Feb-2018 03:00, 7.304,-9999 ,  25.4, 1008.3,-0.014,-0.058,  131,   4.1,   0.3
28-Feb-2018 04:00, 6.428,-9999 ,  25.6, 1007.4,-0.012,-0.062,  138,   3.0,   2.4
28-Feb-2018 05:00, 5.430,-9999 ,  25.9, 1006.4, 0.013,-0.046,  127,   4.0,   2.8
28-Feb-2018 06:00, 4.459,-9999 ,  26.0, 1005.7, 0.061,-0.008,  108,   3.8,   3.1
28-Feb-2018 07:00, 3.641,-9999 ,  26.6, 1005.3, 0.046,-0.029,  103,   4.0,   2.6
28-Feb-2018 08:00, 3.324,-9999 ,  27.4, 1005.3, 0.048,-0.031,   95,   5.0,   3.0
28-Feb-2018 09:00, 3.809,-9999 ,  28.1, 1004.9, 0.051,-0.029,   68,   4.0,   2.8
28-Feb-2018 10:00, 4.899,-9999 ,  28.0, 1005.1, 0.077,-0.006,   46,   3.6,   2.8
28-Feb-2018 11:00, 6.131,-9999 ,  27.5, 1005.6, 0.080,-0.001,    1,   4.0,   3.3
28-Feb-2018 12:00, 7.301,-9999 ,  27.6, 1006.7, 0.060,-0.014,   32,   4.4,   2.1
28-Feb-2018 13:00, 8.203,-9999 ,  27.8, 1007.0, 0.021,-0.044,   38,   2.5,   1.1
28-Feb-2018 14:00, 8.574,-9999 ,  27.1, 1007.3, 0.027,-0.034,    7,   2.3,   1.4
28-Feb-2018 15:00, 8.201,-9999 ,  27.3, 1007.1, 0.099, 0.040,    2,   3.5,   2.1
28-Feb-2018 16:00, 7.138,-9999 ,  27.5, 1006.5, 0.062, 0.001,  356,   2.2,   1.6
28-Feb-2018 17:00, 5.813,-9999 ,  27.8, 1006.0, 0.006,-0.061,  350,   2.2,   1.4
28-Feb-2018 18:00, 4.439,-9999 ,  27.5, 1005.8, 0.003,-0.069,   81,   1.9,   1.5
28-Feb-2018 19:00, 3.176,-9999 ,  27.5, 1005.4, 0.012,-0.062,   18,   2.0,   1.1
28-Feb-2018 20:00, 2.319,-9999 ,  27.6, 1005.6, 0.042,-0.036,    5,   1.7,   1.5
28-Feb-2018 21:00, 2.387,-9999 ,  27.1, 1005.9, 0.081, 0.005,   21,   3.0,   1.9
28-Feb-2018 22:00, 3.387,-9999 ,  27.2, 1006.4, 0.109, 0.036,    3,   2.5,   1.5
28-Feb-2018 23:00, 4.747,-9999 ,  27.1, 1006.7, 0.083, 0.015,   10,   2.5,   0.9
01-Mar-2018 00:00, 6.238,-9999 ,  29.4, 1006.9, 0.059,-0.006,    0,   2.3,   0.0
01-Mar-2018 01:00, 7.674,-9999 ,  28.5, 1007.3, 0.049,-0.014,  245,   2.4,   1.3
01-Mar-2018 02:00, 8.643,-9999 ,  28.7, 1007.3, 0.064, 0.004,  297,   5.4,   3.8
01-Mar-2018 03:00, 8.682,-9999 ,  28.5, 1007.3, 0.113, 0.054,  210,   5.6,   2.9
01-Mar-2018 04:00, 7.797,-9999 ,  28.8, 1006.6, 0.114, 0.054,  284,   6.2,   4.2
01-Mar-2018 05:00, 6.490,-9999 ,  28.9, 1006.3, 0.067, 0.001,  248,   6.2,   4.6
01-Mar-2018 06:00, 5.059,-9999 ,  28.6, 1005.8, 0.000,-0.070,  314,   5.7,   4.1
01-Mar-2018 07:00, 3.690,-9999 ,  29.1, 1005.4,-0.053,-0.127,  313,   5.9,   4.5
01-Mar-2018 08:00, 2.632,-9999 ,  29.1, 1004.5,-0.024,-0.104,  316,   9.0,   6.9
01-Mar-2018 09:00, 2.407,-9999 ,  28.9, 1005.2, 0.038,-0.048,  333,   8.6,   5.8
01-Mar-2018 10:00, 3.320,-9999 ,  28.8, 1005.5, 0.067,-0.013,  339,   8.5,   5.0
01-Mar-2018 11:00, 4.880,-9999 ,  28.5, 1006.6, 0.122, 0.046,  336,   6.5,   4.5
01-Mar-2018 12:00, 6.573,-9999 ,  28.7, 1007.7, 0.191, 0.126,  330,   6.4,   3.8
01-Mar-2018 13:00, 8.097,-9999 ,  28.6, 1007.5, 0.170, 0.114,  337,   6.6,   4.8
01-Mar-2018 14:00, 9.156,-9999 ,  28.6, 1007.4, 0.094, 0.037,  328,   7.0,   4.9
01-Mar-2018 15:00, 9.331,-9999 ,  28.6, 1007.4, 0.075, 0.017,  330,   7.4,   5.5
01-Mar-2018 16:00, 8.411,-9999 ,  28.5, 1007.3, 0.003,-0.054,  323,   6.6,   3.1
01-Mar-2018 17:00, 6.977,-9999 ,  28.4, 1006.5,-0.037,-0.097,  317,   6.8,   4.9
01-Mar-2018 18:00, 5.444,-9999 ,  28.4, 1006.7, 0.016,-0.051,  326,   6.5,   3.6
01-Mar-2018 19:00, 3.810,-9999 ,  28.4, 1006.4, 0.001,-0.065,  312,   5.1,   3.6
01-Mar-2018 20:00, 2.353,-9999 ,  28.3, 1006.3, 0.046,-0.022,  293,   5.4,   3.7
01-Mar-2018 21:00, 1.554,-9999 ,  28.3, 1006.5, 0.117, 0.048,  296,   4.7,   3.3
01-Mar-2018 22:00, 2.052,-9999 ,  28.3, 1006.8, 0.153, 0.087,  294,   4.5,   3.5
01-Mar-2018 23:00, 3.492,-9999 ,  28.6, 1007.2, 0.139, 0.075,  293,   5.0,   3.4
02-Mar-2018 00:00, 5.237,-9999 ,  28.8, 1007.9, 0.105, 0.046,  290,   4.6,   3.2
02-Mar-2018 01:00, 7.067,-9999 ,  28.9, 1008.1, 0.072, 0.019,  282,   4.6,   3.2
02-Mar-2018 02:00, 8.658,-9999 ,  28.9, 1008.0, 0.015,-0.035,  282,   4.9,   3.5
02-Mar-2018 03:00, 9.434,-9999 ,  28.8, 1007.3, 0.021,-0.032,  290,   5.6,   4.1
02-Mar-2018 04:00, 8.961,-9999 ,  29.0, 1006.5, 0.038,-0.022,  293,   6.0,   4.8
02-Mar-2018 05:00, 7.637,-9999 ,  29.0, 1005.9, 0.007,-0.061,  298,   6.6,   5.3
02-Mar-2018 06:00, 6.099,-9999 ,  29.3, 1005.6, 0.024,-0.049,  314,   7.5,   4.4
02-Mar-2018 07:00, 4.451,-9999 ,  29.1, 1005.2,-0.013,-0.089,  308,   7.6,   5.5
02-Mar-2018 08:00, 2.883,-9999 ,  29.5, 1004.8,-0.016,-0.096,  300,   8.1,   6.3
02-Mar-2018 09:00, 1.783,-9999 ,  29.2, 1004.7, 0.065,-0.019,  299,   8.8,   7.3
02-Mar-2018 10:00, 1.914,-9999 ,  29.1, 1004.7, 0.104, 0.019,  302,   9.1,   6.6
02-Mar-2018 11:00, 3.332,-9999 ,  28.9, 1005.4, 0.123, 0.038,  298,   8.2,   5.3
02-Mar-2018 12:00, 5.213,-9999 ,  29.1, 1006.3, 0.125, 0.048,  290,   7.9,   5.4
02-Mar-2018 13:00, 7.173,-9999 ,  29.0, 1006.7, 0.153, 0.085,  300,   6.3,   4.5
02-Mar-2018 14:00, 8.911,-9999 ,  28.9, 1006.9, 0.134, 0.070,  300,   5.5,   4.1
02-Mar-2018 15:00, 9.846,-9999 ,  28.9, 1006.3, 0.053,-0.011,  295,   5.4,   4.4
02-Mar-2018 16:00, 9.566,-9999 ,  28.7, 1006.0, 0.048,-0.021,  304,   6.3,   4.8
02-Mar-2018 17:00, 8.284,-9999 ,  28.7, 1005.8, 0.042,-0.030,  289,   6.8,   4.1
02-Mar-2018 18:00, 6.614,-9999 ,  28.7, 1005.5, 0.030,-0.045,  289,   5.8,   4.5
02-Mar-2018 19:00, 4.810,-9999 ,  28.6, 1005.3, 0.009,-0.068,  289,   5.3,   3.5
02-Mar-2018 20:00, 3.029,-9999 ,  28.4, 1005.0, 0.011,-0.068,  302,   4.6,   3.7
02-Mar-2018 21:00, 1.555,-9999 ,  28.3, 1005.1, 0.102, 0.020,  310,   4.9,   3.1
02-Mar-2018 22:00, 1.097,-9999 ,  28.3, 1005.5, 0.124, 0.043,  299,   4.6,   3.5
02-Mar-2018 23:00, 2.179,-9999 ,  28.6, 1006.1, 0.142, 0.065,  294,   5.7,   4.5
03-Mar-2018 00:00, 4.034,-9999 ,  28.9, 1006.8, 0.141, 0.070,  286,   5.2,   3.7
03-Mar-2018 01:00, 6.083,-9999 ,  29.1, 1007.3, 0.124, 0.060,  252,   5.7,   3.9
03-Mar-2018 02:00, 8.118,-9999 ,  29.4, 1007.2, 0.088, 0.029,  249,   6.1,   3.8
03-Mar-2018 03:00, 9.594,-9999 ,  29.7, 1006.8, 0.023,-0.037,  242,   5.6,   3.0
03-Mar-2018 04:00, 9.839,-9999 ,  29.4, 1006.0, 0.024,-0.041,  271,   5.5,   4.0
03-Mar-2018 05:00, 8.814,-9999 ,  29.7, 1005.4, 0.019,-0.053,  279,   6.7,   4.3
03-Mar-2018 06:00, 7.199,-9999 ,  29.9, 1004.8,-0.024,-0.103,  266,   6.8,   4.9
03-Mar-2018 07:00, 5.459,-9999 ,  29.7, 1004.4,-0.019,-0.103,  280,   7.2,   5.3
03-Mar-2018 08:00, 3.641,-9999 ,  29.9, 1004.1,-0.047,-0.135,  278,   7.1,   5.0
03-Mar-2018 09:00, 2.021,-9999 ,  29.7, 1004.0, 0.041,-0.050,  293,   6.7,   5.2
03-Mar-2018 10:00, 1.170,-9999 ,  29.3, 1004.2, 0.097, 0.005,  292,   7.0,   5.4
03-Mar-2018 11:00, 1.889,-9999 ,  29.0, 1005.3, 0.090, 0.001,  299,   6.7,   4.2
03-Mar-2018 12:00, 3.712,-9999 ,  29.1, 1005.7, 0.081, 0.001,  293,   6.2,   4.5
03-Mar-2018 13:00, 5.852,-9999 ,  29.1, 1006.8, 0.108, 0.035,  280,   6.8,   5.3
03-Mar-2018 14:00, 8.021,-9999 ,  29.1, 1006.5, 0.172, 0.107,  279,   7.4,   5.7
03-Mar-2018 15:00, 9.652,-9999 ,  29.0, 1006.4, 0.093, 0.026,  289,   8.3,   6.3
03-Mar-2018 16:00,10.141,-9999 ,  28.9, 1006.3, 0.040,-0.029,  295,   8.8,   7.1
03-Mar-2018 17:00, 9.332,-9999 ,  28.9, 1006.3, 0.081, 0.012,  297,   9.7,   7.5
03-Mar-2018 18:00, 7.714,-9999 ,  29.0, 1006.0, 0.033,-0.037,  284,  10.3,   7.7
03-Mar-2018 19:00, 5.875,-9999 ,  29.0, 1006.0,-0.010,-0.082,  277,   9.5,   6.9
03-Mar-2018 20:00, 3.972,-9999 ,  29.1, 1006.4,-0.033,-0.105,  266,   8.1,   5.3
03-Mar-2018 21:00, 2.216,-9999 ,  29.3, 1006.6, 0.052,-0.015,  255,   7.8,   6.2
03-Mar-2018 22:00, 1.011,-9999 ,  29.3, 1006.7, 0.143, 0.077,  245,   8.6,   6.8
03-Mar-2018 23:00, 1.260,-9999 ,  29.3, 1007.6, 0.159, 0.094,  254,   8.7,   5.9
04-Mar-2018 00:00, 2.859,-9999 ,  29.7, 1008.5, 0.147, 0.092,  240,   6.5,   4.0
04-Mar-2018 01:00, 4.888,-9999 ,  29.6, 1008.6, 0.085, 0.038,  293,   4.7,   0.9
04-Mar-2018 02:00, 7.063,-9999 ,  29.6, 1008.2, 0.049, 0.002,  280,   5.2,   3.6
04-Mar-2018 03:00, 9.073,-9999 ,  30.1, 1008.0, 0.026,-0.024,  316,   5.7,   3.5
04-Mar-2018 04:00,10.114,-9999 ,  29.6, 1007.0,-0.002,-0.055,  306,   7.9,   6.7
04-Mar-2018 05:00, 9.660,-9999 ,  28.0, 1006.3,-0.012,-0.075,    3,  14.6,  10.2
04-Mar-2018 06:00, 8.202,-9999 ,  28.6, 1005.5,-0.064,-0.134,  336,  12.1,   8.4
04-Mar-2018 07:00, 6.494,-9999 ,  28.8, 1005.2,-0.058,-0.136,  317,  10.6,   8.0
04-Mar-2018 08:00, 4.657,-9999 ,  29.2, 1005.2,-0.042,-0.122,  320,   9.7,   7.2
04-Mar-2018 09:00, 2.867,-9999 ,  29.3, 1005.4, 0.057,-0.023,  287,   8.7,   6.4
04-Mar-2018 10:00, 1.403,-9999 ,  29.6, 1006.0, 0.166, 0.088,  278,   8.4,   4.9
04-Mar-2018 11:00, 1.057,-9999 ,  29.4, 1006.5, 0.065,-0.007,  288,   7.3,   4.7
04-Mar-2018 12:00, 2.386,-9999 ,  29.2, 1007.1, 0.030,-0.037,  306,   5.7,   4.1
04-Mar-2018 13:00, 4.461,-9999 ,  29.1, 1007.4, 0.043,-0.018,  317,   6.1,   4.6
04-Mar-2018 14:00, 6.710,-9999 ,  29.2, 1007.7, 0.105, 0.048,  313,   6.5,   5.3
04-Mar-2018 15:00, 8.815,-9999 ,  29.0, 1007.6, 0.141, 0.086,  320,   6.4,   4.0
04-Mar-2018 16:00,10.045,-9999 ,  28.9, 1007.6, 0.050,-0.006,  299,   5.9,   3.9
04-Mar-2018 17:00, 9.875,-9999 ,  29.0, 1007.0, 0.024,-0.033,  294,   6.1,   4.8
04-Mar-2018 18:00, 8.547,-9999 ,  29.2, 1006.8, 0.001,-0.061,  259,   7.3,   6.2
04-Mar-2018 19:00, 6.802,-9999 ,  29.4, 1006.6,-0.051,-0.115,  248,   8.7,   7.3
04-Mar-2018 20:00, 4.966,-9999 ,  29.3, 1006.0,-0.053,-0.120,  268,   8.6,   6.0
04-Mar-2018 21:00, 3.158,-9999 ,  29.2, 1006.6, 0.011,-0.060,  283,   7.9,   4.4
04-Mar-2018 22:00, 1.611,-9999 ,  28.9, 1006.8, 0.134, 0.068,  301,   5.9,   4.2
04-Mar-2018 23:00, 0.968,-9999 ,  29.2, 1007.2, 0.126, 0.062,  292,   5.6,   4.8
05-Mar-2018 00:00, 1.965,-9999 ,  29.4, 1007.7, 0.118, 0.059,  289,   6.1,   4.6
05-Mar-2018 01:00, 3.883,-9999 ,  29.6, 1008.0, 0.112, 0.057,  287,   6.1,   4.4
05-Mar-2018 02:00, 6.015,-9999 ,  29.7, 1008.4, 0.096, 0.044,  258,   5.2,   3.3
05-Mar-2018 03:00, 8.163,-9999 ,  29.8, 1008.2, 0.087, 0.038,  229,   4.5,   3.5
05-Mar-2018 04:00, 9.732,-9999 ,  26.7, 1008.1,-0.013,-0.062,  133,  12.5,   7.0
05-Mar-2018 05:00,10.065,-9999 ,  28.7, 1007.0,-0.018,-0.070,   79,   6.9,   2.6
05-Mar-2018 06:00, 9.078,-9999 ,  31.5, 1005.8, 0.023,-0.040,   20,   3.0,   0.9
05-Mar-2018 07:00, 7.425,-9999 ,  33.6, 1004.9,-0.044,-0.120,    0,   4.8,   0.0
05-Mar-2018 08:00, 5.646,-9999 ,  30.4, 1004.7,-0.061,-0.144,  329,   7.8,   5.8
05-Mar-2018 09:00, 3.785,-9999 ,  29.8, 1004.3,-0.045,-0.131,  314,   9.1,   7.8
05-Mar-2018 10:00, 2.085,-9999 ,  29.5, 1005.0, 0.053,-0.036,  305,   9.3,   6.3
05-Mar-2018 11:00, 1.050,-9999 ,  29.2, 1005.8, 0.058,-0.023,  296,   7.6,   4.5
05-Mar-2018 12:00, 1.601,-9999 ,  29.3, 1006.4, 0.037,-0.037,  288,   5.9,   4.6
05-Mar-2018 13:00, 3.376,-9999 ,-9999 , 1007.2, 0.055,-0.012,  290,   6.9,   5.0
05-Mar-2018 14:00, 5.474,-9999 ,  29.4, 1007.7, 0.080, 0.021,  268,   6.7,   3.5
05-Mar-2018 15:00, 7.605,-9999 ,  29.5, 1008.0, 0.127, 0.073,  261,   5.7,   3.6
05-Mar-2018 16:00, 9.287,-9999 ,  29.4, 1007.5, 0.057, 0.005,  238,   5.9,   4.9
05-Mar-2018 17:00, 9.884,-9999 ,  29.4, 1007.0,-0.001,-0.059,  244,   8.4,   6.2
05-Mar-2018 18:00, 9.159,-9999 ,  29.4, 1007.0, 0.058,-0.004,  245,   6.4,   5.5
05-Mar-2018 19:00, 7.599,-9999 ,  29.4, 1006.5, 0.019,-0.044,  272,   6.7,   4.5
05-Mar-2018 20:00, 5.856,-9999 ,  29.3, 1007.0,-0.032,-0.099,  241,   5.9,   4.8
05-Mar-2018 21:00, 4.090,-9999 ,  29.3, 1007.6,-0.028,-0.090,  221,   6.2,   5.1
05-Mar-2018 22:00, 2.462,-9999 ,  28.5, 1007.9, 0.039,-0.016,  188,   7.4,   6.5
05-Mar-2018 23:00, 1.326,-9999 ,  28.8, 1008.2, 0.062, 0.009,  223,   8.4,   5.2
06-Mar-2018 00:00, 1.557,-9999 ,  29.3, 1008.4, 0.065, 0.015,  225,   5.9,   4.9
06-Mar-2018 01:00, 3.092,-9999 ,  29.7, 1008.6, 0.067, 0.020,  234,   5.5,   3.0
06-Mar-2018 02:00, 5.023,-9999 ,  29.9, 1007.9, 0.029,-0.018,  240,   4.4,   3.3
06-Mar-2018 03:00, 7.066,-9999 ,  30.2, 1007.4, 0.046,-0.008,  278,   5.4,   4.5
06-Mar-2018 04:00, 8.920,-9999 ,  30.5, 1006.6, 0.054,-0.005,  252,   6.6,   5.2
06-Mar-2018 05:00, 9.869,-9999 ,  30.3, 1005.9,-0.014,-0.080,  288,   6.9,   5.9
06-Mar-2018 06:00, 9.519,-9999 ,  30.4, 1005.0, 0.029,-0.046,  301,   8.3,   7.3
06-Mar-2018 07:00, 8.170,-9999 ,  30.5, 1005.3, 0.028,-0.053,  316,   9.6,   7.9
06-Mar-2018 08:00, 6.528,-9999 ,  30.2, 1004.8,-0.004,-0.084,  335,  11.8,   8.8
06-Mar-2018 09:00, 4.821,-9999 ,  27.0, 1006.2, 0.020,-0.063,   87,  19.1,  14.4
06-Mar-2018 10:00, 3.011,-9999 ,  24.5, 1007.2,-0.043,-0.111,   40,  26.5,   9.4
06-Mar-2018 11:00, 1.628,-9999 ,  26.2, 1006.5,-0.028,-0.090,    5,  11.2,   5.1
06-Mar-2018 12:00, 1.370,-9999 ,  26.8, 1007.2,-0.055,-0.120,  216,  12.0,   9.6
06-Mar-2018 13:00, 2.589,-9999 ,  28.6, 1005.8,-0.034,-0.096,  280,  10.8,   7.8
06-Mar-2018 14:00, 4.445,-9999 ,  29.6, 1005.8,-0.002,-0.076,  285,   8.3,   2.7
06-Mar-2018 15:00, 6.409,-9999 ,  29.3, 1006.2, 0.063,-0.011,  191,   4.0,   1.9
06-Mar-2018 16:00, 8.268,-9999 ,  28.7, 1006.2, 0.150, 0.080,  237,  11.8,   9.0
06-Mar-2018 17:00, 9.287,-9999 ,  28.8, 1005.5,-0.007,-0.077,  218,   9.4,   6.9
06-Mar-2018 18:00, 9.207,-9999 ,  28.2, 1004.7,-0.019,-0.097,  234,   7.7,   1.7
06-Mar-2018 19:00, 8.102,-9999 ,  28.4, 1004.5, 0.042,-0.043,  112,   3.8,   2.5
06-Mar-2018 20:00, 6.562,-9999 ,  27.2, 1004.5, 0.029,-0.058,  106,   6.0,   4.8
06-Mar-2018 21:00, 5.012,-9999 ,  28.2, 1004.5, 0.075,-0.012,  126,   5.4,   3.9
06-Mar-2018 22:00, 3.461,-9999 ,  28.0, 1005.1, 0.081,-0.005,  148,   4.4,   2.9
06-Mar-2018 23:00, 2.198,-9999 ,  28.4, 1005.9, 0.095, 0.015,  225,   5.5,   4.3
07-Mar-2018 00:00, 1.789,-9999 ,  28.9, 1006.1, 0.078, 0.005,  220,   7.7,   4.2
07-Mar-2018 01:00, 2.701,-9999 ,  29.3, 1006.1, 0.047,-0.023,  212,   5.2,   2.6
07-Mar-2018 02:00, 4.334,-9999 ,  30.0, 1005.5,-0.001,-0.073,  228,   4.8,   3.7
07-Mar-2018 03:00, 6.130,-9999 ,  30.4, 1004.8,-0.003,-0.080,  243,   4.8,   2.9
07-Mar-2018 04:00, 7.866,-9999 ,  30.4, 1004.0, 0.019,-0.066,  288,   4.7,   3.8
07-Mar-2018 05:00, 9.149,-9999 ,  30.5, 1003.3, 0.005,-0.087,  292,   5.9,   4.7
07-Mar-2018 06:00, 9.430,-9999 ,  30.4, 1002.7, 0.010,-0.089,  303,   6.8,   5.6
07-Mar-2018 07:00, 8.566,-9999 ,  31.0, 1002.4, 0.029,-0.076,  309,   6.9,   5.6
07-Mar-2018 08:00, 7.147,-9999 ,  30.7, 1002.0, 0.018,-0.090,  304,   7.5,   6.3
07-Mar-2018 09:00, 5.629,-9999 ,  30.7, 1002.1, 0.037,-0.074,  306,   7.5,   5.9
07-Mar-2018 10:00, 4.060,-9999 ,  30.5, 1002.7, 0.039,-0.072,  296,   7.4,   5.8
07-Mar-2018 11:00, 2.659,-9999 ,  30.5, 1003.8, 0.031,-0.073,  239,   6.7,   2.0
07-Mar-2018 12:00, 1.897,-9999 ,  30.3, 1003.8,-0.005,-0.098,  294,   4.7,   4.1
07-Mar-2018 13:00, 2.393,-9999 ,  30.6, 1004.0,-0.023,-0.117,  321,   6.2,   3.5
07-Mar-2018 14:00, 3.827,-9999 ,  30.6, 1004.4,-0.011,-0.102,  265,   4.4,   2.1
07-Mar-2018 15:00, 5.496,-9999 ,  30.0, 1003.7, 0.028,-0.061,  327,   5.5,   4.5
07-Mar-2018 16:00, 7.096,-9999 ,-9999 , 1003.9, 0.056,-0.038,  318,   5.4,   3.4
07-Mar-2018 17:00, 8.351,-9999 ,-9999 , 1003.7, 0.039,-0.054,  347,   6.7,   4.8
07-Mar-2018 18:00, 8.853,-9999 ,-9999 , 1003.2, 0.043,-0.052,  320,   6.5,   5.1
07-Mar-2018 19:00, 8.260,-9999 ,-9999 , 1002.8, 0.043,-0.058,  307,   7.3,   5.4
07-Mar-2018 20:00, 7.002,-9999 ,-9999 , 1003.2, 0.034,-0.069,  303,   7.1,   4.6
07-Mar-2018 21:00, 5.645,-9999 ,-9999 , 1003.3, 0.072,-0.028,  305,   6.1,   4.6
07-Mar-2018 22:00, 4.280,-9999 ,  29.3, 1003.8, 0.078,-0.021,  282,   5.5,   3.0
07-Mar-2018 23:00, 3.074,-9999 ,  29.9, 1004.2, 0.039,-0.055,  197,   5.2,   2.0
08-Mar-2018 00:00, 2.381,-9999 ,  28.9, 1004.7, 0.002,-0.088,  155,   4.6,   3.7
08-Mar-2018 01:00, 2.729,-9999 ,  29.7, 1004.6, 0.007,-0.078,  109,   4.7,   3.2
08-Mar-2018 02:00, 3.971,-9999 ,  30.1, 1004.3, 0.003,-0.083,  125,   3.9,   3.2
08-Mar-2018 03:00, 5.466,-9999 ,  31.9, 1003.7,-0.013,-0.102,  112,   6.7,   4.5
08-Mar-2018 04:00, 6.949,-9999 ,  32.3, 1003.0,-0.001,-0.096,  100,   5.3,   3.3
08-Mar-2018 05:00, 8.194,-9999 ,  32.4, 1002.3, 0.006,-0.097,  127,   3.5,   1.3
08-Mar-2018 06:00, 8.849,-9999 ,  33.3, 1001.8, 0.012,-0.098,  121,   1.9,   1.7
08-Mar-2018 07:00, 8.564,-9999 ,  34.0, 1001.4, 0.027,-0.087,  201,   1.7,   0.9
08-Mar-2018 08:00, 7.494,-9999 ,-9999 , 1001.3, 0.004,-0.114,   93,   0.9,   0.1
08-Mar-2018 09:00, 6.218,-9999 ,-9999 , 1001.6, 0.026,-0.093,    0,   0.0,   0.0
08-Mar-2018 10:00, 4.900,-9999 ,  31.6, 1002.3, 0.061,-0.054,  273,   5.4,   3.4
08-Mar-2018 11:00, 3.639,-9999 ,  30.9, 1003.3, 0.036,-0.072,  314,   5.2,   4.0
08-Mar-2018 12:00, 2.710,-9999 ,  30.1, 1004.2,-0.038,-0.137,  341,  10.3,   7.6
08-Mar-2018 13:00, 2.611,-9999 ,  29.5, 1005.2,-0.104,-0.192,  334,   8.7,   4.1
08-Mar-2018 14:00, 3.547,-9999 ,  29.8, 1005.0,-0.058,-0.138,  337,   6.5,   5.1
08-Mar-2018 15:00, 4.898,-9999 ,  30.0, 1004.7, 0.020,-0.062,  341,   7.7,   5.2
08-Mar-2018 16:00, 6.207,-9999 ,  29.3, 1004.5, 0.046,-0.039,  325,   7.4,   4.6
08-Mar-2018 17:00, 7.317,-9999 ,  29.1, 1004.1, 0.031,-0.056,  320,   6.8,   5.4
08-Mar-2018 18:00, 8.026,-9999 ,  28.9, 1003.7, 0.037,-0.055,  320,   6.9,   4.7
08-Mar-2018 19:00, 7.956,-9999 ,  29.0, 1003.5, 0.015,-0.080,  312,   5.8,   3.8
08-Mar-2018 20:00, 7.140,-9999 ,  28.9, 1003.7,-0.007,-0.102,  307,   4.8,   2.9
08-Mar-2018 21:00, 6.047,-9999 ,-9999 ,-9999.0, 0.010,-9999 ,-9999,   4.3,-9999
08-Mar-2018 22:00, 4.899,-9999 ,-9999 ,-9999.0, 0.008,-9999 ,-9999,-9999 ,-9999
08-Mar-2018 23:00, 3.901,-9999 ,-9999 ,-9999.0, 0.008,-9999 ,-9999,-9999 ,-9999
09-Mar-2018 00:00, 3.246,-9999 ,-9999 ,-9999.0, 0.008,-9999 ,-9999,-9999 ,-9999
09-Mar-2018 01:00, 3.206,-9999 ,-9999 ,-9999.0, 0.008,-9999 ,-9999,-9999 ,-9999
09-Mar-2018 02:00, 3.942,-9999 ,-9999 ,-9999.0, 0.007,-9999 ,-9999,-9999 ,-9999
09-Mar-2018 03:00, 5.075,-9999 ,-9999 ,-9999.0, 0.007,-9999 ,-9999,-9999 ,-9999
09-Mar-2018 04:00, 6.240,-9999 ,-9999 ,-9999.0, 0.007,-9999 ,-9999,-9999 ,-9999
09-Mar-2018 05:00, 7.278,-9999 ,-9999 ,-9999.0, 0.007,-9999 ,-9999,-9999 ,-9999
09-Mar-2018 06:00, 7.983,-9999 ,-9999 ,-9999.0, 0.006,-9999 ,-9999,-9999 ,-9999
09-Mar-2018 07:00, 8.103,-9999 ,-9999 ,-9999.0, 0.006,-9999 ,-9999,-9999 ,-9999
09-Mar-2018 08:00, 7.543,-9999 ,-9999 ,-9999.0, 0.006,-9999 ,-9999,-9999 ,-9999
09-Mar-2018 09:00, 6.589,-9999 ,-9999 ,-9999.0, 0.005,-9999 ,-9999,-9999 ,-9999
09-Mar-2018 10:00, 5.513,-9999 ,-9999 ,-9999.0, 0.005,-9999 ,-9999,-9999 ,-9999
09-Mar-2018 11:00, 4.479,-9999 ,-9999 ,-9999.0, 0.005,-9999 ,-9999,-9999 ,-9999
09-Mar-2018 12:00, 3.695,-9999 ,-9999 ,-9999.0, 0.005,-9999 ,-9999,-9999 ,-9999
09-Mar-2018 13:00, 3.390,-9999 ,-9999 ,-9999.0, 0.004,-9999 ,-9999,-9999 ,-9999
09-Mar-2018 14:00, 3.764,-9999 ,-9999 ,-9999.0, 0.004,-9999 ,-9999,-9999 ,-9999
09-Mar-2018 15:00, 4.592,-9999 ,-9999 ,-9999.0, 0.004,-9999 ,-9999,-9999 ,-9999
09-Mar-2018 16:00, 5.514,-9999 ,-9999 ,-9999.0, 0.003,-9999 ,-9999,-9999 ,-9999
09-Mar-2018 17:00, 6.381,-9999 ,  27.0, 1003.9,-0.001,-0.098,   72,   2.4,   1.2
09-Mar-2018 18:00, 7.063,-9999 ,  27.8, 1004.3, 0.029,-0.062,  219,   2.9,   0.5
09-Mar-2018 19:00, 7.319,-9999 ,  27.2, 1004.0, 0.040,-0.051,  199,   4.9,   3.9
09-Mar-2018 20:00, 6.998,-9999 ,  28.2, 1004.4, 0.020,-0.072,  233,   4.3,   1.7
09-Mar-2018 21:00, 6.219,-9999 ,  28.4, 1005.0,-0.057,-0.144,  234,   2.8,   0.3
09-Mar-2018 22:00, 5.346,-9999 ,  27.5, 1005.3,-0.097,-0.179,  131,   3.4,   1.4
09-Mar-2018 23:00, 4.593,-9999 ,  27.8, 1006.0,-0.066,-0.144,  146,   5.2,   4.1
10-Mar-2018 00:00, 4.070,-9999 ,  27.1, 1006.4,-0.035,-0.106,  140,   5.7,   4.3
10-Mar-2018 01:00, 3.931,-9999 ,  27.6, 1006.5, 0.016,-0.052,  114,   5.7,   4.3
10-Mar-2018 02:00, 4.250,-9999 ,  28.3, 1006.5, 0.025,-0.042,  138,   4.8,   3.7
10-Mar-2018 03:00, 4.919,-9999 ,  28.7, 1006.2,-0.001,-0.068,  121,   4.4,   1.2
10-Mar-2018 04:00, 5.739,-9999 ,  28.9, 1005.3, 0.029,-0.042,  160,   3.0,   2.4
10-Mar-2018 05:00, 6.520,-9999 ,  29.9, 1004.7, 0.049,-0.030,  201,   3.3,   2.5
10-Mar-2018 06:00, 7.103,-9999 ,  30.5, 1003.9, 0.038,-0.048,  273,   4.6,   3.2
10-Mar-2018 07:00, 7.381,-9999 ,  30.4, 1003.2, 0.027,-0.066,  291,   6.6,   4.9
10-Mar-2018 08:00, 7.244,-9999 ,  30.1, 1002.8, 0.018,-0.083,  300,   6.7,   4.3
10-Mar-2018 09:00, 6.685,-9999 ,  30.3, 1003.7,-0.030,-0.133,  314,   5.5,   3.9
10-Mar-2018 10:00, 6.013,-9999 ,  30.3, 1005.5, 0.005,-0.088,  272,   7.9,   5.8
10-Mar-2018 11:00, 5.261,-9999 ,  25.5, 1007.4, 0.007,-0.067,  116,  14.9,  11.6
10-Mar-2018 12:00, 4.537,-9999 ,  25.8, 1006.9,-0.081,-0.140,   88,  13.1,   8.5
10-Mar-2018 13:00, 4.165,-9999 ,  25.5, 1007.3,-0.081,-0.143,   46,   8.8,   4.5
10-Mar-2018 14:00, 4.233,-9999 ,  26.8, 1006.6,-0.025,-0.085,   73,   5.4,   2.2
10-Mar-2018 15:00, 4.672,-9999 ,  27.1, 1006.5, 0.053,-0.013,  149,   5.7,   3.8
10-Mar-2018 16:00, 5.178,-9999 ,  26.3, 1006.5, 0.063,-0.004,  102,   6.7,   3.8
10-Mar-2018 17:00, 5.689,-9999 ,  26.1, 1006.7, 0.045,-0.021,  112,   5.2,   4.0
10-Mar-2018 18:00, 6.182,-9999 ,  26.5, 1006.2, 0.068, 0.002,  107,   5.8,   4.8
10-Mar-2018 19:00, 6.453,-9999 ,  26.1, 1006.2, 0.038,-0.032,   92,   6.5,   5.1
10-Mar-2018 20:00, 6.436,-9999 ,  26.3, 1006.3,-0.023,-0.094,  112,   5.8,   3.8
10-Mar-2018 21:00, 6.135,-9999 ,  26.3, 1007.0,-0.078,-0.146,  113,   7.9,   6.4
10-Mar-2018 22:00, 5.684,-9999 ,  26.0, 1007.6,-0.100,-0.161,  112,   8.6,   6.9
10-Mar-2018 23:00, 5.267,-9999 ,  26.1, 1008.1,-0.048,-0.104,  111,  10.1,   8.4
11-Mar-2018 00:00, 4.944,-9999 ,  26.4, 1008.8, 0.009,-0.042,  105,  10.9,   8.8
11-Mar-2018 01:00, 4.784,-9999 ,  26.9, 1009.2, 0.046, 0.002,   98,  10.3,   8.6
11-Mar-2018 02:00, 4.858,-9999 ,  27.9, 1009.2, 0.077, 0.036,   97,  10.2,   7.6
11-Mar-2018 03:00, 5.118,-9999 ,  28.9, 1008.7, 0.057, 0.017,  111,   9.0,   6.9
11-Mar-2018 04:00, 5.477,-9999 ,  29.9, 1007.6, 0.045,-0.001,  123,   9.2,   6.5
11-Mar-2018 05:00, 5.925,-9999 ,  29.4, 1007.3, 0.092, 0.036,  183,   8.4,   1.7
11-Mar-2018 06:00, 6.313,-9999 ,  24.6, 1007.5, 0.103, 0.044,  358,  19.5,  10.4
11-Mar-2018 07:00, 6.546,-9999 ,  26.7, 1007.2, 0.065, 0.008,  302,  11.3,   4.3
11-Mar-2018 08:00, 6.616,-9999 ,  29.1, 1006.8, 0.013,-0.048,  335,   6.8,   4.2
11-Mar-2018 09:00, 6.459,-9999 ,  29.3, 1007.0,-0.065,-0.129,    7,   6.7,   4.1
11-Mar-2018 10:00, 6.221,-9999 ,  29.1, 1007.2,-0.033,-0.096,  338,   5.3,   3.1
11-Mar-2018 11:00, 5.957,-9999 ,  28.9, 1008.2, 0.084, 0.025,  358,   4.4,   2.4
11-Mar-2018 12:00, 5.622,-9999 ,  28.5, 1008.7, 0.139, 0.089,   12,   4.2,   3.5
11-Mar-2018 13:00, 5.290,-9999 ,  28.4, 1009.6, 0.123, 0.079,   23,   3.8,   1.6
11-Mar-2018 14:00, 5.102,-9999 ,  28.3, 1009.8, 0.115, 0.080,   22,   1.7,   0.4
11-Mar-2018 15:00, 5.051,-9999 ,  28.3, 1009.5, 0.087, 0.052,  317,   1.6,   0.8
11-Mar-2018 16:00, 5.058,-9999 ,  28.2, 1009.5, 0.043, 0.006,  185,   8.3,   5.6
11-Mar-2018 17:00, 5.143,-9999 ,  28.8, 1009.0, 0.015,-0.022,  190,   8.3,   6.3
11-Mar-2018 18:00, 5.343,-9999 ,  28.5, 1008.9, 0.034,-0.009,  179,   8.7,   4.8
11-Mar-2018 19:00, 5.573,-9999 ,  28.0, 1008.7, 0.065, 0.022,  164,   6.9,   5.2
11-Mar-2018 20:00, 5.746,-9999 ,  27.8, 1008.8, 0.048, 0.002,  166,   7.8,   7.0
11-Mar-2018 21:00, 5.844,-9999 ,  27.5, 1009.2, 0.021,-0.022,  161,   7.4,   5.6
11-Mar-2018 22:00, 5.862,-9999 ,  27.9, 1009.3, 0.027,-0.013,  137,   6.9,   4.6
11-Mar-2018 23:00, 5.801,-9999 ,  27.5, 1009.8, 0.036,-0.003,  142,   7.9,   7.0
12-Mar-2018 00:00, 5.710,-9999 ,  27.3, 1010.0, 0.034, 0.001,  150,   8.3,   7.0
12-Mar-2018 01:00, 5.624,-9999 ,  28.6, 1009.9, 0.041, 0.009,  134,   8.1,   5.3
12-Mar-2018 02:00, 5.577,-9999 ,  29.6, 1009.5, 0.077, 0.043,  104,   7.4,   4.8
12-Mar-2018 03:00, 5.554,-9999 ,  30.5, 1008.8, 0.094, 0.056,  103,   6.4,   5.2
12-Mar-2018 04:00, 5.482,-9999 ,  31.4, 1007.8, 0.054, 0.009,   99,   7.0,   6.0
12-Mar-2018 05:00, 5.437,-9999 ,  32.5, 1007.1, 0.016,-0.039,  102,   7.7,   6.1
12-Mar-2018 06:00, 5.518,-9999 ,  33.0, 1006.5, 0.032,-0.030,   96,   7.1,   5.0
12-Mar-2018 07:00, 5.661,-9999 ,  33.7, 1006.3, 0.056,-0.012,   99,   6.8,   5.2
12-Mar-2018 08:00, 5.881,-9999 ,  34.1, 1006.0, 0.085, 0.016,   85,   5.5,   3.5
12-Mar-2018 09:00, 6.137,-9999 ,  33.6, 1005.9, 0.114, 0.042,   81,   4.3,   2.9
12-Mar-2018 10:00, 6.284,-9999 ,  31.2, 1007.0, 0.092, 0.020,  226,   9.4,   8.3
12-Mar-2018 11:00, 6.306,-9999 ,  30.2, 1008.1, 0.061, 0.000,   68,  13.3,   4.3
12-Mar-2018 12:00, 6.269,-9999 ,  29.0, 1009.3, 0.060, 0.010,  295,   5.8,   3.4
12-Mar-2018 13:00, 6.140,-9999 ,  28.7, 1009.5, 0.060, 0.021,  314,   7.0,   3.0
12-Mar-2018 14:00, 5.922,-9999 ,  29.3, 1009.5, 0.074, 0.037,  275,   3.9,   1.8
12-Mar-2018 15:00, 5.613,-9999 ,  29.2, 1009.4, 0.049, 0.012,  316,   5.7,   1.7
12-Mar-2018 16:00, 5.240,-9999 ,  29.4, 1008.4, 0.008,-0.031,  221,   4.7,   2.5
12-Mar-2018 17:00, 4.916,-9999 ,  30.0, 1008.1, 0.013,-0.036,  223,   3.6,   2.3
12-Mar-2018 18:00, 4.742,-9999 ,  29.7, 1007.8, 0.041,-0.010,  290,   4.0,   1.7
12-Mar-2018 19:00, 4.739,-9999 ,  29.9, 1007.5, 0.077, 0.022,  234,   2.7,   1.3
12-Mar-2018 20:00, 4.902,-9999 ,  30.1, 1007.6, 0.071, 0.014,  260,   3.1,   2.2
12-Mar-2018 21:00, 5.206,-9999 ,  30.6, 1007.9, 0.037,-0.020,  217,   4.1,   2.9
12-Mar-2018 22:00, 5.589,-9999 ,  30.0, 1008.3, 0.024,-0.029,  192,   4.7,   4.0
12-Mar-2018 23:00, 5.949,-9999 ,  29.8, 1008.6, 0.026,-0.023,  164,   4.5,   2.9
13-Mar-2018 00:00, 6.254,-9999 ,  29.2, 1009.2, 0.036,-0.009,  148,   4.7,   4.2
13-Mar-2018 01:00, 6.461,-9999 ,  29.8, 1009.2, 0.083, 0.043,  112,   4.7,   4.0
13-Mar-2018 02:00, 6.387,-9999 ,  30.9, 1008.6, 0.080, 0.040,  108,   7.5,   6.2
13-Mar-2018 03:00, 6.113,-9999 ,  31.6, 1008.1, 0.056, 0.010,  112,   7.3,   5.2
13-Mar-2018 04:00, 5.765,-9999 ,  32.9, 1007.3, 0.067, 0.016,  112,   6.3,   4.9
13-Mar-2018 05:00, 5.320,-9999 ,  34.2, 1006.5, 0.027,-0.032,  104,   9.2,   8.0
13-Mar-2018 06:00, 4.939,-9999 ,  34.9, 1006.0,-0.037,-0.105,  100,  10.2,   8.3
13-Mar-2018 07:00, 4.802,-9999 ,  35.0, 1005.9,-0.015,-0.087,   95,   9.4,   7.5
13-Mar-2018 08:00, 4.940,-9999 ,  35.3, 1005.8, 0.021,-0.053,   95,   8.8,   7.1
13-Mar-2018 09:00, 5.338,-9999 ,  34.6, 1006.2, 0.045,-0.029,   87,   8.1,   5.1
13-Mar-2018 10:00, 5.908,-9999 ,  34.6, 1006.9, 0.102, 0.033,   80,   5.7,   4.4
13-Mar-2018 11:00, 6.440,-9999 ,  34.2, 1007.6, 0.142, 0.080,   64,   4.5,   3.6
13-Mar-2018 12:00, 6.832,-9999 ,  30.8, 1008.4, 0.149, 0.094,  346,   5.9,   4.1
13-Mar-2018 13:00, 6.986,-9999 ,  30.8, 1009.1, 0.100, 0.053,  352,   6.1,   3.1
13-Mar-2018 14:00, 6.810,-9999 ,  30.4, 1009.6, 0.048, 0.007,  318,   4.7,   3.5
13-Mar-2018 15:00, 6.329,-9999 ,  30.6, 1009.6,-0.010,-0.046,  289,   4.0,   2.3
13-Mar-2018 16:00, 5.657,-9999 ,  30.5, 1009.1,-0.073,-0.109,  275,   4.0,   3.3
13-Mar-2018 17:00, 4.971,-9999 ,  30.5, 1008.6,-0.045,-0.087,  266,   4.6,   3.6
13-Mar-2018 18:00, 4.383,-9999 ,  30.6, 1007.8,-0.003,-0.050,  262,   5.4,   4.3
13-Mar-2018 19:00, 3.998,-9999 ,  30.5, 1007.5, 0.017,-0.038,  270,   5.4,   3.9
13-Mar-2018 20:00, 4.016,-9999 ,  29.9, 1007.6, 0.060, 0.003,  230,   5.4,   3.3
13-Mar-2018 21:00, 4.467,-9999 ,  28.9, 1007.9, 0.110, 0.054,  156,   3.4,   1.6
13-Mar-2018 22:00, 5.137,-9999 ,  28.7, 1008.1, 0.123, 0.069,    0,   2.1,   0.0
13-Mar-2018 23:00, 5.884,-9999 ,  30.0, 1008.8, 0.126, 0.076,  239,   2.9,   1.8
14-Mar-2018 00:00, 6.568,-9999 ,  29.5, 1009.3, 0.105, 0.061,  246,   4.5,   3.9
14-Mar-2018 01:00, 7.041,-9999 ,  29.0, 1009.6, 0.039, 0.001,  179,   4.5,   3.4
14-Mar-2018 02:00, 7.152,-9999 ,  30.1, 1009.2, 0.021,-0.015,  191,   3.7,   1.4
14-Mar-2018 03:00, 6.839,-9999 ,  30.4, 1008.6, 0.043, 0.002,  220,   2.3,   1.9
14-Mar-2018 04:00, 6.213,-9999 ,  31.0, 1007.7, 0.017,-0.030,  234,   3.1,   2.5
14-Mar-2018 05:00, 5.447,-9999 ,  32.5, 1006.8,-0.016,-0.072,  246,   3.2,   1.8
14-Mar-2018 06:00, 4.718,-9999 ,  32.7, 1006.3,-0.043,-0.107,  262,   3.9,   2.9
14-Mar-2018 07:00, 4.226,-9999 ,  32.6, 1006.0,-0.005,-0.074,  277,   5.0,   4.1
14-Mar-2018 08:00, 4.112,-9999 ,  32.2, 1005.9, 0.051,-0.022,  247,   7.3,   5.9
14-Mar-2018 09:00, 4.459,-9999 ,  32.8, 1005.9, 0.037,-0.036,  261,   6.5,   4.3
14-Mar-2018 10:00, 5.226,-9999 ,  31.9, 1006.3, 0.078, 0.005,  255,   5.1,   3.9
14-Mar-2018 11:00, 6.147,-9999 ,  31.7, 1007.2, 0.141, 0.073,  247,   5.1,   3.8
14-Mar-2018 12:00, 6.950,-9999 ,  31.8, 1007.7, 0.131, 0.072,  239,   5.8,   3.8
14-Mar-2018 13:00, 7.504,-9999 ,  31.8, 1008.2, 0.060, 0.006,  236,   4.9,   3.8
14-Mar-2018 14:00, 7.673,-9999 ,  31.3, 1008.4, 0.048,-0.002,  217,   5.1,   3.8
14-Mar-2018 15:00, 7.284,-9999 ,  31.2, 1008.3, 0.063, 0.015,  224,   4.4,   3.1
14-Mar-2018 16:00, 6.428,-9999 ,  30.8, 1008.1,-0.006,-0.055,  199,   4.0,   3.3
14-Mar-2018 17:00, 5.390,-9999 ,  30.2, 1007.7,-0.054,-0.106,  180,   3.8,   2.8
14-Mar-2018 18:00, 4.368,-9999 ,  29.9, 1007.3,-0.061,-0.116,  174,   3.5,   1.8
14-Mar-2018 19:00, 3.542,-9999 ,  29.9, 1007.0,-0.059,-0.118,  187,   5.0,   4.2
14-Mar-2018 20:00, 3.194,-9999 ,  29.8, 1007.1, 0.005,-0.057,  202,   4.9,   3.4
14-Mar-2018 21:00, 3.524,-9999 ,  30.7, 1007.0, 0.063, 0.002,  231,   4.4,   2.4
14-Mar-2018 22:00, 4.355,-9999 ,  30.8, 1007.3, 0.092, 0.030,  213,   5.1,   3.4
14-Mar-2018 23:00, 5.414,-9999 ,  30.0, 1008.2, 0.120, 0.062,  182,   5.2,   1.4
15-Mar-2018 00:00, 6.493,-9999 ,  30.1, 1009.0, 0.117, 0.068,  138,   3.5,   1.6
15-Mar-2018 01:00, 7.385,-9999 ,  31.4, 1009.1, 0.052, 0.011,  108,   2.1,   0.4
15-Mar-2018 02:00, 7.866,-9999 ,  30.7, 1008.8, 0.022,-0.020,  240,   4.5,   3.6
15-Mar-2018 03:00, 7.718,-9999 ,  31.1, 1008.3, 0.091, 0.047,  252,   5.5,   4.6
15-Mar-2018 04:00, 6.958,-9999 ,  31.7, 1007.4, 0.079, 0.029,  259,   5.1,   3.7
15-Mar-2018 05:00, 5.926,-9999 ,  31.8, 1006.8, 0.023,-0.036,  268,   5.6,   3.1
15-Mar-2018 06:00, 4.864,-9999 ,  33.8, 1006.1,-0.008,-0.072,  284,   4.5,   1.5
15-Mar-2018 07:00, 3.935,-9999 ,  32.7, 1005.6,-0.026,-0.097,  271,   5.8,   4.3
15-Mar-2018 08:00, 3.377,-9999 ,  32.3, 1005.5, 0.008,-0.068,  273,   6.0,   4.4
15-Mar-2018 09:00, 3.524,-9999 ,  31.8, 1005.6, 0.042,-0.035,  260,   6.1,   4.6
15-Mar-2018 10:00, 4.374,-9999 ,  31.6, 1006.1, 0.085, 0.009,  261,   5.9,   4.2
15-Mar-2018 11:00, 5.528,-9999 ,  31.6, 1006.8, 0.123, 0.053,  258,   5.7,   4.1
15-Mar-2018 12:00, 6.733,-9999 ,  31.6, 1007.6, 0.145, 0.082,  245,   5.8,   4.9
15-Mar-2018 13:00, 7.759,-9999 ,  31.6, 1008.1, 0.114, 0.058,  236,   5.8,   3.6
15-Mar-2018 14:00, 8.314,-9999 ,  31.5, 1008.3, 0.039,-0.012,  221,   5.5,   4.4
15-Mar-2018 15:00, 8.172,-9999 ,  31.1, 1007.8, 0.054, 0.004,  221,   5.9,   3.5
15-Mar-2018 16:00, 7.335,-9999 ,  31.3, 1007.4, 0.059, 0.005,  216,   4.4,   2.8
15-Mar-2018 17:00, 6.117,-9999 ,  30.9, 1006.9, 0.006,-0.052,    0,   3.5,   0.0
15-Mar-2018 18:00, 4.810,-9999 ,  29.1, 1006.5,-0.006,-0.069,   55,   3.0,   1.5
15-Mar-2018 19:00, 3.608,-9999 ,  29.4, 1006.2, 0.003,-0.065,  173,   1.9,   1.4
15-Mar-2018 20:00, 2.727,-9999 ,  30.2, 1006.5, 0.012,-0.058,  162,   2.8,   1.5
15-Mar-2018 21:00, 2.606,-9999 ,  30.3, 1007.0, 0.017,-0.049,  159,   3.2,   1.9
15-Mar-2018 22:00, 3.438,-9999 ,  29.9, 1007.3, 0.070, 0.008,  221,   3.0,   1.7
15-Mar-2018 23:00, 4.746,-9999 ,  30.1, 1008.2, 0.147, 0.088,  208,   3.8,   2.5
16-Mar-2018 00:00, 6.133,-9999 ,  29.6, 1008.5, 0.156, 0.106,  226,   3.9,   3.2
16-Mar-2018 01:00, 7.419,-9999 ,  29.5, 1008.4, 0.100, 0.053,  211,   4.0,   3.1
16-Mar-2018 02:00, 8.331,-9999 ,  29.9, 1008.2, 0.038,-0.010,  220,   4.3,   2.9
16-Mar-2018 03:00, 8.501,-9999 ,  30.7, 1007.7, 0.071, 0.020,  244,   3.9,   3.2
16-Mar-2018 04:00, 7.795,-9999 ,  31.3, 1007.0, 0.097, 0.042,  244,   4.4,   3.4
16-Mar-2018 05:00, 6.617,-9999 ,  32.6, 1006.2, 0.059,-0.004,  270,   5.4,   4.1
16-Mar-2018 06:00, 5.300,-9999 ,  32.4, 1005.7, 0.013,-0.057,  286,   6.3,   5.0
16-Mar-2018 07:00, 4.016,-9999 ,  32.7, 1005.2,-0.032,-0.107,  275,   7.2,   5.8
16-Mar-2018 08:00, 3.018,-9999 ,  32.5, 1005.1, 0.002,-0.078,  273,   8.8,   5.7
16-Mar-2018 09:00, 2.667,-9999 ,  32.4, 1005.1, 0.033,-0.048,  264,   8.2,   5.0
16-Mar-2018 10:00, 3.321,-9999 ,  32.2, 1005.5, 0.037,-0.044,  268,   7.4,   4.3
16-Mar-2018 11:00, 4.662,-9999 ,  31.8, 1006.0, 0.101, 0.025,  267,   6.1,   3.8
16-Mar-2018 12:00, 6.194,-9999 ,  31.6, 1006.7, 0.173, 0.102,  259,   6.4,   4.4
16-Mar-2018 13:00, 7.620,-9999 ,  31.4, 1007.3, 0.161, 0.096,  271,   5.6,   2.9
16-Mar-2018 14:00, 8.660,-9999 ,  31.1, 1007.6, 0.089, 0.031,  260,   4.4,   3.1
16-Mar-2018 15:00, 8.946,-9999 ,  31.1, 1007.4, 0.074, 0.018,  251,   3.5,   1.5
16-Mar-2018 16:00, 8.250,-9999 ,  30.4, 1007.2, 0.074, 0.016,  288,   2.8,   1.9
16-Mar-2018 17:00, 6.926,-9999 ,  30.4, 1006.7, 0.004,-0.057,  285,   4.2,   3.4
16-Mar-2018 18:00, 5.462,-9999 ,  30.4, 1006.4,-0.004,-0.069,  260,   5.0,   3.6
16-Mar-2018 19:00, 3.992,-9999 ,  30.3, 1005.9, 0.018,-0.051,  260,   5.7,   4.9
16-Mar-2018 20:00, 2.718,-9999 ,  30.3, 1006.1, 0.056,-0.017,  245,   7.0,   5.2
16-Mar-2018 21:00, 2.027,-9999 ,  30.4, 1006.6, 0.070,-0.001,  229,   6.9,   4.2
16-Mar-2018 22:00, 2.485,-9999 ,  28.4, 1007.2, 0.073, 0.007,  125,   6.6,   2.5
16-Mar-2018 23:00, 3.839,-9999 ,  27.7, 1008.0, 0.104, 0.045,   47,   4.6,   1.4
17-Mar-2018 00:00, 5.456,-9999 ,  29.2, 1008.5, 0.125, 0.074,  111,   2.6,   0.8
17-Mar-2018 01:00, 7.083,-9999 ,  30.3, 1008.8, 0.103, 0.056,  232,   3.7,   2.6
17-Mar-2018 02:00, 8.447,-9999 ,  29.7, 1008.7, 0.052, 0.008,  211,   4.0,   3.2
17-Mar-2018 03:00, 9.090,-9999 ,  30.7, 1008.5, 0.050, 0.005,  244,   6.2,   5.6
17-Mar-2018 04:00, 8.648,-9999 ,  31.0, 1007.7, 0.085, 0.037,  259,   7.4,   6.2
17-Mar-2018 05:00, 7.414,-9999 ,  31.3, 1006.7, 0.056, 0.000,  260,   8.4,   6.9
17-Mar-2018 06:00, 5.958,-9999 ,  31.9, 1006.1, 0.019,-0.047,  257,  10.0,   8.5
17-Mar-2018 07:00, 4.445,-9999 ,  32.0, 1005.5,-0.014,-0.086,  256,  11.9,   9.7
17-Mar-2018 08:00, 3.049,-9999 ,  32.1, 1005.0,-0.025,-0.102,  257,  12.6,   9.7
17-Mar-2018 09:00, 2.104,-9999 ,  32.0, 1004.9,-0.015,-0.097,  255,  11.9,   8.5
17-Mar-2018 10:00, 2.261,-9999 ,  31.7, 1005.2,-0.018,-0.101,  255,  10.8,   8.7
17-Mar-2018 11:00, 3.571,-9999 ,  31.6, 1005.5, 0.034,-0.046,  254,  10.6,   8.1
17-Mar-2018 12:00, 5.289,-9999 ,  31.6, 1006.2, 0.101, 0.024,  242,   9.6,   6.5
17-Mar-2018 13:00, 7.039,-9999 ,  31.2, 1007.3, 0.128, 0.059,  346,   7.6,   0.6
17-Mar-2018 14:00, 8.560,-9999 ,  30.7, 1007.4, 0.105, 0.046,  299,   5.3,   1.3
17-Mar-2018 15:00, 9.381,-9999 ,  30.5, 1007.2, 0.069, 0.011,  207,   3.8,   2.2
17-Mar-2018 16:00, 9.068,-9999 ,  30.5, 1007.2, 0.058,-0.002,  211,   3.4,   1.8
17-Mar-2018 17:00, 7.796,-9999 ,  30.2, 1007.0, 0.000,-0.060,  267,   3.1,   0.9
17-Mar-2018 18:00, 6.216,-9999 ,  30.3, 1006.7,-0.046,-0.108,  254,   3.0,   2.3
17-Mar-2018 19:00, 4.559,-9999 ,  29.8, 1006.0,-0.057,-0.123,  259,   4.7,   4.0
17-Mar-2018 20:00, 2.968,-9999 ,  29.9, 1006.1,-0.046,-0.118,  251,   4.9,   3.8
17-Mar-2018 21:00, 1.777,-9999 ,  29.9, 1006.7, 0.003,-0.067,  232,   5.1,   4.0
17-Mar-2018 22:00, 1.633,-9999 ,  29.5, 1006.7, 0.029,-0.035,  241,   6.5,   5.5
17-Mar-2018 23:00, 2.846,-9999 ,  29.8, 1006.8, 0.084, 0.019,  242,  11.1,   8.9
18-Mar-2018 00:00, 4.614,-9999 ,  30.6, 1007.8, 0.107, 0.045,  221,  12.3,   7.0
18-Mar-2018 01:00, 6.444,-9999 ,  29.7, 1008.0, 0.076, 0.020,  223,   8.0,   3.3
18-Mar-2018 02:00, 8.156,-9999 ,  31.1, 1008.2, 0.016,-0.034,  227,   4.5,   3.2
18-Mar-2018 03:00, 9.299,-9999 ,  31.8, 1007.6,-0.020,-0.072,  242,   3.8,   2.8
18-Mar-2018 04:00, 9.304,-9999 ,-9999 ,-9999.0,-0.023,-9999 ,-9999,   3.8,-9999
18-Mar-2018 05:00, 8.215,-9999 ,-9999 ,-9999.0,-0.023,-9999 ,-9999,-9999 ,-9999
18-Mar-2018 06:00, 6.712,-9999 ,-9999 ,-9999.0,-0.024,-9999 ,-9999,-9999 ,-9999
18-Mar-2018 07:00, 5.108,-9999 ,-9999 ,-9999.0,-0.019,-9999 ,-9999,-9999 ,-9999
18-Mar-2018 08:00, 3.485,-9999 ,-9999 ,-9999.0,-0.007,-9999 ,-9999,-9999 ,-9999
18-Mar-2018 09:00, 2.082,-9999 ,-9999 ,-9999.0, 0.002,-9999 ,-9999,-9999 ,-9999
18-Mar-2018 10:00, 1.552,-9999 ,-9999 ,-9999.0, 0.014,-9999 ,-9999,-9999 ,-9999
18-Mar-2018 11:00, 2.461,-9999 ,-9999 ,-9999.0, 0.023,-9999 ,-9999,-9999 ,-9999
18-Mar-2018 12:00, 4.203,-9999 ,-9999 ,-9999.0, 0.029,-9999 ,-9999,-9999 ,-9999
18-Mar-2018 13:00, 6.105,-9999 ,-9999 ,-9999.0, 0.044,-9999 ,-9999,-9999 ,-9999
18-Mar-2018 14:00, 7.980,-9999 ,-9999 ,-9999.0, 0.049,-9999 ,-9999,-9999 ,-9999
18-Mar-2018 15:00, 9.323,-9999 ,  31.4, 1006.1,-0.007,-0.071,  221,   4.7,   4.2
18-Mar-2018 16:00, 9.609,-9999 ,  31.4, 1005.7, 0.001,-0.073,  216,   5.4,   4.2
18-Mar-2018 17:00, 8.636,-9999 ,  31.3, 1005.2,-0.016,-0.091,  205,   5.0,   3.8
18-Mar-2018 18:00, 7.032,-9999 ,  31.8, 1004.7,-0.069,-0.151,  179,   4.6,   2.9
18-Mar-2018 19:00, 5.350,-9999 ,  32.0, 1004.7,-0.057,-0.142,  162,   4.8,   4.3
18-Mar-2018 20:00, 3.602,-9999 ,  31.6, 1005.3,-0.049,-0.134,  115,   8.7,   6.3
18-Mar-2018 21:00, 2.043,-9999 ,  30.9, 1005.5,-0.022,-0.101,  109,   6.9,   4.9
18-Mar-2018 22:00, 1.201,-9999 ,  30.6, 1006.1,-0.013,-0.089,  116,   6.8,   6.0
18-Mar-2018 23:00, 1.881,-9999 ,  30.6, 1006.5, 0.041,-0.030,  118,   8.0,   6.4
19-Mar-2018 00:00, 3.604,-9999 ,  30.7, 1007.0, 0.028,-0.038,  133,   9.9,   8.1
19-Mar-2018 01:00, 5.564,-9999 ,  31.0, 1006.8,-0.004,-0.066,  131,  10.2,   8.0
19-Mar-2018 02:00, 7.534,-9999 ,  31.5, 1006.7,-0.033,-0.097,  124,  12.1,   9.1
19-Mar-2018 03:00, 9.139,-9999 ,  32.1, 1006.5,-0.067,-0.132,  115,  12.0,   9.8
19-Mar-2018 04:00, 9.763,-9999 ,  32.1, 1006.1,-0.046,-0.113,  105,  14.7,  11.7
19-Mar-2018 05:00, 9.059,-9999 ,  31.8, 1005.1,-0.015,-0.087,  102,  13.6,  10.4
19-Mar-2018 06:00, 7.507,-9999 ,  31.6, 1004.6,-0.062,-0.144,  101,  12.2,  10.0
19-Mar-2018 07:00, 5.824,-9999 ,  31.5, 1004.5,-0.083,-0.169,  112,  13.0,   9.6
19-Mar-2018 08:00, 4.104,-9999 ,  31.5, 1004.3,-0.059,-0.146,  121,  13.9,   8.5
19-Mar-2018 09:00, 2.477,-9999 ,  31.6, 1004.2,-0.009,-0.098,  133,  10.3,   7.7
19-Mar-2018 10:00, 1.292,-9999 ,  31.2, 1005.1,-0.041,-0.130,  120,   9.6,   7.9
19-Mar-2018 11:00, 1.437,-9999 ,  31.5, 1005.4,-0.103,-0.183,  132,  11.0,   9.0
19-Mar-2018 12:00, 2.973,-9999 ,  31.9, 1005.4,-0.128,-0.206,  137,  13.3,  11.2
19-Mar-2018 13:00, 4.946,-9999 ,  31.9, 1006.0,-0.135,-0.213,  130,  13.4,  10.2
19-Mar-2018 14:00, 7.034,-9999 ,  30.9, 1006.6,-0.063,-0.134,   78,  12.6,   6.0
19-Mar-2018 15:00, 8.968,-9999 ,  29.8, 1006.3, 0.076, 0.009,   81,   8.7,   6.4
19-Mar-2018 16:00, 9.923,-9999 ,  29.1, 1006.4, 0.118, 0.049,   57,   8.2,   6.0
19-Mar-2018 17:00, 9.414,-9999 ,  29.0, 1006.1, 0.059,-0.009,   40,   8.6,   6.8
19-Mar-2018 18:00, 7.936,-9999 ,  29.0, 1006.0, 0.012,-0.060,   62,   9.4,   8.0
19-Mar-2018 19:00, 6.192,-9999 ,  28.9, 1005.9,-0.037,-0.109,   78,  10.2,   5.7
19-Mar-2018 20:00, 4.461,-9999 ,  28.5, 1005.3, 0.016,-0.058,   51,   7.8,   5.7
19-Mar-2018 21:00, 2.779,-9999 ,  28.3, 1006.2, 0.087, 0.009,   73,   6.8,   5.6
19-Mar-2018 22:00, 1.394,-9999 ,  28.2, 1006.8, 0.027,-0.042,  111,   6.5,   4.3
19-Mar-2018 23:00, 1.303,-9999 ,  28.1, 1007.6, 0.054,-0.009,  111,   5.7,   4.5
20-Mar-2018 00:00, 2.755,-9999 ,  28.2, 1008.3, 0.104, 0.049,   97,   6.4,   5.2
20-Mar-2018 01:00, 4.788,-9999 ,  28.6, 1008.6, 0.107, 0.058,   93,   6.3,   4.8
20-Mar-2018 02:00, 7.000,-9999 ,  29.4, 1008.6, 0.237, 0.192,   75,   6.7,   4.5
20-Mar-2018 03:00, 8.965,-9999 ,  29.1, 1007.9, 0.266, 0.219,  129,   6.6,   4.6
20-Mar-2018 04:00,10.082,-9999 ,  29.9, 1007.5, 0.199, 0.146,  101,   5.6,   3.0
20-Mar-2018 05:00, 9.911,-9999 ,  32.1, 1006.8, 0.199, 0.141,   65,   7.3,   5.7
20-Mar-2018 06:00, 8.535,-9999 ,  32.6, 1006.6, 0.134, 0.070,   61,   8.3,   4.3
20-Mar-2018 07:00, 6.821,-9999 ,  32.8, 1005.8, 0.091, 0.025,   64,   6.6,   4.8
20-Mar-2018 08:00, 5.062,-9999 ,  30.8, 1005.3, 0.082, 0.007,  309,   7.3,   6.2
20-Mar-2018 09:00, 3.285,-9999 ,  30.6, 1006.4, 0.105, 0.027,  275,   6.9,   3.6
20-Mar-2018 10:00, 1.817,-9999 ,  30.3, 1006.9, 0.156, 0.089,  313,   4.4,   3.4
20-Mar-2018 11:00, 1.356,-9999 ,  30.0, 1006.6, 0.237, 0.173,  348,   5.7,   3.0
20-Mar-2018 12:00, 2.462,-9999 ,  29.9, 1007.6, 0.320, 0.255,  317,   5.6,   3.4
20-Mar-2018 13:00, 4.310,-9999 ,  30.0, 1008.5, 0.255, 0.200,  320,   4.0,   3.4
20-Mar-2018 14:00, 6.330,-9999 ,  29.8, 1008.3, 0.253, 0.206,    8,   4.4,   3.1
20-Mar-2018 15:00, 8.309,-9999 ,  29.8, 1008.2, 0.256, 0.207,   88,   2.7,   1.7
20-Mar-2018 16:00, 9.668,-9999 ,  29.4, 1007.2, 0.169, 0.118,   40,   2.7,   1.7
20-Mar-2018 17:00, 9.823,-9999 ,  28.9, 1006.6, 0.113, 0.052,   28,   4.8,   3.7
20-Mar-2018 18:00, 8.794,-9999 ,  28.5, 1006.5, 0.156, 0.090,  326,   5.3,   0.6
20-Mar-2018 19:00, 7.167,-9999 ,  29.1, 1006.4, 0.156, 0.089,  260,   1.6,   0.7
20-Mar-2018 20:00, 5.397,-9999 ,  28.2, 1006.2, 0.111, 0.042,  203,   6.0,   3.7
20-Mar-2018 21:00, 3.621,-9999 ,  28.7, 1006.5, 0.117, 0.047,  181,   4.8,   2.9
20-Mar-2018 22:00, 2.119,-9999 ,  29.1, 1006.6, 0.168, 0.101,  228,   5.7,   4.9
20-Mar-2018 23:00, 1.425,-9999 ,  28.7, 1007.1, 0.217, 0.151,  196,   6.4,   5.5
21-Mar-2018 00:00, 2.233,-9999 ,  29.0, 1007.6, 0.279, 0.218,  206,   6.5,   2.6
21-Mar-2018 01:00, 4.017,-9999 ,  29.3, 1007.5, 0.199, 0.143,  229,   3.3,   2.0
21-Mar-2018 02:00, 6.039,-9999 ,  29.8, 1007.2, 0.169, 0.111,  241,   3.3,   1.8
21-Mar-2018 03:00, 8.052,-9999 ,  30.0, 1006.9, 0.177, 0.116,  285,   5.6,   4.2
21-Mar-2018 04:00, 9.553,-9999 ,  30.0, 1006.0, 0.074, 0.010,  291,   6.4,   5.0
21-Mar-2018 05:00, 9.994,-9999 ,  30.1, 1005.0, 0.030,-0.043,  293,   6.8,   5.3
21-Mar-2018 06:00, 9.183,-9999 ,  30.8, 1004.8, 0.094, 0.012,  305,   6.6,   5.8
21-Mar-2018 07:00, 7.608,-9999 ,  30.3, 1004.3, 0.098, 0.013,  308,   8.7,   6.9
21-Mar-2018 08:00, 5.908,-9999 ,  30.3, 1004.4, 0.083,-0.005,  305,   8.4,   6.9
21-Mar-2018 09:00, 4.147,-9999 ,  30.1, 1004.3, 0.096, 0.008,  300,   8.3,   7.2
21-Mar-2018 10:00, 2.529,-9999 ,  30.2, 1005.3, 0.155, 0.067,  311,   9.1,   6.7
21-Mar-2018 11:00, 1.463,-9999 ,  30.1, 1006.0, 0.151, 0.073,  297,   7.7,   6.7
21-Mar-2018 12:00, 1.736,-9999 ,  30.0, 1006.7, 0.156, 0.085,  269,   8.4,   6.3
21-Mar-2018 13:00, 3.208,-9999 ,  29.7, 1007.3, 0.058,-0.006,  270,   7.5,   5.4
21-Mar-2018 14:00, 5.068,-9999 ,  29.9, 1007.2,-0.005,-0.064,  277,   6.9,   5.0
21-Mar-2018 15:00, 7.026,-9999 ,  29.7, 1006.9, 0.044,-0.016,  278,   7.8,   4.6
21-Mar-2018 16:00, 8.731,-9999 ,  30.3, 1006.7, 0.034,-0.029,  262,   6.6,   3.8
21-Mar-2018 17:00, 9.564,-9999 ,  29.8, 1006.1, 0.011,-0.055,  271,   6.4,   4.9
21-Mar-2018 18:00, 9.095,-9999 ,  29.9, 1006.1, 0.023,-0.048,  249,   7.2,   5.8
21-Mar-2018 19:00, 7.729,-9999 ,  29.7, 1005.6, 0.055,-0.016,  238,   7.4,   5.8
21-Mar-2018 20:00, 6.133,-9999 ,  29.9, 1005.2, 0.067,-0.010,  247,   7.4,   6.3
21-Mar-2018 21:00, 4.470,-9999 ,  29.7, 1005.3, 0.074,-0.006,  226,   8.5,   6.9
21-Mar-2018 22:00, 2.901,-9999 ,  28.8, 1005.7, 0.112, 0.033,  190,   9.1,   6.3
21-Mar-2018 23:00, 1.750,-9999 ,  28.4, 1005.8, 0.057,-0.017,  213,   7.9,   6.6
22-Mar-2018 00:00, 1.784,-9999 ,  28.7, 1006.0, 0.054,-0.019,  219,   7.4,   6.1
22-Mar-2018 01:00, 3.173,-9999 ,  28.9, 1006.0, 0.051,-0.021,  220,   7.8,   6.8
22-Mar-2018 02:00, 5.060,-9999 ,  29.7, 1005.5, 0.017,-0.055,  218,   7.9,   5.2
22-Mar-2018 03:00, 7.038,-9999 ,  29.9, 1005.0, 0.112, 0.035,  246,   5.9,   4.1
22-Mar-2018 04:00, 8.779,-9999 ,  30.4, 1004.2, 0.123, 0.040,  254,   6.9,   5.8
22-Mar-2018 05:00, 9.753,-9999 ,  30.9, 1003.7, 0.064,-0.026,  256,   8.5,   7.2
22-Mar-2018 06:00, 9.500,-9999 ,  31.2, 1003.1, 0.048,-0.048,  260,  10.1,   8.0
22-Mar-2018 07:00, 8.207,-9999 ,  31.4, 1002.8, 0.041,-0.060,  267,   9.9,   6.9
22-Mar-2018 08:00, 6.647,-9999 ,  31.2, 1002.8, 0.061,-0.043,  277,  10.4,   7.2
22-Mar-2018 09:00, 5.027,-9999 ,  31.0, 1003.4, 0.062,-0.041,  288,  10.0,   6.0
22-Mar-2018 10:00, 3.405,-9999 ,  30.6, 1004.0, 0.092,-0.005,  293,   7.8,   4.5
22-Mar-2018 11:00, 2.083,-9999 ,  30.4, 1004.5, 0.080,-0.011,  293,   5.4,   4.1
22-Mar-2018 12:00, 1.693,-9999 ,  30.2, 1005.4, 0.079,-0.008,  292,   6.8,   5.1
22-Mar-2018 13:00, 2.650,-9999 ,  30.0, 1006.2, 0.096, 0.019,  308,   5.8,   4.2
22-Mar-2018 14:00, 4.235,-9999 ,  29.9, 1006.1,-0.002,-0.072,  295,   8.2,   6.5
22-Mar-2018 15:00, 5.966,-9999 ,  29.8, 1005.9, 0.023,-0.048,  290,   8.9,   6.0
22-Mar-2018 16:00, 7.645,-9999 ,  29.8, 1006.2, 0.058,-0.015,  283,   7.4,   5.3
22-Mar-2018 17:00, 8.861,-9999 ,  29.8, 1005.8, 0.034,-0.037,  268,   9.5,   6.5
22-Mar-2018 18:00, 9.040,-9999 ,  29.9, 1005.6, 0.005,-0.070,  264,   9.8,   7.5
22-Mar-2018 19:00, 8.137,-9999 ,  29.9, 1005.3, 0.026,-0.051,  261,  10.0,   7.8
22-Mar-2018 20:00, 6.767,-9999 ,  30.2, 1005.6, 0.071,-0.008,  249,  10.2,   8.7
22-Mar-2018 21:00, 5.277,-9999 ,  30.3, 1006.0, 0.050,-0.025,  254,   9.8,   8.1
22-Mar-2018 22:00, 3.783,-9999 ,  30.2, 1006.0, 0.039,-0.033,  250,  10.1,   8.4
22-Mar-2018 23:00, 2.569,-9999 ,  30.0, 1006.0, 0.039,-0.033,  250,  10.3,   8.5
23-Mar-2018 00:00, 2.122,-9999 ,  30.1, 1006.3, 0.060,-0.011,  251,  11.3,   8.3
23-Mar-2018 01:00, 2.870,-9999 ,  30.4, 1006.4, 0.095, 0.027,  242,  10.1,   8.4
23-Mar-2018 02:00, 4.376,-9999 ,  30.6, 1006.3, 0.008,-0.060,  244,  10.4,   8.4
23-Mar-2018 03:00, 6.059,-9999 ,  30.7, 1005.8, 0.002,-0.067,  253,  10.3,   8.0
23-Mar-2018 04:00, 7.646,-9999 ,  30.7, 1004.8, 0.006,-0.070,  255,  10.6,   8.6
23-Mar-2018 05:00, 8.831,-9999 ,  30.8, 1004.1,-0.071,-0.156,  259,  10.3,   7.3
23-Mar-2018 06:00, 9.212,-9999 ,  30.8, 1003.5,-0.082,-0.174,  276,   9.4,   6.9
23-Mar-2018 07:00, 8.554,-9999 ,  30.8, 1003.0,-0.013,-0.111,  286,   8.7,   7.4
23-Mar-2018 08:00, 7.259,-9999 ,  30.8, 1002.7, 0.045,-0.058,  301,   8.6,   6.2
23-Mar-2018 09:00, 5.814,-9999 ,  30.6, 1002.7, 0.034,-0.071,  303,   7.5,   6.0
23-Mar-2018 10:00, 4.349,-9999 ,  30.3, 1003.3, 0.027,-0.077,  302,   6.7,   4.1
23-Mar-2018 11:00, 3.041,-9999 ,  30.2, 1004.2, 0.044,-0.054,  302,   6.1,   4.3
23-Mar-2018 12:00, 2.202,-9999 ,  30.3, 1004.9,-0.026,-0.115,  285,   6.9,   2.4
23-Mar-2018 13:00, 2.418,-9999 ,  30.0, 1005.1,-0.045,-0.128,  303,   5.9,   4.4
23-Mar-2018 14:00, 3.593,-9999 ,  29.8, 1005.2,-0.064,-0.145,  304,   6.9,   5.8
23-Mar-2018 15:00, 5.039,-9999 ,  29.9, 1005.0,-0.064,-0.144,  290,   6.7,   4.8
23-Mar-2018 16:00, 6.465,-9999 ,  29.8, 1005.0,-0.019,-0.101,  292,   6.7,   5.6
23-Mar-2018 17:00, 7.690,-9999 ,  29.9, 1004.8,-0.033,-0.115,  283,   7.8,   5.4
23-Mar-2018 18:00, 8.394,-9999 ,  29.9, 1004.6,-0.014,-0.098,  280,   6.9,   3.1
23-Mar-2018 19:00, 8.124,-9999 ,  29.9, 1004.3,-0.022,-0.108,  268,   6.6,   3.1
23-Mar-2018 20:00, 7.111,-9999 ,  29.9, 1004.2,-0.016,-0.105,  278,   6.6,   4.7
23-Mar-2018 21:00, 5.910,-9999 ,  30.0, 1004.8, 0.014,-0.075,  263,   7.2,   4.5
23-Mar-2018 22:00, 4.658,-9999 ,  30.1, 1005.0,-0.003,-0.087,  255,   7.7,   5.7
23-Mar-2018 23:00, 3.534,-9999 ,  30.2, 1005.6,-0.002,-0.084,  251,   6.9,   3.7
24-Mar-2018 00:00, 2.814,-9999 ,  30.4, 1006.1,-0.028,-0.104,  248,   5.8,   2.4
24-Mar-2018 01:00, 2.930,-9999 ,  30.7, 1006.2,-0.009,-0.080,  239,   3.5,   2.5
24-Mar-2018 02:00, 3.935,-9999 ,  30.6, 1005.8,-0.005,-0.076,  279,   4.6,   3.4
24-Mar-2018 03:00, 5.295,-9999 ,  30.7, 1005.5,-0.035,-0.109,  223,   5.2,   1.9
24-Mar-2018 04:00, 6.662,-9999 ,  30.5, 1004.7,-0.005,-0.083,  278,   4.7,   3.9
24-Mar-2018 05:00, 7.855,-9999 ,  30.5, 1004.1, 0.008,-0.078,  283,   5.9,   4.9
24-Mar-2018 06:00, 8.597,-9999 ,  30.8, 1003.6, 0.024,-0.067,  288,   6.4,   4.7
24-Mar-2018 07:00, 8.541,-9999 ,  31.1, 1003.2, 0.048,-0.049,  306,   6.7,   5.4
24-Mar-2018 08:00, 7.623,-9999 ,  31.2, 1003.1,-0.011,-0.111,  302,   6.6,   5.1
24-Mar-2018 09:00, 6.403,-9999 ,  30.9, 1003.3,-0.056,-0.157,  324,   7.5,   6.1
24-Mar-2018 10:00, 5.199,-9999 ,  30.4, 1004.4,-0.055,-0.153,  341,   8.4,   6.2
24-Mar-2018 11:00, 4.083,-9999 ,  30.2, 1005.3,-0.016,-0.103,  339,   8.8,   6.7
24-Mar-2018 12:00, 3.219,-9999 ,  30.0, 1005.7,-0.013,-0.091,  311,   7.6,   4.6
24-Mar-2018 13:00, 2.942,-9999 ,  29.8, 1006.2,-0.021,-0.095,  299,   5.4,   4.2
24-Mar-2018 14:00, 3.497,-9999 ,  29.8, 1006.2, 0.011,-0.060,  296,   5.2,   2.9
24-Mar-2018 15:00, 4.514,-9999 ,  29.6, 1006.2, 0.014,-0.056,  299,   4.1,   2.2
24-Mar-2018 16:00, 5.579,-9999 ,  29.5, 1005.8, 0.015,-0.055,  335,   5.2,   3.3
24-Mar-2018 17:00, 6.561,-9999 ,  29.3, 1005.3,-0.009,-0.083,  329,   5.1,   3.7
24-Mar-2018 18:00, 7.365,-9999 ,  29.7, 1005.1, 0.017,-0.062,  269,   4.8,   3.1
24-Mar-2018 19:00, 7.678,-9999 ,  29.6, 1005.0, 0.067,-0.015,  301,   4.5,   3.8
24-Mar-2018 20:00, 7.234,-9999 ,  29.6, 1005.6, 0.025,-0.056,  291,   5.1,   3.3
24-Mar-2018 21:00, 6.369,-9999 ,  29.6, 1005.8,-0.010,-0.086,  287,   5.4,   3.5
24-Mar-2018 22:00, 5.445,-9999 ,  29.7, 1006.4, 0.000,-0.073,  263,   5.2,   2.5
24-Mar-2018 23:00, 4.560,-9999 ,  30.0, 1006.9, 0.012,-0.055,  243,   4.3,   2.7
25-Mar-2018 00:00, 3.874,-9999 ,  30.3, 1007.3, 0.008,-0.055,  235,   3.7,   1.5
25-Mar-2018 01:00, 3.632,-9999 ,  28.9, 1008.1, 0.021,-0.036,  125,   6.8,   6.0
25-Mar-2018 02:00, 4.034,-9999 ,  29.5, 1007.4, 0.074, 0.023,  151,   5.2,   2.7
25-Mar-2018 03:00, 4.882,-9999 ,  30.6, 1006.6, 0.075, 0.016,  200,   3.3,   1.9
25-Mar-2018 04:00, 5.869,-9999 ,  31.2, 1005.8, 0.068, 0.001,  212,   3.3,   1.9
25-Mar-2018 05:00, 6.821,-9999 ,  31.8, 1004.9, 0.060,-0.015,  242,   2.9,   2.2
25-Mar-2018 06:00, 7.558,-9999 ,  31.9, 1004.1, 0.049,-0.035,  315,   5.5,   4.7
25-Mar-2018 07:00, 7.919,-9999 ,  31.8, 1003.8, 0.082,-0.009,  307,   6.5,   5.7
25-Mar-2018 08:00, 7.673,-9999 ,  31.4, 1003.7, 0.061,-0.033,  307,   6.7,   5.3
25-Mar-2018 09:00, 6.901,-9999 ,  31.2, 1003.7,-0.031,-0.126,  313,   6.4,   5.2
25-Mar-2018 10:00, 6.008,-9999 ,  30.8, 1004.1,-0.054,-0.149,  320,   6.0,   3.9
25-Mar-2018 11:00, 5.171,-9999 ,  30.5, 1005.2, 0.004,-0.086,  307,   5.0,   3.4
25-Mar-2018 12:00, 4.433,-9999 ,  30.2, 1006.1, 0.036,-0.043,  327,   4.1,   2.9
25-Mar-2018 13:00, 3.936,-9999 ,  30.0, 1006.5, 0.015,-0.056,  312,   4.3,   3.3
25-Mar-2018 14:00, 3.946,-9999 ,  29.9, 1006.6, 0.065,-0.002,  322,   6.2,   5.1
25-Mar-2018 15:00, 4.389,-9999 ,  29.6, 1006.3, 0.121, 0.055,  325,   6.3,   4.7
25-Mar-2018 16:00, 4.962,-9999 ,  29.6, 1006.1, 0.095, 0.026,  303,   5.9,   4.0
25-Mar-2018 17:00, 5.573,-9999 ,  29.6, 1005.9, 0.032,-0.039,  299,   5.5,   4.0
25-Mar-2018 18:00, 6.193,-9999 ,  29.4, 1005.7, 0.020,-0.054,  299,   5.3,   4.1
25-Mar-2018 19:00, 6.680,-9999 ,  29.4, 1005.7, 0.066,-0.009,  294,   5.2,   3.6
25-Mar-2018 20:00, 6.819,-9999 ,  29.3, 1005.9, 0.071,-0.004,  293,   4.8,   3.6
25-Mar-2018 21:00, 6.515,-9999 ,  29.3, 1006.4,-0.005,-0.077,  297,   4.8,   2.7
25-Mar-2018 22:00, 5.994,-9999 ,  29.5, 1006.7,-0.050,-0.118,  275,   3.8,   2.9
25-Mar-2018 23:00, 5.467,-9999 ,  29.7, 1007.2,-0.008,-0.073,  255,   3.9,   2.6
26-Mar-2018 00:00, 5.011,-9999 ,  29.9, 1007.5, 0.052,-0.008,  236,   3.3,   2.3
26-Mar-2018 01:00, 4.689,-9999 ,  30.1, 1007.7, 0.081, 0.025,  229,   3.2,   1.7
26-Mar-2018 02:00, 4.637,-9999 ,  29.9, 1007.1, 0.124, 0.068,  210,   2.8,   1.7
26-Mar-2018 03:00, 4.878,-9999 ,  30.1, 1006.5, 0.162, 0.101,  234,   3.7,   3.0
26-Mar-2018 04:00, 5.276,-9999 ,  31.5, 1005.5, 0.130, 0.062,  263,   5.1,   3.1
26-Mar-2018 05:00, 5.779,-9999 ,  32.2, 1004.6, 0.053,-0.025,  281,   4.5,   3.3
26-Mar-2018 06:00, 6.335,-9999 ,  32.5, 1003.8, 0.010,-0.077,  283,   5.0,   4.0
26-Mar-2018 07:00, 6.794,-9999 ,  32.3, 1003.3, 0.022,-0.073,  278,   6.2,   4.9
26-Mar-2018 08:00, 7.041,-9999 ,  32.4, 1003.4, 0.045,-0.054,  284,   5.9,   4.7
26-Mar-2018 09:00, 6.986,-9999 ,  32.7, 1003.6, 0.041,-0.056,  264,   5.8,   3.8
26-Mar-2018 10:00, 6.637,-9999 ,  32.0, 1004.1, 0.011,-0.084,  255,   4.9,   3.7
26-Mar-2018 11:00, 6.144,-9999 ,  31.8, 1005.2, 0.017,-0.073,  337,   4.3,   3.5
26-Mar-2018 12:00, 5.634,-9999 ,  30.9, 1005.8, 0.048,-0.031,  330,   5.5,   4.5
26-Mar-2018 13:00, 5.178,-9999 ,  31.1, 1006.4, 0.068,-0.005,  325,   5.1,   3.9
26-Mar-2018 14:00, 4.835,-9999 ,  30.3, 1006.4, 0.065,-0.002,  330,   4.8,   4.2
26-Mar-2018 15:00, 4.643,-9999 ,  30.2, 1006.0, 0.049,-0.020,  325,   5.2,   4.4
26-Mar-2018 16:00, 4.628,-9999 ,  30.4, 1005.8, 0.059,-0.014,  315,   5.5,   4.0
26-Mar-2018 17:00, 4.804,-9999 ,  30.1, 1005.4, 0.077, 0.003,  309,   5.2,   3.4
26-Mar-2018 18:00, 5.107,-9999 ,  30.1, 1005.2, 0.056,-0.023,  295,   5.6,   4.2
26-Mar-2018 19:00, 5.469,-9999 ,  30.0, 1005.4, 0.041,-0.039,  303,   5.0,   3.8
26-Mar-2018 20:00, 5.854,-9999 ,  30.1, 1005.4, 0.049,-0.029,  299,   4.8,   3.7
26-Mar-2018 21:00, 6.181,-9999 ,  30.2, 1006.0, 0.070,-0.007,  304,   4.4,   3.2
26-Mar-2018 22:00, 6.297,-9999 ,  30.0, 1006.5, 0.041,-0.031,  300,   3.9,   3.3
26-Mar-2018 23:00, 6.201,-9999 ,  30.5, 1007.1,-0.006,-0.073,  274,   4.6,   2.8
27-Mar-2018 00:00, 6.022,-9999 ,  30.5, 1007.7, 0.001,-0.059,  265,   4.7,   3.4
27-Mar-2018 01:00, 5.812,-9999 ,  30.6, 1007.5, 0.052,-0.003,  277,   5.1,   4.1
27-Mar-2018 02:00, 5.543,-9999 ,  30.8, 1007.4, 0.084, 0.027,  236,   5.3,   2.9
27-Mar-2018 03:00, 5.248,-9999 ,  31.3, 1006.6, 0.062, 0.004,  293,   4.6,   3.0
27-Mar-2018 04:00, 5.031,-9999 ,  31.2, 1005.7, 0.052,-0.014,  302,   5.6,   4.1
27-Mar-2018 05:00, 4.978,-9999 ,  31.5, 1004.7, 0.029,-0.047,  307,   6.4,   4.9
27-Mar-2018 06:00, 5.142,-9999 ,  31.2, 1003.9,-0.010,-0.097,  313,   7.8,   6.2
27-Mar-2018 07:00, 5.514,-9999 ,  31.0, 1003.6, 0.017,-0.076,  313,   8.8,   7.3
27-Mar-2018 08:00, 5.969,-9999 ,  31.3, 1003.5, 0.055,-0.041,  311,   8.5,   6.2
27-Mar-2018 09:00, 6.399,-9999 ,  31.3, 1003.7, 0.059,-0.038,  296,   7.7,   6.6
27-Mar-2018 10:00, 6.718,-9999 ,  31.0, 1004.2, 0.057,-0.037,  307,   7.4,   5.3
27-Mar-2018 11:00, 6.809,-9999 ,  31.1, 1004.8, 0.037,-0.052,  296,   6.6,   4.9
27-Mar-2018 12:00, 6.675,-9999 ,  31.2, 1005.4, 0.009,-0.075,  272,   6.1,   3.8
27-Mar-2018 13:00, 6.388,-9999 ,  31.0, 1005.8, 0.006,-0.071,  274,   5.9,   4.1
27-Mar-2018 14:00, 5.952,-9999 ,  31.0, 1005.5, 0.007,-0.067,  267,   5.9,   4.2
27-Mar-2018 15:00, 5.419,-9999 ,  30.8, 1005.3,-0.010,-0.087,  277,   5.7,   3.2
27-Mar-2018 16:00, 4.882,-9999 ,  30.8, 1005.1, 0.011,-0.068,  269,   5.1,   2.6
27-Mar-2018 17:00, 4.420,-9999 ,  30.9, 1005.2, 0.032,-0.049,  219,   4.8,   2.3
27-Mar-2018 18:00, 4.176,-9999 ,  30.9, 1004.7, 0.018,-0.062,  261,   4.5,   2.2
27-Mar-2018 19:00, 4.277,-9999 ,  31.0, 1004.4, 0.051,-0.034,  242,   3.5,   2.8
27-Mar-2018 20:00, 4.676,-9999 ,  31.5, 1004.6, 0.074,-0.014,  232,   4.0,   3.3
27-Mar-2018 21:00, 5.216,-9999 ,  31.3, 1004.8, 0.011,-0.075,  236,   5.0,   4.2
27-Mar-2018 22:00, 5.841,-9999 ,  31.4, 1005.1,-0.043,-0.127,  170,   4.4,   1.3
27-Mar-2018 23:00, 6.462,-9999 ,  31.6, 1005.9,-0.014,-0.095,  193,   3.0,   2.4
28-Mar-2018 00:00, 6.870,-9999 ,  31.5, 1006.3, 0.015,-0.057,  128,   4.7,   3.2
28-Mar-2018 01:00, 6.904,-9999 ,  31.3, 1006.6,-0.025,-0.093,  138,   3.4,   2.3
28-Mar-2018 02:00, 6.586,-9999 ,  31.2, 1006.5,-0.054,-0.120,  157,   2.8,   2.3
28-Mar-2018 03:00, 6.069,-9999 ,  32.2, 1005.7,-0.020,-0.088,  181,   2.8,   1.2
28-Mar-2018 04:00, 5.422,-9999 ,  34.0, 1004.6, 0.006,-0.070,  109,   3.1,   1.0
28-Mar-2018 05:00, 4.764,-9999 ,  35.8, 1003.2, 0.008,-0.079,   65,   2.8,   1.5
28-Mar-2018 06:00, 4.276,-9999 ,  33.4, 1002.5,-0.044,-0.144,  240,   5.9,   4.8
28-Mar-2018 07:00, 4.171,-9999 ,  33.1, 1002.0,-0.049,-0.157,  254,   8.4,   7.0
28-Mar-2018 08:00, 4.556,-9999 ,  33.9, 1002.0, 0.008,-0.104,  278,   9.0,   5.9
28-Mar-2018 09:00, 5.289,-9999 ,  33.2, 1002.2, 0.059,-0.052,  270,   8.5,   6.1
28-Mar-2018 10:00, 6.104,-9999 ,  33.1, 1002.7, 0.062,-0.048,  276,   9.1,   5.3
28-Mar-2018 11:00, 6.815,-9999 ,  35.5, 1003.4, 0.016,-0.088,  105,   5.8,   2.1
28-Mar-2018 12:00, 7.311,-9999 ,  34.7, 1004.3,-0.031,-0.128,  102,   8.2,   6.9
28-Mar-2018 13:00, 7.496,-9999 ,  32.8, 1004.8,-0.036,-0.124,  102,   7.7,   3.3
28-Mar-2018 14:00, 7.237,-9999 ,  34.2, 1004.9,-0.013,-0.096,  118,   8.3,   6.7
28-Mar-2018 15:00, 6.537,-9999 ,  33.7, 1004.7,-0.032,-0.115,  125,  10.2,   8.9
28-Mar-2018 16:00, 5.608,-9999 ,  33.1, 1004.4,-0.074,-0.159,  118,  11.9,   9.0
28-Mar-2018 17:00, 4.632,-9999 ,  30.7, 1004.2,-0.069,-0.157,   90,  11.6,   6.7
28-Mar-2018 18:00, 3.784,-9999 ,  31.4, 1003.9,-0.054,-0.144,  108,  11.5,   9.8
28-Mar-2018 19:00, 3.249,-9999 ,  30.0, 1004.0,-0.047,-0.141,  108,  10.9,   6.6
28-Mar-2018 20:00, 3.323,-9999 ,  28.0, 1004.6,-0.006,-0.097,   98,   8.5,   6.4
28-Mar-2018 21:00, 4.013,-9999 ,  27.9, 1005.0, 0.019,-0.067,  104,   8.4,   6.4
28-Mar-2018 22:00, 5.007,-9999 ,  27.4, 1005.7, 0.004,-0.077,  104,   8.2,   5.7
28-Mar-2018 23:00, 6.105,-9999 ,  26.7, 1006.5,-0.009,-0.083,  106,   6.7,   5.8
29-Mar-2018 00:00, 7.099,-9999 ,  26.9, 1007.0,-0.042,-0.108,   60,   6.7,   3.8
29-Mar-2018 01:00, 7.767,-9999 ,  27.8, 1007.2,-0.059,-0.121,  112,   4.8,   2.0
29-Mar-2018 02:00, 7.859,-9999 ,  28.9, 1007.3,-0.016,-0.076,  145,   4.4,   3.8
29-Mar-2018 03:00, 7.284,-9999 ,  30.3, 1007.0, 0.018,-0.041,  134,   5.7,   4.9
29-Mar-2018 04:00, 6.327,-9999 ,  31.4, 1006.0, 0.024,-0.039,  143,   6.8,   5.8
29-Mar-2018 05:00, 5.245,-9999 ,  32.0, 1005.3, 0.038,-0.034,  240,   6.3,   3.9
29-Mar-2018 06:00, 4.225,-9999 ,  31.4, 1004.5, 0.051,-0.030,  273,   7.4,   6.0
29-Mar-2018 07:00, 3.445,-9999 ,  29.4, 1005.0, 0.051,-0.036,   13,  13.9,   9.5
29-Mar-2018 08:00, 3.237,-9999 ,  29.6, 1005.1, 0.054,-0.028,  343,  12.0,   6.1
29-Mar-2018 09:00, 3.832,-9999 ,  28.0, 1006.0, 0.038,-0.042,    7,  10.3,   7.6
29-Mar-2018 10:00, 4.980,-9999 ,  27.7, 1006.6, 0.070,-0.002,    8,  10.3,   6.3
29-Mar-2018 11:00, 6.248,-9999 ,  27.0, 1007.0, 0.100, 0.034,    5,   6.9,   5.2
29-Mar-2018 12:00, 7.375,-9999 ,  28.1, 1007.2, 0.055,-0.007,  359,   7.1,   5.4
29-Mar-2018 13:00, 8.199,-9999 ,  28.5, 1007.5, 0.003,-0.057,    2,   6.1,   2.4
29-Mar-2018 14:00, 8.460,-9999 ,  28.6, 1007.6, 0.038,-0.019,  328,   3.0,   0.4
29-Mar-2018 15:00, 7.886,-9999 ,  29.5, 1007.4, 0.036,-0.020,  221,   1.2,   0.7
29-Mar-2018 16:00, 6.800,-9999 ,  29.9, 1006.9, 0.019,-0.040,  159,   3.4,   2.3
29-Mar-2018 17:00, 5.557,-9999 ,  30.0, 1006.3, 0.048,-0.015,  142,   6.1,   4.4
29-Mar-2018 18:00, 4.258,-9999 ,  30.3, 1005.7, 0.056,-0.014,  140,   8.6,   7.0
29-Mar-2018 19:00, 3.119,-9999 ,  29.7, 1005.9, 0.078, 0.003,  122,  10.0,   5.9
29-Mar-2018 20:00, 2.443,-9999 ,  29.2, 1006.3, 0.081, 0.008,  115,   9.1,   7.3
29-Mar-2018 21:00, 2.710,-9999 ,  28.6, 1007.1, 0.036,-0.032,  113,   9.4,   7.2
29-Mar-2018 22:00, 3.841,-9999 ,  28.1, 1007.2, 0.032,-0.029,  104,   8.2,   6.1
29-Mar-2018 23:00, 5.272,-9999 ,  28.4, 1007.8, 0.021,-0.039,  109,   7.7,   5.6
30-Mar-2018 00:00, 6.742,-9999 ,  28.6, 1008.3,-0.023,-0.077,  103,   6.4,   5.3
30-Mar-2018 01:00, 8.044,-9999 ,  28.9, 1008.5,-0.069,-0.118,  118,   6.6,   4.1
30-Mar-2018 02:00, 8.789,-9999 ,  29.8, 1008.2,-0.029,-0.077,  115,   6.4,   3.1
30-Mar-2018 03:00, 8.551,-9999 ,  30.2, 1007.8, 0.037,-0.013,  130,   4.7,   3.7
30-Mar-2018 04:00, 7.467,-9999 ,  31.1, 1007.1, 0.017,-0.038,  135,   4.9,   4.3
30-Mar-2018 05:00, 6.097,-9999 ,  32.0, 1006.2, 0.003,-0.059,  132,   4.3,   3.2
30-Mar-2018 06:00, 4.652,-9999 ,  32.9, 1005.5,-0.024,-0.095,  182,   3.3,   1.3
30-Mar-2018 07:00, 3.340,-9999 ,  31.2, 1004.7,-0.009,-0.087,  322,   8.2,   6.9
30-Mar-2018 08:00, 2.414,-9999 ,  30.6, 1005.0, 0.055,-0.030,  335,   9.8,   7.6
30-Mar-2018 09:00, 2.420,-9999 ,  30.0, 1005.1, 0.058,-0.023,  349,  11.0,   9.2
30-Mar-2018 10:00, 3.519,-9999 ,  30.1, 1005.6, 0.058,-0.023,  348,  10.5,   9.1
30-Mar-2018 11:00, 5.088,-9999 ,  30.4, 1006.9, 0.077, 0.002,  338,  10.6,   7.1
30-Mar-2018 12:00, 6.725,-9999 ,  30.4, 1008.1, 0.101, 0.039,  321,   9.7,   4.9
30-Mar-2018 13:00, 8.192,-9999 ,  30.3, 1008.7, 0.072, 0.022,  306,   6.5,   3.7
30-Mar-2018 14:00, 9.088,-9999 ,  30.4, 1008.7, 0.011,-0.034,  293,   4.9,   3.4
30-Mar-2018 15:00, 9.003,-9999 ,  30.4, 1008.4, 0.005,-0.041,  275,   4.8,   3.6
30-Mar-2018 16:00, 7.992,-9999 ,  30.2, 1008.2, 0.004,-0.044,  282,   4.7,   3.3
30-Mar-2018 17:00, 6.622,-9999 ,  30.2, 1007.6, 0.060, 0.009,  290,   4.8,   3.1
30-Mar-2018 18:00, 5.099,-9999 ,  29.9, 1007.1, 0.086, 0.029,  296,   4.9,   3.7
30-Mar-2018 19:00, 3.517,-9999 ,  29.9, 1007.1, 0.034,-0.027,  297,   4.1,   2.8
30-Mar-2018 20:00, 2.211,-9999 ,  29.8, 1007.3, 0.073, 0.012,  297,   4.1,   1.9
30-Mar-2018 21:00, 1.691,-9999 ,  29.7, 1007.3, 0.038,-0.021,  288,   3.7,   2.3
30-Mar-2018 22:00, 2.520,-9999 ,  29.7, 1007.5, 0.017,-0.043,  276,   3.5,   3.0
30-Mar-2018 23:00, 4.171,-9999 ,  29.8, 1008.3, 0.063, 0.006,  255,   4.5,   3.6
31-Mar-2018 00:00, 5.997,-9999 ,  30.3, 1008.8, 0.083, 0.034,  251,   5.1,   3.8
31-Mar-2018 01:00, 7.788,-9999 ,  30.3, 1009.0, 0.059, 0.015,  244,   4.8,   3.5
31-Mar-2018 02:00, 9.176,-9999 ,  30.5, 1009.1, 0.034,-0.008,  246,   4.7,   3.0
31-Mar-2018 03:00, 9.553,-9999 ,  30.6, 1008.5, 0.065, 0.024,  267,   4.9,   3.7
31-Mar-2018 04:00, 8.689,-9999 ,  30.6, 1007.5, 0.043,-0.005,  244,   6.3,   3.3
31-Mar-2018 05:00, 7.196,-9999 ,  30.5, 1006.6, 0.002,-0.056,  287,   6.6,   5.3
31-Mar-2018 06:00, 5.588,-9999 ,  30.7, 1006.0, 0.024,-0.042,  290,   8.1,   6.5
31-Mar-2018 07:00, 3.899,-9999 ,  30.7, 1005.2,-0.027,-0.100,  297,   8.7,   7.2
31-Mar-2018 08:00, 2.362,-9999 ,  30.8, 1005.7,-0.022,-0.102,  299,   9.3,   7.5
31-Mar-2018 09:00, 1.481,-9999 ,  30.8, 1006.6,-0.006,-0.080,  300,   8.8,   6.1
31-Mar-2018 10:00, 2.024,-9999 ,  30.6, 1006.7, 0.000,-0.065,  287,   7.1,   3.6
31-Mar-2018 11:00, 3.632,-9999 ,  30.5, 1006.3, 0.015,-0.051,  239,   7.7,   5.3
31-Mar-2018 12:00, 5.535,-9999 ,  30.4, 1007.2, 0.037,-0.031,  333,   8.0,   4.2
31-Mar-2018 13:00, 7.488,-9999 ,  30.2, 1008.6, 0.098, 0.040,  313,   5.8,   3.2
31-Mar-2018 14:00, 9.092,-9999 ,  30.4, 1008.1, 0.090, 0.044,  288,   5.6,   4.5
31-Mar-2018 15:00, 9.756,-9999 ,  30.3, 1008.0, 0.084, 0.032,  276,   5.2,   2.7
31-Mar-2018 16:00, 9.130,-9999 ,  27.5, 1009.2, 0.068, 0.017,  133,  12.5,   8.3
31-Mar-2018 17:00, 7.629,-9999 ,  26.3, 1009.2,-0.035,-0.075,  127,  11.8,  10.5
31-Mar-2018 18:00, 5.959,-9999 ,  26.4, 1008.5,-0.053,-0.093,  119,  16.2,  14.4
31-Mar-2018 19:00, 4.214,-9999 ,  26.6, 1008.7,-0.087,-0.135,  131,  16.4,  13.4
31-Mar-2018 20:00, 2.564,-9999 ,  26.8, 1009.1,-0.063,-0.108,  136,  14.0,   7.6
31-Mar-2018 21:00, 1.292,-9999 ,  26.4, 1009.3,-0.073,-0.114,  147,   9.5,   6.3
31-Mar-2018 22:00, 1.324,-9999 ,  25.8, 1010.3,-0.124,-0.162,  176,   7.0,   4.1
31-Mar-2018 23:00, 2.821,-9999 ,  25.1, 1010.6,-0.066,-0.095,   65,   6.1,   4.7
01-Apr-2018 00:00, 4.745,-9999 ,  25.3, 1010.0,-0.088,-0.115,    5,   5.9,   4.1
01-Apr-2018 01:00, 6.829,-9999 ,  27.0, 1009.2,-0.060,-0.093,   33,   6.3,   4.8
01-Apr-2018 02:00, 8.857,-9999 ,  28.4, 1008.3, 0.055, 0.014,   51,   6.2,   4.1
01-Apr-2018 03:00,10.002,-9999 ,  29.9, 1007.8, 0.100, 0.050,  121,   5.4,   4.8
01-Apr-2018 04:00, 9.708,-9999 ,  29.8, 1007.7, 0.097, 0.043,  193,   5.9,   4.9
01-Apr-2018 05:00, 8.351,-9999 ,  29.3, 1007.0, 0.063, 0.007,  212,   7.1,   5.2
01-Apr-2018 06:00, 6.586,-9999 ,  29.4, 1006.1,-0.018,-0.081,  235,   8.3,   7.1
01-Apr-2018 07:00, 4.750,-9999 ,  29.8, 1005.6,-0.064,-0.136,  235,   8.1,   6.3
01-Apr-2018 08:00, 2.967,-9999 ,  30.2, 1005.7,-0.057,-0.133,  246,   8.0,   6.9
01-Apr-2018 09:00, 1.488,-9999 ,  30.3, 1005.8, 0.014,-0.061,  256,   7.9,   6.8
01-Apr-2018 10:00, 1.082,-9999 ,  30.0, 1006.1, 0.000,-0.074,  240,   8.6,   7.3
01-Apr-2018 11:00, 2.277,-9999 ,  30.0, 1006.6, 0.008,-0.063,  242,   9.3,   8.1
01-Apr-2018 12:00, 4.199,-9999 ,  30.6, 1007.3,-0.004,-0.069,  233,   9.4,   8.0
01-Apr-2018 13:00, 6.307,-9999 ,  30.3, 1007.7, 0.025,-0.034,  226,   8.7,   7.3
01-Apr-2018 14:00, 8.358,-9999 ,  30.1, 1007.9, 0.067, 0.013,  220,   8.5,   6.4
01-Apr-2018 15:00, 9.735,-9999 ,  29.9, 1007.5, 0.046,-0.008,  211,   7.6,   6.2
01-Apr-2018 16:00, 9.842,-9999 ,  30.0, 1007.5, 0.083, 0.026,  205,   7.3,   6.0
01-Apr-2018 17:00, 8.697,-9999 ,  30.0, 1007.2, 0.077, 0.019,  197,   6.5,   4.9
01-Apr-2018 18:00, 6.996,-9999 ,  30.0, 1006.9,-0.006,-0.066,  206,   6.4,   4.9
01-Apr-2018 19:00, 5.203,-9999 ,  29.8, 1006.8,-0.038,-0.101,  204,   6.3,   3.8
01-Apr-2018 20:00, 3.396,-9999 ,  30.1, 1006.7,-0.056,-0.120,  209,   4.4,   2.9
01-Apr-2018 21:00, 1.804,-9999 ,  29.6, 1007.3, 0.007,-0.058,  205,   6.4,   5.7
01-Apr-2018 22:00, 1.000,-9999 ,  29.3, 1007.7,-0.021,-0.080,  210,   7.2,   6.1
01-Apr-2018 23:00, 1.847,-9999 ,  29.3, 1008.2,-0.021,-0.076,  198,   7.3,   5.3
02-Apr-2018 00:00, 3.744,-9999 ,  29.5, 1008.6, 0.009,-0.041,  198,   6.2,   3.8
02-Apr-2018 01:00, 5.879,-9999 ,  29.8, 1008.5, 0.019,-0.027,  184,   4.5,   2.5
02-Apr-2018 02:00, 8.049,-9999 ,  30.7, 1008.2, 0.053, 0.006,  219,   3.0,   1.8
02-Apr-2018 03:00, 9.714,-9999 ,  31.1, 1007.6, 0.027,-0.024,  280,   3.1,   2.3
02-Apr-2018 04:00,10.178,-9999 ,  31.2, 1006.7, 0.046,-0.011,  270,   5.8,   4.8
02-Apr-2018 05:00, 9.247,-9999 ,  31.4, 1005.9, 0.065,-0.001,  263,   8.3,   7.1
02-Apr-2018 06:00, 7.530,-9999 ,  31.6, 1005.2,-0.052,-0.126,  262,   8.8,   6.6
02-Apr-2018 07:00, 5.696,-9999 ,  31.7, 1004.9,-0.101,-0.181,  266,   8.5,   5.4
02-Apr-2018 08:00, 3.807,-9999 ,  31.9, 1005.0,-0.117,-0.200,  261,   8.9,   5.7
02-Apr-2018 09:00, 2.049,-9999 ,  31.6, 1005.3,-0.054,-0.136,  266,   8.4,   6.0
02-Apr-2018 10:00, 0.886,-9999 ,  31.2, 1006.0,-0.037,-0.115,  275,   8.2,   6.3
02-Apr-2018 11:00, 1.288,-9999 ,  31.1, 1006.9,-0.032,-0.103,  273,   7.9,   4.4
02-Apr-2018 12:00, 3.027,-9999 ,  31.1, 1007.5, 0.015,-0.047,  262,   6.4,   5.3
02-Apr-2018 13:00, 5.108,-9999 ,  31.1, 1008.2, 0.020,-0.036,  248,   6.0,   5.4
02-Apr-2018 14:00, 7.253,-9999 ,  31.0, 1008.2, 0.033,-0.017,  243,   6.2,   5.4
02-Apr-2018 15:00, 9.095,-9999 ,  30.9, 1008.1, 0.011,-0.039,  242,   6.1,   5.5
02-Apr-2018 16:00, 9.936,-9999 ,  30.9, 1007.4, 0.015,-0.037,  239,   7.8,   6.9
02-Apr-2018 17:00, 9.341,-9999 ,  30.8, 1007.2, 0.044,-0.014,  235,   7.9,   6.2
02-Apr-2018 18:00, 7.808,-9999 ,  30.6, 1007.1,-0.018,-0.078,  221,   9.5,   7.7
02-Apr-2018 19:00, 6.082,-9999 ,  30.4, 1007.0,-0.052,-0.113,  224,   9.4,   7.5
02-Apr-2018 20:00, 4.278,-9999 ,  30.2, 1007.0,-0.071,-0.134,  222,  10.4,   8.9
02-Apr-2018 21:00, 2.548,-9999 ,  30.3, 1007.2,-0.048,-0.110,  226,   9.5,   6.9
02-Apr-2018 22:00, 1.266,-9999 ,  30.3, 1007.3,-0.013,-0.074,  220,   8.1,   6.1
02-Apr-2018 23:00, 1.335,-9999 ,  30.7, 1008.0, 0.011,-0.048,  200,   7.3,   6.2
03-Apr-2018 00:00, 2.854,-9999 ,  29.1, 1008.7, 0.030,-0.021,  176,   9.1,   3.9
03-Apr-2018 01:00, 4.865,-9999 ,  29.9, 1008.6,-0.004,-0.049,  126,   4.0,   2.5
03-Apr-2018 02:00, 7.010,-9999 ,  30.7, 1008.3, 0.006,-0.040,  127,   4.3,   3.5
03-Apr-2018 03:00, 8.952,-9999 ,  32.0, 1007.6,-0.019,-0.069,  129,   5.3,   4.0
03-Apr-2018 04:00,10.023,-9999 ,  32.0, 1007.0,-0.072,-0.128,  121,   4.9,   2.6
03-Apr-2018 05:00, 9.743,-9999 ,  33.6, 1006.4,-0.012,-0.075,  101,   3.0,   1.7
03-Apr-2018 06:00, 8.346,-9999 ,  34.6, 1006.1,-0.016,-0.085,  131,   3.3,   2.9
03-Apr-2018 07:00, 6.573,-9999 ,  35.8, 1006.0,-0.102,-0.173,  136,   4.3,   3.5
03-Apr-2018 08:00, 4.719,-9999 ,  37.7, 1006.0,-0.145,-0.217,  110,   6.7,   6.2
03-Apr-2018 09:00, 2.901,-9999 ,  36.7, 1006.4,-0.104,-0.176,  105,   7.2,   5.6
03-Apr-2018 10:00, 1.372,-9999 ,  37.0, 1006.8,-0.059,-0.126,  118,   6.3,   5.2
03-Apr-2018 11:00, 0.888,-9999 ,  35.5, 1007.5,-0.113,-0.176,  119,   5.1,   3.8
03-Apr-2018 12:00, 2.055,-9999 ,  34.8, 1008.0,-0.094,-0.151,   99,   3.5,   1.7
03-Apr-2018 13:00, 3.994,-9999 ,  32.3, 1008.3,-0.062,-0.114,  145,   2.2,   0.8
03-Apr-2018 14:00, 6.088,-9999 ,  31.8, 1008.4,-0.014,-0.063,  161,   2.2,   1.7
03-Apr-2018 15:00, 8.106,-9999 ,  31.0, 1008.3, 0.015,-0.033,   93,   2.0,   0.5
03-Apr-2018 16:00, 9.484,-9999 ,  31.6, 1007.7,-0.012,-0.062,  138,   3.1,   1.9
03-Apr-2018 17:00, 9.605,-9999 ,  31.4, 1007.5, 0.022,-0.034,  142,   2.1,   1.4
03-Apr-2018 18:00, 8.475,-9999 ,  31.0, 1007.2, 0.041,-0.017,  135,   2.8,   2.3
03-Apr-2018 19:00, 6.832,-9999 ,  30.8, 1007.2,-0.023,-0.083,  131,   4.0,   2.4
03-Apr-2018 20:00, 5.127,-9999 ,  31.4, 1007.3,-0.052,-0.112,  131,   4.2,   3.7
03-Apr-2018 21:00, 3.409,-9999 ,  30.7, 1007.7,-0.063,-0.122,  123,   4.8,   3.6
03-Apr-2018 22:00, 1.934,-9999 ,  30.4, 1008.2,-0.044,-0.099,  127,   8.3,   5.5
03-Apr-2018 23:00, 1.297,-9999 ,  28.9, 1008.6,-0.062,-0.112,  120,   7.3,   3.8
04-Apr-2018 00:00, 2.203,-9999 ,  29.7, 1008.9,-0.049,-0.095,  119,   6.2,   4.6
04-Apr-2018 01:00, 4.035,-9999 ,  29.9, 1009.0,-0.038,-0.081,  106,   6.4,   4.8
04-Apr-2018 02:00, 6.076,-9999 ,  31.7, 1008.7, 0.006,-0.036,  107,   6.2,   5.2
04-Apr-2018 03:00, 8.073,-9999 ,  32.8, 1008.0, 0.052, 0.006,   98,   5.4,   3.8
04-Apr-2018 04:00, 9.539,-9999 ,  34.3, 1007.1, 0.015,-0.038,  101,   3.9,   3.2
04-Apr-2018 05:00, 9.876,-9999 ,  34.7, 1006.3,-0.001,-0.063,  129,   3.9,   1.5
04-Apr-2018 06:00, 8.934,-9999 ,  35.8, 1005.7, 0.025,-0.044,  120,   6.3,   5.6
04-Apr-2018 07:00, 7.310,-9999 ,  35.5, 1005.3,-0.045,-0.121,  132,   6.5,   3.6
04-Apr-2018 08:00, 5.574,-9999 ,  36.8, 1005.2,-0.114,-0.193,  127,   5.1,   4.1
04-Apr-2018 09:00, 3.810,-9999 ,  36.8, 1005.4,-0.124,-0.204,  109,   5.4,   2.0
04-Apr-2018 10:00, 2.217,-9999 ,  35.4, 1006.0,-0.072,-0.149,  219,   5.4,   4.0
04-Apr-2018 11:00, 1.241,-9999 ,  32.0, 1006.7,-0.068,-0.139,  237,   5.8,   3.6
04-Apr-2018 12:00, 1.731,-9999 ,  31.5, 1007.4,-0.016,-0.081,  226,   7.4,   6.1
04-Apr-2018 13:00, 3.322,-9999 ,  31.2, 1008.1, 0.004,-0.053,  213,   7.8,   3.2
04-Apr-2018 14:00, 5.174,-9999 ,  30.6, 1007.8, 0.002,-0.049,  211,   4.1,   2.6
04-Apr-2018 15:00, 7.070,-9999 ,  30.5, 1007.5, 0.037,-0.018,  221,   4.5,   3.6
04-Apr-2018 16:00, 8.663,-9999 ,  30.5, 1007.2, 0.026,-0.031,  202,   4.3,   3.6
04-Apr-2018 17:00, 9.362,-9999 ,  30.7, 1006.9, 0.004,-0.056,  205,   5.0,   4.4
04-Apr-2018 18:00, 8.780,-9999 ,  30.8, 1006.7, 0.008,-0.056,  198,   6.2,   5.4
04-Apr-2018 19:00, 7.400,-9999 ,  30.4, 1006.6, 0.008,-0.057,  184,   6.5,   4.5
04-Apr-2018 20:00, 5.870,-9999 ,  30.4, 1006.5, 0.015,-0.051,  177,   5.3,   4.3
04-Apr-2018 21:00, 4.290,-9999 ,  30.6, 1006.6, 0.008,-0.059,  154,   5.1,   3.7
04-Apr-2018 22:00, 2.839,-9999 ,  29.7, 1007.2, 0.012,-0.054,  141,   7.4,   4.5
04-Apr-2018 23:00, 1.876,-9999 ,  28.7, 1007.9,-0.002,-0.061,  100,   6.4,   3.2
05-Apr-2018 00:00, 2.096,-9999 ,  29.5, 1008.4,-0.017,-0.069,   96,   4.1,   1.4
05-Apr-2018 01:00, 3.512,-9999 ,  29.9, 1008.6,-0.024,-0.072,  115,   2.8,   1.8
05-Apr-2018 02:00, 5.313,-9999 ,  30.5, 1008.3,-0.015,-0.061,   85,   2.3,   1.2
05-Apr-2018 03:00, 7.137,-9999 ,  31.8, 1007.7, 0.033,-0.016,    0,   1.6,   0.0
05-Apr-2018 04:00, 8.684,-9999 ,  32.7, 1006.9, 0.032,-0.024,  207,   2.0,   1.1
05-Apr-2018 05:00, 9.485,-9999 ,  34.8, 1006.1, 0.003,-0.061,  100,   2.2,   1.7
05-Apr-2018 06:00, 9.126,-9999 ,  34.1, 1005.3, 0.010,-0.062,  191,   2.9,   1.1
05-Apr-2018 07:00, 7.827,-9999 ,  35.5, 1004.8,-0.014,-0.094,  185,   4.8,   0.8
05-Apr-2018 08:00, 6.278,-9999 ,  33.2, 1004.7,-0.052,-0.136,  252,   4.4,   2.6
05-Apr-2018 09:00, 4.701,-9999 ,  32.5, 1004.7,-0.057,-0.142,  256,   4.5,   2.7
05-Apr-2018 10:00, 3.196,-9999 ,  32.0, 1005.2,-0.021,-0.105,  261,   5.6,   2.9
05-Apr-2018 11:00, 2.020,-9999 ,  31.4, 1005.8,-0.024,-0.104,  240,   4.9,   4.2
05-Apr-2018 12:00, 1.824,-9999 ,  31.4, 1006.6,-0.037,-0.110,  233,   6.8,   5.3
05-Apr-2018 13:00, 2.909,-9999 ,  31.6, 1006.7,-0.009,-0.075,  233,   6.2,   4.8
05-Apr-2018 14:00, 4.508,-9999 ,  31.5, 1006.8,-0.002,-0.067,  213,   5.9,   3.8
05-Apr-2018 15:00, 6.159,-9999 ,  32.0, 1006.7, 0.024,-0.040,  206,   5.4,   2.0
05-Apr-2018 16:00, 7.678,-9999 ,  31.7, 1006.2, 0.031,-0.034,  217,   4.0,   2.4
05-Apr-2018 17:00, 8.712,-9999 ,  30.5, 1005.9, 0.039,-0.031,  187,   7.3,   4.3
05-Apr-2018 18:00, 8.739,-9999 ,  30.5, 1005.6, 0.037,-0.037,  159,   5.0,   3.0
05-Apr-2018 19:00, 7.733,-9999 ,  30.0, 1005.6, 0.005,-0.071,  156,   4.8,   4.3
05-Apr-2018 20:00, 6.386,-9999 ,  30.1,-9999.0, 0.016,-0.060,  151,   6.2,   4.8
05-Apr-2018 21:00, 5.005,-9999 ,  29.5, 1006.2, 0.033,-0.041,  123,   5.4,   3.7
05-Apr-2018 22:00, 3.671,-9999 ,  29.1, 1007.0, 0.023,-0.046,  123,   7.5,   5.6
05-Apr-2018 23:00, 2.638,-9999 ,  29.2, 1007.8,-0.012,-0.073,  145,   7.5,   6.1
06-Apr-2018 00:00, 2.373,-9999 ,  29.5, 1007.8,-0.047,-0.101,  123,   9.1,   5.2
06-Apr-2018 01:00, 3.255,-9999 ,  29.4, 1008.0,-0.052,-0.106,   90,   6.7,   3.4
06-Apr-2018 02:00, 4.758,-9999 ,  31.0, 1008.0,-0.051,-0.103,   83,   5.7,   4.6
06-Apr-2018 03:00, 6.353,-9999 ,  33.3, 1006.9, 0.011,-0.043,   80,   6.2,   4.8
06-Apr-2018 04:00, 7.773,-9999 ,  33.2, 1006.2, 0.031,-0.033,  126,   5.9,   4.2
06-Apr-2018 05:00, 8.743,-9999 ,  35.3, 1005.4, 0.018,-0.053,  124,   5.1,   4.2
06-Apr-2018 06:00, 8.920,-9999 ,  34.6, 1004.8, 0.042,-0.037,  141,   4.4,   2.3
06-Apr-2018 07:00, 8.100,-9999 ,  35.1, 1004.5, 0.024,-0.060,  182,   2.9,   1.0
06-Apr-2018 08:00, 6.776,-9999 ,  34.0, 1004.7,-0.021,-0.108,  276,   4.1,   3.2
06-Apr-2018 09:00, 5.417,-9999 ,  32.2, 1005.2,-0.020,-0.104,  259,   6.5,   5.0
06-Apr-2018 10:00, 4.088,-9999 ,  31.2, 1005.7, 0.010,-0.069,  262,   6.8,   4.8
06-Apr-2018 11:00, 2.937,-9999 ,  31.1, 1006.4,-0.005,-0.080,  259,   5.5,   4.0
06-Apr-2018 12:00, 2.365,-9999 ,  30.9, 1007.2,-0.047,-0.114,  245,   4.4,   3.1
06-Apr-2018 13:00, 2.880,-9999 ,  31.1, 1007.7,-0.017,-0.076,  254,   3.8,   2.3
06-Apr-2018 14:00, 4.126,-9999 ,  30.3, 1007.8, 0.006,-0.048,  285,   2.6,   0.4
06-Apr-2018 15:00, 5.485,-9999 ,  30.3, 1007.5, 0.022,-0.032,  248,   2.2,   1.9
06-Apr-2018 16:00, 6.777,-9999 ,  29.5, 1007.0, 0.031,-0.026,  355,   2.3,   1.7
06-Apr-2018 17:00, 7.824,-9999 ,  29.8, 1006.9, 0.049,-0.014,  252,   3.0,   2.4
06-Apr-2018 18:00, 8.260,-9999 ,  28.2, 1006.9, 0.062,-0.001,  358,   6.0,   4.3
06-Apr-2018 19:00, 7.773,-9999 ,  29.2, 1006.4, 0.017,-0.047,  331,   6.9,   5.3
06-Apr-2018 20:00, 6.706,-9999 ,  29.3, 1006.5,-0.010,-0.078,  310,   6.6,   3.8
06-Apr-2018 21:00, 5.582,-9999 ,  29.0, 1007.0, 0.049,-0.018,   45,   5.0,   1.0
06-Apr-2018 22:00, 4.489,-9999 ,  28.3, 1007.4, 0.100, 0.039,  318,   4.6,   1.8
06-Apr-2018 23:00, 3.557,-9999 ,  29.4, 1008.1, 0.083, 0.026,  320,   4.0,   3.3
07-Apr-2018 00:00, 3.088,-9999 ,  27.9, 1009.1, 0.040,-0.010,   37,   4.7,   3.5
07-Apr-2018 01:00, 3.478,-9999 ,  30.1, 1009.2, 0.047, 0.006,  322,   5.4,   3.4
07-Apr-2018 02:00, 4.554,-9999 ,  30.9, 1009.3, 0.028,-0.012,  311,   5.6,   3.8
07-Apr-2018 03:00, 5.799,-9999 ,  30.4, 1008.6, 0.028,-0.012,  336,   5.5,   3.5
07-Apr-2018 04:00, 6.963,-9999 ,  30.9, 1007.8, 0.035,-0.012,  332,   5.8,   4.7
07-Apr-2018 05:00, 7.883,-9999 ,  31.1, 1007.5, 0.035,-0.019,  347,   7.6,   5.9
07-Apr-2018 06:00, 8.327,-9999 ,  31.1, 1007.1, 0.067, 0.009,  343,   8.0,   6.1
07-Apr-2018 07:00, 7.990,-9999 ,  31.2, 1006.9, 0.033,-0.029,  331,   9.1,   6.7
07-Apr-2018 08:00, 7.020,-9999 ,  30.7, 1007.2,-0.040,-0.102,  351,   9.1,   7.9
07-Apr-2018 09:00, 5.910,-9999 ,  30.9, 1007.3,-0.050,-0.110,  351,  10.0,   7.9
07-Apr-2018 10:00, 4.820,-9999 ,  30.1, 1007.9,-0.018,-0.077,  342,   9.2,   6.0
07-Apr-2018 11:00, 3.851,-9999 ,  30.0, 1008.4, 0.010,-0.042,  350,   9.4,   7.5
07-Apr-2018 12:00, 3.218,-9999 ,  29.9, 1008.8, 0.002,-0.046,  347,  10.3,   7.7
07-Apr-2018 13:00, 3.298,-9999 ,  29.6, 1009.1, 0.043,-0.001,  349,  10.3,   8.8
07-Apr-2018 14:00, 4.064,-9999 ,  29.6, 1009.6, 0.055, 0.013,  349,  10.1,   6.5
07-Apr-2018 15:00, 5.048,-9999 ,  28.2, 1010.3, 0.027,-0.008,  102,  14.0,  11.2
07-Apr-2018 16:00, 6.008,-9999 ,  28.2, 1010.0, 0.001,-0.029,   46,  12.1,   4.7
07-Apr-2018 17:00, 6.898,-9999 ,  27.8, 1009.8, 0.021,-0.011,   45,   7.6,   5.0
07-Apr-2018 18:00, 7.465,-9999 ,  27.4, 1009.4, 0.049, 0.014,   48,   6.6,   4.0
07-Apr-2018 19:00, 7.399,-9999 ,  28.3, 1009.5,-0.009,-0.047,   89,   6.3,   0.8
07-Apr-2018 20:00, 6.764,-9999 ,  27.9, 1009.5,-0.054,-0.091,  204,   2.9,   0.2
07-Apr-2018 21:00, 5.922,-9999 ,  27.4, 1009.5,-0.019,-0.057,   29,   5.1,   2.2
07-Apr-2018 22:00, 5.072,-9999 ,  27.7, 1010.0, 0.034,-0.003,  350,   3.3,   1.0
07-Apr-2018 23:00, 4.337,-9999 ,  28.0, 1010.4, 0.069, 0.037,  353,   2.9,   1.3
08-Apr-2018 00:00, 3.870,-9999 ,  29.2, 1010.9, 0.047, 0.019,  343,   4.2,   2.5
08-Apr-2018 01:00, 3.925,-9999 ,  29.4, 1011.3, 0.048, 0.025,  351,   5.0,   2.8
08-Apr-2018 02:00, 4.560,-9999 ,  30.2, 1011.2, 0.050, 0.030,  325,   4.0,   1.8
08-Apr-2018 03:00, 5.412,-9999 ,  30.2, 1010.8, 0.009,-0.011,  290,   4.1,   1.9
08-Apr-2018 04:00, 6.247,-9999 ,  30.3, 1010.0,-0.013,-0.038,  263,   4.7,   2.6
08-Apr-2018 05:00, 6.993,-9999 ,  30.3, 1009.4,-0.003,-0.036,  266,   4.7,   2.7
08-Apr-2018 06:00, 7.512,-9999 ,  30.5, 1008.7, 0.063, 0.024,  264,   5.6,   3.2
08-Apr-2018 07:00, 7.553,-9999 ,  30.7, 1009.0, 0.074, 0.029,  280,   4.8,   2.5
08-Apr-2018 08:00, 7.042,-9999 ,  30.6, 1009.0, 0.001,-0.041,  295,   6.2,   2.7
08-Apr-2018 09:00, 6.261,-9999 ,  30.6, 1009.2,-0.041,-0.083,  276,   6.0,   3.8
08-Apr-2018 10:00, 5.447,-9999 ,  29.9, 1009.7,-0.028,-0.068,  296,   5.5,   3.3
08-Apr-2018 11:00, 4.674,-9999 ,  29.9, 1010.3,-0.012,-0.047,  283,   6.2,   3.0
08-Apr-2018 12:00, 4.092,-9999 ,  30.0, 1010.9,-0.017,-0.046,  273,   5.9,   3.2
08-Apr-2018 13:00, 3.923,-9999 ,  29.8, 1011.2, 0.014,-0.009,  282,   4.4,   2.1
08-Apr-2018 14:00, 4.244,-9999 ,  29.8, 1011.1, 0.039, 0.019,  277,   3.1,   1.8
08-Apr-2018 15:00, 4.823,-9999 ,  29.7, 1010.8, 0.011,-0.011,  257,   3.5,   1.6
08-Apr-2018 16:00, 5.457,-9999 ,  29.6, 1010.4, 0.002,-0.022,  249,   4.3,   3.1
08-Apr-2018 17:00, 6.093,-9999 ,  29.6, 1010.1, 0.020,-0.009,  251,   5.2,   3.4
08-Apr-2018 18:00, 6.600,-9999 ,  30.0, 1009.9, 0.051, 0.019,  247,   6.5,   4.3
08-Apr-2018 19:00, 6.824,-9999 ,  29.8, 1009.6, 0.071, 0.038,  237,   6.9,   6.1
08-Apr-2018 20:00, 6.644,-9999 ,  29.0, 1009.8, 0.042, 0.006,  217,   7.8,   5.7
08-Apr-2018 21:00, 6.127,-9999 ,  29.0, 1010.1,-0.011,-0.045,  219,   7.7,   6.0
08-Apr-2018 22:00, 5.524,-9999 ,  28.6, 1010.5,-0.029,-0.060,  227,   9.1,   5.6
08-Apr-2018 23:00, 5.011,-9999 ,  28.0, 1011.2, 0.005,-0.022,  192,   6.8,   5.4
09-Apr-2018 00:00, 4.665,-9999 ,  28.2, 1012.0, 0.028, 0.009,  195,   5.6,   2.6
09-Apr-2018 01:00, 4.575,-9999 ,  28.4, 1011.8, 0.035, 0.023,  202,   6.1,   3.9
09-Apr-2018 02:00, 4.821,-9999 ,  29.0, 1011.6, 0.041, 0.027,  177,   4.5,   1.3
09-Apr-2018 03:00, 5.282,-9999 ,  29.7, 1011.1, 0.020, 0.004,  138,   4.6,   1.7
09-Apr-2018 04:00, 5.751,-9999 ,  30.5, 1010.3,-0.015,-0.037,  106,   1.5,   0.2
09-Apr-2018 05:00, 6.180,-9999 ,  32.5, 1009.6,-0.059,-0.089,  281,   2.8,   2.1
09-Apr-2018 06:00, 6.576,-9999 ,  31.6, 1008.9,-0.021,-0.058,  292,   6.3,   5.2
09-Apr-2018 07:00, 6.792,-9999 ,  31.0, 1008.6, 0.035,-0.009,  300,   7.8,   6.7
09-Apr-2018 08:00, 6.689,-9999 ,  31.0, 1008.7,-0.004,-0.050,  294,   8.3,   6.1
09-Apr-2018 09:00, 6.344,-9999 ,  30.9, 1008.8,-0.049,-0.095,  286,   9.4,   7.7
09-Apr-2018 10:00, 5.901,-9999 ,  31.1, 1009.3,-0.038,-0.082,  283,   8.9,   6.0
09-Apr-2018 11:00, 5.424,-9999 ,  30.8, 1009.8,-0.015,-0.054,  278,   7.7,   5.6
09-Apr-2018 12:00, 5.006,-9999 ,  30.5, 1010.5, 0.001,-0.033,  274,   7.3,   5.0
09-Apr-2018 13:00, 4.743,-9999 ,  30.5, 1010.8, 0.010,-0.017,  270,   6.7,   4.3
09-Apr-2018 14:00, 4.706,-9999 ,  30.3, 1010.8, 0.012,-0.012,  273,   5.9,   2.9
09-Apr-2018 15:00, 4.834,-9999 ,  30.4, 1010.6,-0.039,-0.063,  248,   5.1,   4.0
09-Apr-2018 16:00, 5.048,-9999 ,  30.2, 1010.2,-0.070,-0.097,  267,   5.3,   3.1
09-Apr-2018 17:00, 5.346,-9999 ,  30.4, 1009.9,-0.062,-0.093,  240,   4.5,   3.7
09-Apr-2018 18:00, 5.683,-9999 ,  30.2, 1009.5,-0.027,-0.061,  234,   5.2,   3.6
09-Apr-2018 19:00, 5.950,-9999 ,  30.1, 1008.9, 0.005,-0.033,  254,   5.8,   5.1
09-Apr-2018 20:00, 6.083,-9999 ,  30.1, 1009.0, 0.007,-0.036,  246,   6.0,   4.7
09-Apr-2018 21:00, 6.060,-9999 ,  30.3, 1009.3, 0.014,-0.028,  222,   6.3,   5.1
09-Apr-2018 22:00, 5.858,-9999 ,  29.3, 1009.9,-0.008,-0.047,  199,   6.2,   4.7
09-Apr-2018 23:00, 5.633,-9999 ,  29.1, 1010.6, 0.003,-0.030,  227,   5.5,   3.6
10-Apr-2018 00:00, 5.430,-9999 ,  29.8, 1011.0,-0.003,-0.029,  218,   5.1,   2.1
10-Apr-2018 01:00, 5.297,-9999 ,  30.4, 1011.1,-0.017,-0.039,  272,   4.1,   2.0
10-Apr-2018 02:00, 5.309,-9999 ,  30.4, 1010.7, 0.015,-0.007,  278,   5.7,   4.7
10-Apr-2018 03:00, 5.373,-9999 ,  31.0, 1010.2,-0.008,-0.033,  274,   6.4,   4.9
10-Apr-2018 04:00, 5.456,-9999 ,  31.0, 1009.0,-0.036,-0.067,  286,   7.1,   5.6
10-Apr-2018 05:00, 5.571,-9999 ,  30.9, 1008.1,-0.052,-0.095,  284,   7.0,   5.7
10-Apr-2018 06:00, 5.747,-9999 ,  31.5, 1007.3,-0.036,-0.088,  292,   7.9,   6.1
10-Apr-2018 07:00, 5.941,-9999 ,  31.4, 1006.7, 0.011,-0.049,  298,   8.0,   6.7
10-Apr-2018 08:00, 6.088,-9999 ,  31.4, 1006.7, 0.017,-0.048,  288,   9.1,   7.5
10-Apr-2018 09:00, 6.185,-9999 ,  31.5, 1006.8, 0.015,-0.050,  282,   9.8,   6.9
10-Apr-2018 10:00, 6.186,-9999 ,  31.2, 1007.4, 0.030,-0.034,  291,   8.8,   5.8
10-Apr-2018 11:00, 6.066,-9999 ,  31.0, 1008.2, 0.038,-0.019,  297,   6.4,   4.2
10-Apr-2018 12:00, 5.861,-9999 ,  30.7, 1008.9, 0.018,-0.031,  302,   5.8,   4.5
10-Apr-2018 13:00, 5.666,-9999 ,  30.6, 1009.4, 0.040,-0.002,  298,   6.0,   3.4
10-Apr-2018 14:00, 5.465,-9999 ,  30.5, 1009.3, 0.064, 0.026,  279,   4.3,   3.1
10-Apr-2018 15:00, 5.221,-9999 ,  30.3, 1008.9, 0.003,-0.036,  283,   5.1,   4.1
10-Apr-2018 16:00, 4.991,-9999 ,  30.0, 1008.7,-0.062,-0.105,  266,   5.0,   3.7
10-Apr-2018 17:00, 4.871,-9999 ,  30.1, 1008.3,-0.072,-0.118,  250,   4.0,   2.9
10-Apr-2018 18:00, 4.922,-9999 ,  29.9, 1007.7,-0.041,-0.091,  256,   5.6,   4.5
10-Apr-2018 19:00, 5.128,-9999 ,  29.8, 1007.5, 0.028,-0.027,  238,   6.0,   4.8
10-Apr-2018 20:00, 5.414,-9999 ,  29.2, 1007.3, 0.067, 0.009,  241,   6.8,   3.9
10-Apr-2018 21:00, 5.739,-9999 ,  29.2, 1008.1, 0.091, 0.033,  198,   5.4,   4.3
10-Apr-2018 22:00, 6.021,-9999 ,  28.2, 1008.8, 0.119, 0.069,  169,   5.5,   2.9
10-Apr-2018 23:00, 6.174,-9999 ,  28.4, 1009.5, 0.114, 0.071,  198,   5.4,   3.5
11-Apr-2018 00:00, 6.170,-9999 ,  28.4, 1009.9, 0.024,-0.013,  235,   6.1,   5.1
11-Apr-2018 01:00, 6.095,-9999 ,  29.2, 1010.2,-0.037,-0.070,  221,   6.9,   5.0
11-Apr-2018 02:00, 6.012,-9999 ,  29.6, 1009.9, 0.030,-0.001,  240,   5.8,   4.5
11-Apr-2018 03:00, 5.778,-9999 ,  30.2, 1009.3, 0.023,-0.011,  254,   5.6,   4.2
11-Apr-2018 04:00, 5.425,-9999 ,  30.4, 1008.4,-0.059,-0.099,  262,   6.3,   4.7
11-Apr-2018 05:00, 5.154,-9999 ,  30.5, 1007.5,-0.069,-0.118,  281,   7.2,   6.2
11-Apr-2018 06:00, 5.051,-9999 ,  30.8, 1006.9,-0.024,-0.082,  289,   8.1,   6.6
11-Apr-2018 07:00, 5.103,-9999 ,  31.1, 1006.5, 0.027,-0.037,  281,   8.8,   7.2
11-Apr-2018 08:00, 5.302,-9999 ,  31.1, 1006.5, 0.023,-0.044,  282,   9.2,   7.6
11-Apr-2018 09:00, 5.678,-9999 ,  30.9, 1006.8, 0.033,-0.034,  289,   8.5,   6.2
11-Apr-2018 10:00, 6.108,-9999 ,  30.5, 1007.1, 0.059,-0.005,  296,   8.2,   5.6
11-Apr-2018 11:00, 6.418,-9999 ,  30.3, 1007.8, 0.057,-0.003,  294,   7.2,   5.4
11-Apr-2018 12:00, 6.555,-9999 ,  30.2, 1008.5, 0.024,-0.029,  300,   6.8,   4.9
11-Apr-2018 13:00, 6.519,-9999 ,  30.2, 1009.0, 0.006,-0.040,  292,   5.8,   4.4
11-Apr-2018 14:00, 6.270,-9999 ,  30.1, 1008.8, 0.023,-0.019,  286,   6.4,   5.2
11-Apr-2018 15:00, 5.788,-9999 ,  30.0, 1008.5,-0.023,-0.067,  280,   6.7,   4.2
11-Apr-2018 16:00, 5.232,-9999 ,  29.5, 1008.2,-0.058,-0.105,  333,   5.2,   0.9
11-Apr-2018 17:00, 4.749,-9999 ,  29.7, 1007.6,-0.017,-0.068,  292,   3.4,   2.7
11-Apr-2018 18:00, 4.408,-9999 ,  29.6, 1007.3, 0.007,-0.049,   97,   5.7,   2.3
11-Apr-2018 19:00, 4.350,-9999 ,  29.9, 1007.1, 0.062, 0.002,  247,   4.5,   3.8
11-Apr-2018 20:00, 4.618,-9999 ,  28.5, 1007.3, 0.111, 0.050,  180,   7.2,   5.1
11-Apr-2018 21:00, 5.084,-9999 ,  28.6, 1007.4, 0.078, 0.019,  212,   6.2,   3.6
11-Apr-2018 22:00, 5.648,-9999 ,  29.0, 1007.5, 0.028,-0.030,  237,   6.6,   5.9
11-Apr-2018 23:00, 6.243,-9999 ,  29.4, 1008.4, 0.032,-0.024,  220,   6.2,   3.5
12-Apr-2018 00:00, 6.742,-9999 ,  28.0, 1009.2, 0.063, 0.016,  178,   5.1,   2.5
12-Apr-2018 01:00, 6.937,-9999 ,  28.7, 1009.4, 0.017,-0.023,  163,   3.6,   3.0
12-Apr-2018 02:00, 6.770,-9999 ,  28.8, 1009.3,-0.021,-0.059,  121,   4.2,   2.7
12-Apr-2018 03:00, 6.342,-9999 ,  29.7, 1008.4,-0.009,-0.049,  122,   3.0,   1.7
12-Apr-2018 04:00, 5.754,-9999 ,  31.1, 1007.6,-0.003,-0.052,  131,   2.5,   1.8
12-Apr-2018 05:00, 5.123,-9999 ,  33.6, 1006.9, 0.011,-0.046,  122,   2.8,   2.3
12-Apr-2018 06:00, 4.580,-9999 ,  33.8, 1006.4, 0.003,-0.060,  296,   3.3,   1.6
12-Apr-2018 07:00, 4.299,-9999 ,  32.7, 1006.1, 0.021,-0.048,  304,   6.3,   4.7
12-Apr-2018 08:00, 4.393,-9999 ,  31.8, 1006.1, 0.018,-0.053,  314,   8.3,   7.1
12-Apr-2018 09:00, 4.901,-9999 ,  31.3, 1006.4, 0.016,-0.055,  307,   9.2,   7.1
12-Apr-2018 10:00, 5.650,-9999 ,  30.7, 1007.4, 0.047,-0.020,  304,   8.5,   4.5
12-Apr-2018 11:00, 6.416,-9999 ,  30.4, 1007.8, 0.069, 0.011,  309,   6.7,   5.2
12-Apr-2018 12:00, 7.050,-9999 ,  30.8, 1008.4, 0.096, 0.042,  279,   6.4,   4.7
12-Apr-2018 13:00, 7.381,-9999 ,  30.8, 1009.1, 0.096, 0.048,  293,   5.6,   3.7
12-Apr-2018 14:00, 7.253,-9999 ,  31.0, 1009.3, 0.096, 0.055,  290,   4.9,   2.6
12-Apr-2018 15:00, 6.660,-9999 ,  30.7, 1009.0, 0.067, 0.028,  288,   4.6,   4.1
12-Apr-2018 16:00, 5.794,-9999 ,  30.2, 1008.8,-0.011,-0.054,  305,   4.2,   2.7
12-Apr-2018 17:00, 4.882,-9999 ,  31.0, 1008.8,-0.045,-0.089,  229,   4.8,   3.2
12-Apr-2018 18:00, 4.106,-9999 ,  30.7, 1008.3,-0.037,-0.082,  247,   4.4,   3.4
12-Apr-2018 19:00, 3.660,-9999 ,  30.6, 1008.2, 0.023,-0.026,  232,   4.6,   3.7
12-Apr-2018 20:00, 3.707,-9999 ,  30.6, 1008.3, 0.085, 0.035,  212,   4.4,   2.2
12-Apr-2018 21:00, 4.277,-9999 ,  31.9, 1008.5, 0.095, 0.046,  167,   4.7,   3.1
12-Apr-2018 22:00, 5.174,-9999 ,  30.9, 1008.7, 0.116, 0.068,  145,   9.6,   7.6
12-Apr-2018 23:00, 6.138,-9999 ,  29.9, 1009.2, 0.109, 0.064,  149,  13.0,  11.1
13-Apr-2018 00:00, 6.964,-9999 ,  30.0, 1009.9, 0.037,-0.002,  135,  14.0,   7.8
13-Apr-2018 01:00, 7.545,-9999 ,  29.0, 1010.3,-0.008,-0.041,  102,   8.5,   5.1
13-Apr-2018 02:00, 7.672,-9999 ,  30.1, 1010.1, 0.023,-0.007,  113,   5.5,   2.9
13-Apr-2018 03:00, 7.169,-9999 ,  33.9, 1009.5, 0.030,-0.002,  133,   7.7,   6.7
13-Apr-2018 04:00, 6.272,-9999 ,  34.4, 1008.5,-0.025,-0.063,  123,   7.5,   6.2
13-Apr-2018 05:00, 5.286,-9999 ,  34.8, 1007.7,-0.044,-0.092,  129,   6.4,   4.2
13-Apr-2018 06:00, 4.393,-9999 ,  35.8, 1006.8,-0.007,-0.063,  131,   6.1,   4.7
13-Apr-2018 07:00, 3.704,-9999 ,  35.8, 1006.3, 0.011,-0.054,  146,   7.3,   5.3
13-Apr-2018 08:00, 3.462,-9999 ,  36.9, 1006.1, 0.005,-0.065,  139,   6.9,   6.1
13-Apr-2018 09:00, 3.965,-9999 ,  35.6, 1006.5, 0.040,-0.031,  156,   7.5,   5.3
13-Apr-2018 10:00, 4.970,-9999 ,  32.2, 1007.2, 0.107, 0.040,  261,   8.3,   5.5
13-Apr-2018 11:00, 6.050,-9999 ,  33.2, 1007.7, 0.099, 0.039,  186,   6.4,   3.6
13-Apr-2018 12:00, 7.035,-9999 ,  33.0, 1008.3, 0.030,-0.025,  179,   7.0,   6.1
13-Apr-2018 13:00, 7.774,-9999 ,  32.5, 1008.6,-0.017,-0.066,  176,   9.1,   7.4
13-Apr-2018 14:00, 8.004,-9999 ,  32.9, 1008.3,-0.008,-0.054,  168,  10.4,   8.8
13-Apr-2018 15:00, 7.513,-9999 ,  32.6, 1008.1, 0.006,-0.043,  167,  11.5,   9.5
13-Apr-2018 16:00, 6.536,-9999 ,  31.1, 1007.9,-0.010,-0.062,  170,  11.9,   7.6
13-Apr-2018 17:00, 5.392,-9999 ,  31.8, 1007.7,-0.021,-0.075,  158,  11.5,   9.2
13-Apr-2018 18:00, 4.256,-9999 ,  31.0, 1007.8,-0.007,-0.062,  144,  11.4,  10.2
13-Apr-2018 19:00, 3.322,-9999 ,  30.2, 1007.8, 0.007,-0.047,  122,  11.8,   5.6
13-Apr-2018 20:00, 2.844,-9999 ,  30.1, 1007.8,-0.007,-0.061,  140,   9.0,   6.1
13-Apr-2018 21:00, 3.201,-9999 ,  30.3, 1008.3,-0.022,-0.076,  142,  12.9,   8.3
13-Apr-2018 22:00, 4.234,-9999 ,  29.3, 1009.1,-0.026,-0.074,  115,  13.4,   7.8
13-Apr-2018 23:00, 5.501,-9999 ,  29.2, 1009.9,-0.023,-0.063,  129,   9.8,   7.1
14-Apr-2018 00:00, 6.783,-9999 ,  29.6, 1010.1,-0.036,-0.069,  153,  10.2,   8.3
14-Apr-2018 01:00, 7.835,-9999 ,  30.6, 1010.2,-0.068,-0.099,  154,   9.9,   8.5
14-Apr-2018 02:00, 8.337,-9999 ,  31.8, 1009.8,-0.070,-0.100,  152,   9.5,   6.7
14-Apr-2018 03:00, 8.047,-9999 ,  32.9, 1009.1,-0.003,-0.037,  151,   7.7,   4.7
14-Apr-2018 04:00, 7.109,-9999 ,  34.3, 1007.8, 0.046, 0.004,  171,   6.2,   5.1
14-Apr-2018 05:00, 5.883,-9999 ,  35.3, 1006.8, 0.025,-0.031,  165,   6.8,   6.0
14-Apr-2018 06:00, 4.612,-9999 ,  35.3, 1006.3, 0.012,-0.053,  149,   7.9,   4.4
14-Apr-2018 07:00, 3.485,-9999 ,  34.9, 1006.0, 0.014,-0.055,  143,   5.8,   3.7
14-Apr-2018 08:00, 2.737,-9999 ,  36.1, 1005.5,-0.002,-0.074,  158,   5.5,   5.0
14-Apr-2018 09:00, 2.851,-9999 ,  33.3, 1005.6,-0.013,-0.090,  170,   5.9,   2.8
14-Apr-2018 10:00, 3.902,-9999 ,  34.3, 1006.2, 0.036,-0.040,  172,   5.6,   4.2
14-Apr-2018 11:00, 5.308,-9999 ,  34.6, 1007.2, 0.095, 0.026,   66,   9.2,   5.1
14-Apr-2018 12:00, 6.689,-9999 ,  30.2, 1007.9, 0.059, 0.000,    1,   7.9,   4.5
14-Apr-2018 13:00, 7.895,-9999 ,  29.6, 1008.3,-0.003,-0.056,  353,   5.1,   2.8
14-Apr-2018 14:00, 8.608,-9999 ,  30.3, 1008.5,-0.016,-0.065,    6,   5.9,   3.9
14-Apr-2018 15:00, 8.452,-9999 ,  29.0, 1008.3, 0.019,-0.029,    1,   7.8,   4.6
14-Apr-2018 16:00, 7.481,-9999 ,  29.8, 1008.0, 0.037,-0.012,  329,   5.2,   3.8
14-Apr-2018 17:00, 6.165,-9999 ,  29.5, 1007.7, 0.021,-0.031,  302,   4.8,   2.5
14-Apr-2018 18:00, 4.768,-9999 ,  29.5, 1007.5, 0.020,-0.035,   12,   3.7,   1.2
14-Apr-2018 19:00, 3.478,-9999 ,  28.5, 1007.2, 0.061, 0.004,  147,   2.2,   0.7
14-Apr-2018 20:00, 2.498,-9999 ,  29.2, 1007.2, 0.069, 0.009,  164,   7.0,   6.3
14-Apr-2018 21:00, 2.313,-9999 ,  30.1, 1007.5, 0.014,-0.046,  140,  10.0,   7.8
14-Apr-2018 22:00, 3.272,-9999 ,  29.6, 1008.1, 0.008,-0.049,  150,  11.4,   9.6
14-Apr-2018 23:00, 4.772,-9999 ,  28.8, 1008.8, 0.018,-0.032,  144,  10.9,   8.3
15-Apr-2018 00:00, 6.343,-9999 ,  27.9, 1009.1,-0.008,-0.052,  139,  10.4,   6.6
15-Apr-2018 01:00, 7.818,-9999 ,  28.9, 1009.5,-0.052,-0.092,  114,  11.1,   7.7
15-Apr-2018 02:00, 8.847,-9999 ,  29.2, 1009.1,-0.043,-0.080,  103,   9.8,   4.5
15-Apr-2018 03:00, 8.971,-9999 ,  32.3, 1008.2, 0.035,-0.007,  106,   8.8,   7.6
15-Apr-2018 04:00, 8.065,-9999 ,  33.1, 1007.3, 0.072, 0.021,  104,   8.2,   5.1
15-Apr-2018 05:00, 6.685,-9999 ,  33.5, 1006.6, 0.065, 0.005,  107,   5.9,   3.3
15-Apr-2018 06:00, 5.215,-9999 ,  34.7, 1006.2, 0.064,-0.002,   85,   4.3,   3.1
15-Apr-2018 07:00, 3.728,-9999 ,  35.1, 1005.9, 0.044,-0.026,   47,   3.5,   2.1
15-Apr-2018 08:00, 2.464,-9999 ,  36.2, 1006.0, 0.014,-0.059,   20,   3.1,   0.7
15-Apr-2018 09:00, 1.947,-9999 ,  32.6, 1006.3,-0.013,-0.085,  332,   6.9,   5.3
15-Apr-2018 10:00, 2.732,-9999 ,  30.3, 1007.0, 0.034,-0.035,  332,   9.6,   7.2
15-Apr-2018 11:00, 4.237,-9999 ,  30.5, 1007.8, 0.034,-0.027,  333,   8.5,   5.9
15-Apr-2018 12:00, 5.889,-9999 ,  30.7, 1008.3, 0.016,-0.038,  331,   7.4,   5.7
15-Apr-2018 13:00, 7.522,-9999 ,  31.1, 1009.2,-0.016,-0.064,  335,   6.5,   4.5
15-Apr-2018 14:00, 8.806,-9999 ,  30.6, 1009.3,-0.016,-0.056,  324,   6.1,   4.5
15-Apr-2018 15:00, 9.187,-9999 ,  30.5, 1009.4, 0.012,-0.027,  314,   5.9,   3.5
15-Apr-2018 16:00, 8.466,-9999 ,  30.1, 1008.9, 0.062, 0.023,  300,   5.1,   3.5
15-Apr-2018 17:00, 7.070,-9999 ,  30.1, 1008.9, 0.051, 0.008,  260,   4.9,   3.4
15-Apr-2018 18:00, 5.466,-9999 ,  29.1, 1008.7,-0.025,-0.069,   16,   3.6,   2.9
15-Apr-2018 19:00, 3.905,-9999 ,  27.0, 1009.0,-0.012,-0.056,   52,   6.3,   5.2
15-Apr-2018 20:00, 2.599,-9999 ,  27.1, 1008.7, 0.101, 0.058,   32,   6.3,   4.0
15-Apr-2018 21:00, 1.819,-9999 ,  26.8, 1008.8, 0.110, 0.065,   18,   5.5,   4.8
15-Apr-2018 22:00, 2.268,-9999 ,  27.0, 1009.4, 0.054, 0.011,   38,   5.5,   2.6
15-Apr-2018 23:00, 3.798,-9999 ,  27.1, 1010.2, 0.029,-0.009,   37,   3.9,   1.6
16-Apr-2018 00:00, 5.629,-9999 ,  27.8, 1011.2, 0.037, 0.008,   62,   5.3,   4.4
16-Apr-2018 01:00, 7.454,-9999 ,  30.8, 1011.1, 0.025, 0.005,   41,   6.4,   3.5
16-Apr-2018 02:00, 8.943,-9999 ,  30.9, 1011.0,-0.018,-0.040,  346,   5.1,   3.7
16-Apr-2018 03:00, 9.582,-9999 ,  31.0, 1010.3,-0.004,-0.027,  345,   6.3,   4.7
16-Apr-2018 04:00, 9.008,-9999 ,  31.5, 1009.3, 0.041, 0.011,  334,   7.3,   5.8
16-Apr-2018 05:00, 7.594,-9999 ,  31.6, 1008.5, 0.054, 0.014,  298,   6.9,   5.4
16-Apr-2018 06:00, 5.989,-9999 ,  30.9, 1008.3, 0.055, 0.007,  285,   8.1,   5.2
16-Apr-2018 07:00, 4.308,-9999 ,  30.8, 1008.3, 0.033,-0.016,  258,   6.4,   4.7
16-Apr-2018 08:00, 2.720,-9999 ,  30.9, 1008.4, 0.046,-0.003,  273,   5.9,   4.2
16-Apr-2018 09:00, 1.573,-9999 ,  30.8, 1008.7, 0.037,-0.011,  288,   5.9,   4.0
16-Apr-2018 10:00, 1.629,-9999 ,  30.2, 1009.1, 0.011,-0.034,  298,   4.9,   3.7
16-Apr-2018 11:00, 2.999,-9999 ,  30.2, 1010.2,-0.012,-0.052,  288,   4.8,   4.2
16-Apr-2018 12:00, 4.837,-9999 ,  30.2, 1011.2,-0.018,-0.047,  261,   4.4,   3.2
16-Apr-2018 13:00, 6.763,-9999 ,  29.9, 1011.7, 0.009,-0.011,  234,   5.1,   2.9
16-Apr-2018 14:00, 8.488,-9999 ,  29.8, 1011.5,-0.020,-0.035,  256,   4.4,   3.0
16-Apr-2018 15:00, 9.481,-9999 ,  29.9, 1011.0,-0.031,-0.049,  303,   4.2,   3.2
16-Apr-2018 16:00, 9.266,-9999 ,  29.9, 1010.6, 0.014,-0.009,  297,   3.6,   2.5
16-Apr-2018 17:00, 7.990,-9999 ,  29.9, 1010.4, 0.027, 0.001,  258,   5.4,   4.4
16-Apr-2018 18:00, 6.382,-9999 ,  29.8, 1009.7, 0.026,-0.003,  250,   6.1,   3.2
16-Apr-2018 19:00, 4.700,-9999 ,  29.6, 1009.3, 0.018,-0.017,  244,   5.0,   3.7
16-Apr-2018 20:00, 3.064,-9999 ,  29.6, 1009.3, 0.054, 0.015,  234,   4.7,   2.7
16-Apr-2018 21:00, 1.773,-9999 ,  28.5, 1009.8, 0.094, 0.055,  180,   5.7,   4.5
16-Apr-2018 22:00, 1.526,-9999 ,  28.4, 1010.4, 0.099, 0.065,  201,   4.7,   3.1
16-Apr-2018 23:00, 2.775,-9999 ,  28.2, 1011.2, 0.097, 0.069,  178,   4.3,   2.7
17-Apr-2018 00:00, 4.665,-9999 ,  28.3, 1011.7, 0.030, 0.010,  183,   4.7,   2.3
17-Apr-2018 01:00, 6.694,-9999 ,  28.9, 1011.9, 0.035, 0.020,  144,   3.0,   1.4
17-Apr-2018 02:00, 8.592,-9999 ,  29.5, 1011.7, 0.022, 0.008,  158,   2.1,   1.4
17-Apr-2018 03:00, 9.801,-9999 ,  30.0, 1011.2,-0.010,-0.026,  179,   2.1,   1.6
17-Apr-2018 04:00, 9.776,-9999 ,  30.5, 1010.4, 0.008,-0.014,  234,   3.1,   2.7
17-Apr-2018 05:00, 8.553,-9999 ,  30.4, 1009.8, 0.028, 0.000,  291,   6.8,   5.7
17-Apr-2018 06:00, 6.857,-9999 ,  30.6, 1009.2, 0.019,-0.016,  283,   7.8,   6.3
17-Apr-2018 07:00, 5.091,-9999 ,  30.5, 1009.1,-0.009,-0.049,  296,   8.3,   6.6
17-Apr-2018 08:00, 3.323,-9999 ,  30.4, 1009.0, 0.012,-0.030,  293,   8.2,   5.9
17-Apr-2018 09:00, 1.794,-9999 ,  30.4, 1009.4, 0.067, 0.026,  300,   6.6,   4.6
17-Apr-2018 10:00, 1.094,-9999 ,  30.2, 1009.7, 0.085, 0.047,  308,   5.6,   4.3
17-Apr-2018 11:00, 1.944,-9999 ,  30.1, 1010.8, 0.094, 0.060,  327,   5.2,   2.8
17-Apr-2018 12:00, 3.704,-9999 ,  29.9, 1011.4, 0.006,-0.017,  330,   4.0,   2.9
17-Apr-2018 13:00, 5.664,-9999 ,  29.9, 1011.7,-0.041,-0.059,  315,   4.0,   3.3
17-Apr-2018 14:00, 7.640,-9999 ,  29.7, 1011.3,-0.075,-0.091,  302,   4.9,   3.9
17-Apr-2018 15:00, 9.197,-9999 ,  29.8, 1011.0,-0.103,-0.123,  290,   6.0,   4.6
17-Apr-2018 16:00, 9.697,-9999 ,  29.7, 1010.8,-0.043,-0.066,  285,   5.5,   4.1
17-Apr-2018 17:00, 8.858,-9999 ,  29.8, 1010.3, 0.017,-0.008,  277,   5.3,   3.6
17-Apr-2018 18:00, 7.288,-9999 ,  29.7, 1009.8, 0.030, 0.000,  275,   4.3,   2.9
17-Apr-2018 19:00, 5.594,-9999 ,  29.6, 1009.6, 0.034,-0.001,  290,   4.1,   2.5
17-Apr-2018 20:00, 3.850,-9999 ,  29.7, 1009.7, 0.053, 0.016,  264,   4.7,   2.9
17-Apr-2018 21:00, 2.261,-9999 ,  29.6, 1009.8, 0.092, 0.057,  272,   4.1,   2.2
17-Apr-2018 22:00, 1.315,-9999 ,  29.3, 1010.0, 0.093, 0.059,  266,   3.3,   1.4
17-Apr-2018 23:00, 1.895,-9999 ,  30.0, 1010.8, 0.137, 0.106,  237,   4.5,   1.3
18-Apr-2018 00:00, 3.657,-9999 ,  27.6, 1011.3, 0.075, 0.051,   77,   7.3,   2.7
18-Apr-2018 01:00, 5.740,-9999 ,  28.6, 1011.3, 0.044, 0.024,  111,   4.0,   1.8
18-Apr-2018 02:00, 7.862,-9999 ,  28.9, 1011.1, 0.081, 0.062,  123,   4.0,   2.3
18-Apr-2018 03:00, 9.510,-9999 ,  29.6, 1010.6,-0.002,-0.024,  167,   4.4,   2.2
18-Apr-2018 04:00,10.084,-9999 ,  30.6, 1009.5,-0.079,-0.106,  208,   2.6,   1.4
18-Apr-2018 05:00, 9.372,-9999 ,  30.8, 1008.4,-0.023,-0.062,  287,   4.6,   3.7
18-Apr-2018 06:00, 7.804,-9999 ,  31.1, 1007.8, 0.025,-0.023,  316,   6.4,   4.9
18-Apr-2018 07:00, 6.048,-9999 ,  31.0, 1007.5, 0.027,-0.028,  291,   6.7,   5.6
18-Apr-2018 08:00, 4.213,-9999 ,  31.1, 1007.7, 0.014,-0.043,  286,   6.4,   5.5
18-Apr-2018 09:00, 2.476,-9999 ,  30.7, 1007.9, 0.075, 0.020,  287,   6.3,   5.1
18-Apr-2018 10:00, 1.178,-9999 ,  30.4, 1008.5, 0.081, 0.029,  288,   6.2,   4.7
18-Apr-2018 11:00, 1.171,-9999 ,  30.5, 1009.0, 0.075, 0.028,  292,   6.0,   4.6
18-Apr-2018 12:00, 2.611,-9999 ,  30.3, 1009.7, 0.030,-0.012,  293,   5.9,   4.4
18-Apr-2018 13:00, 4.536,-9999 ,  30.3, 1009.9,-0.045,-0.080,  290,   5.5,   4.7
18-Apr-2018 14:00, 6.581,-9999 ,  30.3, 1009.8,-0.037,-0.070,  286,   5.7,   2.9
18-Apr-2018 15:00, 8.465,-9999 ,  30.4, 1009.4,-0.075,-0.110,  290,   4.6,   3.2
18-Apr-2018 16:00, 9.596,-9999 ,  30.1, 1009.0,-0.078,-0.116,  297,   3.8,   2.4
18-Apr-2018 17:00, 9.422,-9999 ,  30.0, 1008.6,-0.006,-0.048,  291,   3.3,   2.4
18-Apr-2018 18:00, 8.124,-9999 ,  29.9, 1008.2, 0.031,-0.015,  269,   3.8,   2.8
18-Apr-2018 19:00, 6.483,-9999 ,  29.9, 1008.2, 0.042,-0.008,  265,   4.0,   1.8
18-Apr-2018 20:00, 4.768,-9999 ,  30.0, 1008.3, 0.052, 0.002,  241,   4.2,   3.3
18-Apr-2018 21:00, 3.077,-9999 ,  28.7, 1008.6, 0.096, 0.047,  148,   4.1,   1.7
18-Apr-2018 22:00, 1.719,-9999 ,  28.6, 1009.0, 0.090, 0.044,  170,   2.7,   1.6
18-Apr-2018 23:00, 1.440,-9999 ,  27.8, 1009.6, 0.078, 0.037,   69,   3.6,   2.3
19-Apr-2018 00:00, 2.738,-9999 ,  27.7, 1010.2, 0.095, 0.059,  107,   3.7,   1.8
19-Apr-2018 01:00, 4.721,-9999 ,  29.3, 1010.3, 0.032, 0.002,  190,   2.8,   0.7
19-Apr-2018 02:00, 6.824,-9999 ,  28.5, 1010.2, 0.060, 0.031,  141,   2.6,   1.4
19-Apr-2018 03:00, 8.756,-9999 ,  29.2, 1009.5, 0.039, 0.009,  200,   2.2,   1.3
19-Apr-2018 04:00, 9.933,-9999 ,  29.8, 1008.6,-0.054,-0.092,  298,   6.0,   4.5
19-Apr-2018 05:00, 9.884,-9999 ,  30.3, 1008.0,-0.029,-0.076,  302,   6.0,   4.6
19-Apr-2018 06:00, 8.664,-9999 ,  30.1, 1007.5, 0.044,-0.009,  293,   6.7,   4.7
19-Apr-2018 07:00, 6.952,-9999 ,  29.9, 1007.2, 0.031,-0.026,  293,   6.8,   5.3
19-Apr-2018 08:00, 5.172,-9999 ,  30.3, 1007.2,-0.010,-0.070,  294,   7.1,   6.0
19-Apr-2018 09:00, 3.396,-9999 ,  30.0, 1007.4, 0.031,-0.028,  306,   7.8,   5.8
19-Apr-2018 10:00, 1.839,-9999 ,  29.6, 1007.6, 0.066, 0.008,  295,   7.2,   4.5
19-Apr-2018 11:00, 1.067,-9999 ,  29.6, 1008.4, 0.027,-0.028,  294,   5.8,   4.3
19-Apr-2018 12:00, 1.844,-9999 ,  29.6, 1009.3, 0.051, 0.003,  291,   5.1,   3.8
19-Apr-2018 13:00, 3.555,-9999 ,  29.4, 1009.6,-0.011,-0.049,  296,   4.4,   2.5
19-Apr-2018 14:00, 5.453,-9999 ,  29.2, 1009.6,-0.023,-0.059,  278,   2.8,   1.4
19-Apr-2018 15:00, 7.368,-9999 ,  29.1, 1009.5,-0.033,-0.069,  339,   2.0,   1.6
19-Apr-2018 16:00, 8.921,-9999 ,  27.9, 1009.3,-0.068,-0.106,   68,   2.8,   0.9
19-Apr-2018 17:00, 9.455,-9999 ,  28.0, 1009.0,-0.043,-0.082,   30,   1.6,   0.6
19-Apr-2018 18:00, 8.679,-9999 ,  29.3, 1008.4,-0.011,-0.054,  241,   4.0,   3.3
19-Apr-2018 19:00, 7.211,-9999 ,  29.6, 1008.4, 0.001,-0.047,  251,   5.8,   3.9
19-Apr-2018 20:00, 5.632,-9999 ,  28.9, 1008.4, 0.010,-0.038,  247,   4.8,   3.8
19-Apr-2018 21:00, 4.002,-9999 ,  28.7, 1008.8, 0.045,-0.002,   58,   4.5,   1.1
19-Apr-2018 22:00, 2.535,-9999 ,  28.7, 1008.9, 0.088, 0.043,  304,   1.7,   1.6
19-Apr-2018 23:00, 1.677,-9999 ,  29.8, 1009.4, 0.055, 0.012,  238,   3.0,   2.1
20-Apr-2018 00:00, 2.207,-9999 ,  27.6, 1010.0, 0.090, 0.053,   88,   5.1,   2.6
20-Apr-2018 01:00, 3.868,-9999 ,  28.6, 1010.3, 0.064, 0.033,  154,   3.0,   0.3
20-Apr-2018 02:00, 5.801,-9999 ,  28.3, 1010.3, 0.053, 0.024,  142,   3.8,   3.1
20-Apr-2018 03:00, 7.713,-9999 ,  28.9, 1009.9, 0.086, 0.056,  165,   4.0,   1.8
20-Apr-2018 04:00, 9.209,-9999 ,  29.9, 1009.1,-0.010,-0.044,  276,   5.0,   2.8
20-Apr-2018 05:00, 9.776,-9999 ,  30.1, 1008.5,-0.082,-0.124,  286,   5.6,   4.2
20-Apr-2018 06:00, 9.170,-9999 ,  30.9, 1008.0,-0.006,-0.054,  287,   5.6,   4.1
20-Apr-2018 07:00, 7.725,-9999 ,  31.1, 1007.8, 0.035,-0.017,  290,   5.5,   4.2
20-Apr-2018 08:00, 6.081,-9999 ,  31.2, 1007.7,-0.010,-0.065,  291,   6.1,   5.0
20-Apr-2018 09:00, 4.403,-9999 ,  31.2, 1008.1,-0.034,-0.089,  286,   6.4,   4.8
20-Apr-2018 10:00, 2.827,-9999 ,  30.9, 1008.4, 0.023,-0.028,  274,   6.2,   5.2
20-Apr-2018 11:00, 1.641,-9999 ,  30.8, 1009.0,-0.017,-0.065,  273,   5.9,   3.9
20-Apr-2018 12:00, 1.579,-9999 ,  30.9, 1009.8,-0.037,-0.078,  263,   5.2,   3.7
20-Apr-2018 13:00, 2.830,-9999 ,  30.9, 1010.2,-0.012,-0.046,  258,   4.7,   2.9
20-Apr-2018 14:00, 4.519,-9999 ,  30.6, 1010.2,-0.009,-0.039,  262,   3.3,   1.9
20-Apr-2018 15:00, 6.260,-9999 ,  30.6, 1010.0, 0.048, 0.017,  255,   3.5,   3.2
20-Apr-2018 16:00, 7.859,-9999 ,  30.3, 1009.7, 0.012,-0.021,  262,   4.1,   2.6
20-Apr-2018 17:00, 8.890,-9999 ,  29.4, 1009.4,-0.031,-0.067,  347,   3.1,   1.4
20-Apr-2018 18:00, 8.804,-9999 ,  29.1, 1009.6,-0.044,-0.082,  281,   1.7,   0.8
20-Apr-2018 19:00, 7.717,-9999 ,  28.3, 1009.6,-0.050,-0.086,  147,   6.5,   4.1
20-Apr-2018 20:00, 6.353,-9999 ,  28.6, 1009.6,-0.020,-0.056,  121,   4.5,   1.5
20-Apr-2018 21:00, 4.927,-9999 ,  27.7, 1009.9, 0.002,-0.034,   25,   2.3,   0.8
20-Apr-2018 22:00, 3.513,-9999 ,  27.8, 1010.5, 0.037, 0.004,   47,   4.6,   2.5
20-Apr-2018 23:00, 2.448,-9999 ,  26.2, 1011.3, 0.049, 0.023,   27,   9.1,   6.4
21-Apr-2018 00:00, 2.278,-9999 ,  28.9, 1011.3, 0.072, 0.053,    2,   7.0,   5.2
21-Apr-2018 01:00, 3.315,-9999 ,  29.8, 1011.6, 0.090, 0.071,    2,   7.3,   6.4
21-Apr-2018 02:00, 4.930,-9999 ,  30.0, 1011.3, 0.039, 0.023,  357,   8.4,   7.4
21-Apr-2018 03:00, 6.613,-9999 ,  30.5, 1011.0, 0.067, 0.048,  346,   8.7,   6.2
21-Apr-2018 04:00, 8.145,-9999 ,  30.4, 1010.5, 0.061, 0.038,  331,   7.6,   5.9
21-Apr-2018 05:00, 9.121,-9999 ,  30.4, 1009.7,-0.028,-0.056,  310,   8.7,   5.8
21-Apr-2018 06:00, 9.164,-9999 ,  30.0, 1009.1,-0.042,-0.078,  304,   7.6,   5.1
21-Apr-2018 07:00, 8.229,-9999 ,  30.3, 1008.8, 0.007,-0.035,  288,   6.6,   5.0
21-Apr-2018 08:00, 6.854,-9999 ,  30.1, 1008.9, 0.027,-0.017,  308,   6.2,   3.6
21-Apr-2018 09:00, 5.421,-9999 ,  29.9, 1009.0, 0.006,-0.037,  286,   6.0,   4.9
21-Apr-2018 10:00, 3.988,-9999 ,  29.7, 1009.2, 0.025,-0.017,  301,   5.9,   4.9
21-Apr-2018 11:00, 2.745,-9999 ,  29.6, 1009.6, 0.032,-0.008,  299,   5.7,   4.0
21-Apr-2018 12:00, 2.114,-9999 ,  29.7, 1010.2,-0.010,-0.046,  290,   5.0,   4.0
21-Apr-2018 13:00, 2.620,-9999 ,  29.6, 1010.3, 0.018,-0.012,  299,   4.9,   3.2
21-Apr-2018 14:00, 3.881,-9999 ,  29.5, 1010.3, 0.010,-0.019,  300,   3.8,   2.8
21-Apr-2018 15:00, 5.288,-9999 ,  29.4, 1010.2, 0.032, 0.003,  305,   3.6,   2.6
21-Apr-2018 16:00, 6.669,-9999 ,  29.4, 1009.8, 0.044, 0.013,  295,   3.4,   2.8
21-Apr-2018 17:00, 7.831,-9999 ,  29.4, 1009.3, 0.007,-0.028,  275,   3.9,   3.1
21-Apr-2018 18:00, 8.373,-9999 ,  29.4, 1009.0,-0.006,-0.046,  266,   4.8,   3.9
21-Apr-2018 19:00, 7.967,-9999 ,  29.6, 1009.2, 0.001,-0.041,  262,   6.3,   4.9
21-Apr-2018 20:00, 6.920,-9999 ,  29.7, 1009.3, 0.005,-0.035,  248,   6.2,   4.6
21-Apr-2018 21:00, 5.745,-9999 ,  29.4, 1009.5, 0.016,-0.023,  223,   6.1,   4.4
21-Apr-2018 22:00, 4.576,-9999 ,  28.6, 1010.0, 0.056, 0.019,  188,   4.9,   3.6
21-Apr-2018 23:00, 3.547,-9999 ,  28.5, 1010.6, 0.091, 0.059,  188,   4.4,   2.8
22-Apr-2018 00:00, 2.956,-9999 ,  28.5, 1011.1, 0.072, 0.046,  191,   3.7,   2.5
22-Apr-2018 01:00, 3.237,-9999 ,  28.6, 1011.5, 0.070, 0.049,  183,   3.2,   2.1
22-Apr-2018 02:00, 4.348,-9999 ,  29.3, 1011.5, 0.066, 0.049,  204,   2.6,   1.5
22-Apr-2018 03:00, 5.685,-9999 ,  29.9, 1010.6, 0.048, 0.030,  259,   4.8,   3.7
22-Apr-2018 04:00, 6.945,-9999 ,  29.9, 1009.5, 0.020,-0.007,  284,   5.6,   4.4
22-Apr-2018 05:00, 7.987,-9999 ,  30.3, 1008.6,-0.023,-0.061,  288,   6.1,   5.1
22-Apr-2018 06:00, 8.543,-9999 ,  30.5, 1008.0,-0.023,-0.070,  286,   6.6,   5.7
22-Apr-2018 07:00, 8.318,-9999 ,  30.7, 1007.7, 0.024,-0.029,  289,   7.8,   6.3
22-Apr-2018 08:00, 7.383,-9999 ,  30.6, 1007.9, 0.038,-0.017,  282,   8.4,   7.1
22-Apr-2018 09:00, 6.229,-9999 ,  30.8, 1008.2, 0.032,-0.021,  276,   8.4,   5.7
22-Apr-2018 10:00, 5.080,-9999 ,  30.5, 1008.6, 0.049,-0.001,  260,   7.9,   6.9
22-Apr-2018 11:00, 4.001,-9999 ,  30.7, 1009.3, 0.078, 0.032,  252,   8.0,   6.5
22-Apr-2018 12:00, 3.164,-9999 ,  30.6, 1009.9, 0.028,-0.011,  243,   7.5,   5.8
22-Apr-2018 13:00, 2.968,-9999 ,  30.5, 1010.1,-0.015,-0.048,  237,   7.1,   6.1
22-Apr-2018 14:00, 3.586,-9999 ,  30.3, 1010.0,-0.012,-0.043,  226,   7.2,   6.0
22-Apr-2018 15:00, 4.580,-9999 ,  29.6, 1009.8,-0.006,-0.039,  211,   7.9,   3.9
22-Apr-2018 16:00, 5.620,-9999 ,  30.1, 1009.5, 0.006,-0.029,  215,   7.4,   4.2
22-Apr-2018 17:00, 6.607,-9999 ,  29.3, 1009.2, 0.000,-0.037,  192,   8.0,   4.7
22-Apr-2018 18:00, 7.367,-9999 ,  29.1, 1009.0, 0.002,-0.038,  201,   6.8,   5.1
22-Apr-2018 19:00, 7.581,-9999 ,  29.6, 1008.9,-0.011,-0.053,  204,   7.3,   4.8
22-Apr-2018 20:00, 7.115,-9999 ,  29.6, 1009.1,-0.035,-0.078,  183,   6.5,   4.3
22-Apr-2018 21:00, 6.278,-9999 ,  29.6, 1009.4,-0.052,-0.093,  162,   5.2,   4.1
22-Apr-2018 22:00, 5.407,-9999 ,  29.0, 1009.8,-0.018,-0.056,  152,   5.8,   3.7
22-Apr-2018 23:00, 4.615,-9999 ,  27.8, 1010.3, 0.056, 0.022,  100,   4.9,   2.9
23-Apr-2018 00:00, 3.995,-9999 ,  28.2, 1010.6, 0.076, 0.047,  132,   4.2,   3.3
23-Apr-2018 01:00, 3.768,-9999 ,  28.6, 1011.0, 0.057, 0.031,  120,   4.2,   3.3
23-Apr-2018 02:00, 4.187,-9999 ,  29.2, 1010.6, 0.075, 0.052,  120,   4.7,   2.8
23-Apr-2018 03:00, 5.027,-9999 ,  30.9, 1009.7, 0.073, 0.046,  128,   4.6,   4.0
23-Apr-2018 04:00, 5.947,-9999 ,  32.1, 1008.6, 0.040, 0.003,  138,   4.6,   3.9
23-Apr-2018 05:00, 6.806,-9999 ,  33.5, 1008.0, 0.004,-0.042,  136,   4.9,   4.3
23-Apr-2018 06:00, 7.453,-9999 ,  35.5, 1007.2,-0.005,-0.058,  125,   6.4,   5.2
23-Apr-2018 07:00, 7.722,-9999 ,  35.6, 1007.2, 0.004,-0.056,  110,   6.5,   4.6
23-Apr-2018 08:00, 7.427,-9999 ,  36.8, 1007.1,-0.014,-0.075,   87,   5.7,   4.7
23-Apr-2018 09:00, 6.731,-9999 ,  33.8, 1007.6,-0.025,-0.086,  343,   5.1,   2.9
23-Apr-2018 10:00, 5.922,-9999 ,  31.1, 1008.3, 0.001,-0.054,  320,   4.9,   4.4
23-Apr-2018 11:00, 5.114,-9999 ,  31.2, 1009.1, 0.041,-0.007,  302,   4.9,   4.1
23-Apr-2018 12:00, 4.402,-9999 ,  31.0, 1009.5, 0.054, 0.014,  253,   4.3,   1.1
23-Apr-2018 13:00, 3.921,-9999 ,  30.9, 1009.8, 0.025,-0.012,  269,   2.8,   2.2
23-Apr-2018 14:00, 3.876,-9999 ,  30.8, 1009.7, 0.003,-0.031,  243,   3.5,   2.9
23-Apr-2018 15:00, 4.267,-9999 ,  30.3, 1009.4, 0.006,-0.029,  196,   3.6,   2.9
23-Apr-2018 16:00, 4.878,-9999 ,  31.1, 1009.0, 0.019,-0.019,  201,   5.2,   3.9
23-Apr-2018 17:00, 5.548,-9999 ,  30.6, 1008.8, 0.007,-0.035,  186,   4.9,   3.2
23-Apr-2018 18:00, 6.176,-9999 ,  29.9, 1008.6,-0.003,-0.048,  175,   3.7,   3.4
23-Apr-2018 19:00, 6.678,-9999 ,  30.0, 1008.7, 0.006,-0.040,  164,   3.9,   3.3
23-Apr-2018 20:00, 6.878,-9999 ,  29.7, 1008.7, 0.021,-0.024,  145,   4.0,   3.4
23-Apr-2018 21:00, 6.632,-9999 ,  29.6, 1009.2, 0.000,-0.045,  135,   5.5,   4.8
23-Apr-2018 22:00, 6.133,-9999 ,  29.3, 1009.7,-0.012,-0.052,  138,   5.2,   2.8
23-Apr-2018 23:00, 5.608,-9999 ,  27.0, 1010.2, 0.035, 0.000,   88,   6.3,   4.5
24-Apr-2018 00:00, 5.128,-9999 ,  27.9, 1010.4, 0.073, 0.043,  103,   6.5,   4.0
24-Apr-2018 01:00, 4.765,-9999 ,  28.5, 1010.6, 0.090, 0.062,  108,   5.0,   3.5
24-Apr-2018 02:00, 4.598,-9999 ,  29.3, 1010.4, 0.068, 0.042,  113,   6.7,   3.9
24-Apr-2018 03:00, 4.738,-9999 ,  30.5, 1009.4, 0.045, 0.016,  129,   5.1,   4.3
24-Apr-2018 04:00, 5.147,-9999 ,  31.7, 1008.4, 0.039, 0.000,  128,   4.5,   3.1
24-Apr-2018 05:00, 5.688,-9999 ,  35.4, 1007.7, 0.014,-0.035,   63,   6.1,   4.5
24-Apr-2018 06:00, 6.249,-9999 ,  33.2, 1007.2, 0.030,-0.026,  313,   8.5,   7.3
24-Apr-2018 07:00, 6.706,-9999 ,  32.0, 1007.1, 0.058,-0.002,  324,   7.9,   5.6
24-Apr-2018 08:00, 6.935,-9999 ,  31.4, 1007.3, 0.022,-0.039,  317,   7.0,   5.3
24-Apr-2018 09:00, 6.876,-9999 ,  31.0, 1007.6,-0.008,-0.067,  321,   6.0,   3.8
24-Apr-2018 10:00, 6.562,-9999 ,  30.9, 1008.3,-0.003,-0.058,  321,   4.5,   2.0
24-Apr-2018 11:00, 6.095,-9999 ,  30.3, 1008.9, 0.021,-0.028,  331,   3.2,   2.3
24-Apr-2018 12:00, 5.615,-9999 ,  30.0, 1009.4, 0.070, 0.027,  321,   2.9,   2.0
24-Apr-2018 13:00, 5.164,-9999 ,  30.2, 1009.6, 0.106, 0.068,  317,   2.5,   2.2
24-Apr-2018 14:00, 4.768,-9999 ,  30.1, 1009.6, 0.097, 0.061,  293,   3.1,   2.0
24-Apr-2018 15:00, 4.500,-9999 ,  30.3, 1009.4, 0.044, 0.008,  259,   3.7,   3.2
24-Apr-2018 16:00, 4.465,-9999 ,  30.3, 1008.9, 0.012,-0.027,  264,   3.9,   2.3
24-Apr-2018 17:00, 4.696,-9999 ,  29.1, 1008.5, 0.011,-0.032,  153,   2.8,   2.1
24-Apr-2018 18:00, 5.080,-9999 ,  27.4, 1008.1, 0.010,-0.038,   75,   3.0,   2.6
24-Apr-2018 19:00, 5.539,-9999 ,  27.4, 1008.2, 0.015,-0.036,  100,   2.9,   1.1
24-Apr-2018 20:00, 6.018,-9999 ,  27.4, 1008.3,-0.007,-0.058,  115,   2.9,   2.3
24-Apr-2018 21:00, 6.394,-9999 ,  27.4, 1008.8,-0.015,-0.064,  113,   4.2,   3.7
24-Apr-2018 22:00, 6.584,-9999 ,  27.6, 1009.2, 0.049, 0.005,  117,   4.8,   3.3
24-Apr-2018 23:00, 6.521,-9999 ,  28.4, 1009.8, 0.101, 0.062,  131,   3.8,   2.7
25-Apr-2018 00:00, 6.261,-9999 ,  28.2, 1009.9, 0.100, 0.066,  112,   4.0,   3.4
25-Apr-2018 01:00, 5.915,-9999 ,  28.3, 1009.9, 0.100, 0.068,  100,   4.5,   2.9
25-Apr-2018 02:00, 5.512,-9999 ,  29.6, 1009.6, 0.102, 0.068,  101,   3.2,   1.3
25-Apr-2018 03:00, 5.116,-9999 ,  31.4, 1008.8, 0.090, 0.053,  100,   1.4,   0.1
25-Apr-2018 04:00, 4.819,-9999 ,  31.9, 1007.8, 0.044,-0.001,  285,   4.1,   3.4
25-Apr-2018 05:00, 4.779,-9999 ,  31.4, 1007.3, 0.003,-0.052,  305,   5.5,   4.6
25-Apr-2018 06:00, 5.044,-9999 ,  30.4, 1006.6, 0.035,-0.025,  305,   8.2,   7.0
25-Apr-2018 07:00, 5.466,-9999 ,  30.6, 1006.5, 0.087, 0.021,  309,   8.7,   7.3
25-Apr-2018 08:00, 5.939,-9999 ,  30.4, 1006.9, 0.066,-0.001,  300,   9.0,   7.3
25-Apr-2018 09:00, 6.388,-9999 ,  30.2, 1007.5, 0.004,-0.059,  303,   8.2,   5.7
25-Apr-2018 10:00, 6.727,-9999 ,  29.8, 1008.2, 0.004,-0.052,  305,   7.0,   4.8
25-Apr-2018 11:00, 6.855,-9999 ,  29.6, 1008.8, 0.059, 0.009,  304,   6.2,   4.1
25-Apr-2018 12:00, 6.686,-9999 ,  29.6, 1009.6, 0.058, 0.014,  307,   5.1,   3.6
25-Apr-2018 13:00, 6.330,-9999 ,  29.5, 1010.0, 0.061, 0.025,  309,   4.7,   2.9
25-Apr-2018 14:00, 5.839,-9999 ,  29.4, 1010.0, 0.084, 0.052,  300,   4.0,   2.5
25-Apr-2018 15:00, 5.229,-9999 ,  29.1, 1010.0, 0.065, 0.033,  300,   3.9,   2.4
25-Apr-2018 16:00, 4.646,-9999 ,  29.2, 1009.6, 0.052, 0.019,  295,   3.3,   2.6
25-Apr-2018 17:00, 4.251,-9999 ,  29.1, 1009.2, 0.034,-0.003,  269,   3.3,   2.5
25-Apr-2018 18:00, 4.200,-9999 ,  29.2, 1009.1, 0.057, 0.016,  261,   5.2,   3.9
25-Apr-2018 19:00, 4.420,-9999 ,  29.2, 1008.9, 0.048, 0.007,  261,   6.2,   4.7
25-Apr-2018 20:00, 4.876,-9999 ,  29.2, 1008.7,-0.036,-0.080,  245,   6.7,   5.8
25-Apr-2018 21:00, 5.568,-9999 ,  28.7, 1009.4,-0.084,-0.129,  184,   8.7,   7.7
25-Apr-2018 22:00, 6.275,-9999 ,  28.2, 1010.5,-0.092,-0.129,  146,  12.5,   9.0
25-Apr-2018 23:00, 6.815,-9999 ,  27.1, 1011.1,-0.065,-0.092,  141,  12.6,   9.6
26-Apr-2018 00:00, 7.078,-9999 ,  28.0, 1011.8,-0.023,-0.043,  134,  12.6,  10.5
26-Apr-2018 01:00, 6.978,-9999 ,  27.2, 1012.0,-0.006,-0.020,   99,  12.5,   6.9
26-Apr-2018 02:00, 6.518,-9999 ,  28.6, 1011.8,-0.007,-0.019,  101,   9.4,   6.4
26-Apr-2018 03:00, 5.852,-9999 ,  30.5, 1010.8, 0.014,-0.002,  124,   7.4,   6.3
26-Apr-2018 04:00, 5.113,-9999 ,  31.5, 1010.1, 0.046, 0.021,  109,   7.1,   4.8
26-Apr-2018 05:00, 4.455,-9999 ,  31.9, 1009.3, 0.039, 0.007,  115,   5.2,   1.8
26-Apr-2018 06:00, 4.058,-9999 ,  33.6, 1008.8,-0.011,-0.051,    0,   2.2,   0.0
26-Apr-2018 07:00, 4.070,-9999 ,  34.0, 1008.6,-0.030,-0.075,  321,   1.1,   0.5
26-Apr-2018 08:00, 4.574,-9999 ,  34.9, 1008.5, 0.000,-0.047,    0,   2.5,   0.0
26-Apr-2018 09:00, 5.408,-9999 ,  32.2, 1009.2, 0.039,-0.008,  245,   2.6,   2.2
26-Apr-2018 10:00, 6.263,-9999 ,  31.3, 1009.6, 0.030,-0.010,  254,   3.0,   1.7
26-Apr-2018 11:00, 6.919,-9999 ,  31.1, 1010.3,-0.038,-0.073,  266,   2.9,   1.4
26-Apr-2018 12:00, 7.335,-9999 ,  31.0, 1011.1,-0.048,-0.076,  246,   4.8,   3.5
26-Apr-2018 13:00, 7.409,-9999 ,  31.6, 1011.3, 0.016,-0.005,  153,   6.5,   3.7
26-Apr-2018 14:00, 6.967,-9999 ,  30.0, 1011.3, 0.024, 0.005,  113,   9.4,   5.7
26-Apr-2018 15:00, 6.175,-9999 ,  30.1, 1011.0, 0.004,-0.016,  101,  10.5,   5.4
26-Apr-2018 16:00, 5.287,-9999 ,  29.6, 1011.1, 0.036, 0.014,   97,   6.3,   3.3
26-Apr-2018 17:00, 4.425,-9999 ,  28.5, 1010.8, 0.080, 0.059,   68,   5.5,   3.7
26-Apr-2018 18:00, 3.707,-9999 ,  27.6, 1010.6, 0.040, 0.015,   53,   4.5,   2.3
26-Apr-2018 19:00, 3.368,-9999 ,  27.8, 1010.7,-0.023,-0.049,   80,   5.2,   4.5
26-Apr-2018 20:00, 3.685,-9999 ,  28.2, 1010.7,-0.032,-0.057,   97,   6.3,   5.2
26-Apr-2018 21:00, 4.540,-9999 ,  27.6, 1011.1,-0.037,-0.062,  104,   6.2,   5.1
26-Apr-2018 22:00, 5.587,-9999 ,  26.9, 1011.9,-0.074,-0.095,  103,   6.8,   5.1
26-Apr-2018 23:00, 6.652,-9999 ,  26.7, 1012.5,-0.082,-0.095,  101,   6.4,   5.1
27-Apr-2018 00:00, 7.529,-9999 ,  26.7, 1013.1,-0.060,-0.067,  127,   7.2,   5.6
27-Apr-2018 01:00, 7.960,-9999 ,  27.0, 1013.4,-0.019,-0.020,  114,   6.5,   5.6
27-Apr-2018 02:00, 7.737,-9999 ,  27.5, 1013.2, 0.020, 0.021,  113,   6.5,   4.3
27-Apr-2018 03:00, 6.944,-9999 ,  29.2, 1012.5, 0.033, 0.032,  110,   4.8,   2.2
27-Apr-2018 04:00, 5.870,-9999 ,  32.4, 1011.2, 0.026, 0.017,  105,   7.4,   5.8
27-Apr-2018 05:00, 4.756,-9999 ,  33.1, 1010.5, 0.040, 0.019,   90,   6.5,   3.8
27-Apr-2018 06:00, 3.799,-9999 ,  33.5, 1010.0, 0.048, 0.021,  112,   3.8,   2.1
27-Apr-2018 07:00, 3.146,-9999 ,  35.8, 1009.8,-0.006,-0.038,   63,   2.8,   1.6
27-Apr-2018 08:00, 3.181,-9999 ,  30.8, 1010.2,-0.054,-0.088,  243,  10.0,   6.4
27-Apr-2018 09:00, 4.037,-9999 ,  30.3, 1010.8,-0.025,-0.054,  245,   8.5,   7.4
27-Apr-2018 10:00, 5.243,-9999 ,  30.2, 1011.3, 0.003,-0.021,  243,   8.4,   6.6
27-Apr-2018 11:00, 6.447,-9999 ,  30.3, 1012.1,-0.009,-0.027,  232,   8.2,   7.0
27-Apr-2018 12:00, 7.479,-9999 ,  30.3, 1013.0,-0.037,-0.048,  227,   8.0,   6.8
27-Apr-2018 13:00, 8.140,-9999 ,  29.9, 1013.3,-0.009,-0.011,  208,   8.6,   4.4
27-Apr-2018 14:00, 8.125,-9999 ,  30.6, 1013.2, 0.058, 0.059,  179,   5.6,   3.6
27-Apr-2018 15:00, 7.355,-9999 ,  31.2, 1013.0, 0.052, 0.051,  138,   6.5,   5.3
27-Apr-2018 16:00, 6.241,-9999 ,  30.4, 1012.5, 0.046, 0.043,  129,   8.1,   6.5
27-Apr-2018 17:00, 5.026,-9999 ,  30.1, 1012.2, 0.048, 0.040,  136,  10.8,   8.1
27-Apr-2018 18:00, 3.836,-9999 ,  29.8, 1011.8, 0.005,-0.006,  121,  11.0,   6.3
27-Apr-2018 19:00, 2.916,-9999 ,  28.6, 1011.8,-0.018,-0.033,  128,   9.1,   7.7
27-Apr-2018 20:00, 2.652,-9999 ,  27.9, 1011.8,-0.027,-0.042,  104,   9.5,   6.0
27-Apr-2018 21:00, 3.338,-9999 ,  27.7, 1012.2,-0.030,-0.044,  118,   8.2,   6.4
27-Apr-2018 22:00, 4.603,-9999 ,  28.1, 1012.8,-0.031,-0.041,  122,   8.7,   4.6
27-Apr-2018 23:00, 6.019,-9999 ,  27.6, 1013.2,-0.040,-0.043,  122,   7.2,   5.8
28-Apr-2018 00:00, 7.367,-9999 ,  27.5, 1013.5,-0.074,-0.074,  105,   7.4,   5.9
28-Apr-2018 01:00, 8.385,-9999 ,  27.8, 1013.8,-0.095,-0.092,  116,   7.6,   5.1
28-Apr-2018 02:00, 8.720,-9999 ,  28.7, 1013.6,-0.016,-0.010,   98,   6.2,   3.1
28-Apr-2018 03:00, 8.112,-9999 ,  33.0, 1012.7, 0.036, 0.039,  126,   7.3,   6.5
28-Apr-2018 04:00, 6.889,-9999 ,  33.1, 1011.6, 0.020, 0.014,  109,   7.2,   4.5
28-Apr-2018 05:00, 5.530,-9999 ,  33.7, 1010.8, 0.054, 0.036,  118,   5.6,   2.6
28-Apr-2018 06:00, 4.157,-9999 ,  33.8, 1010.0, 0.059, 0.033,  138,   3.4,   2.6
28-Apr-2018 07:00, 2.915,-9999 ,  33.0, 1009.5, 0.009,-0.024,  203,   3.8,   2.9
28-Apr-2018 08:00, 2.202,-9999 ,  33.7, 1009.6,-0.060,-0.098,  248,   5.5,   4.2
28-Apr-2018 09:00, 2.652,-9999 ,  31.2, 1010.0,-0.044,-0.080,  249,   7.9,   6.1
28-Apr-2018 10:00, 3.969,-9999 ,  30.8, 1010.5, 0.002,-0.030,  243,   7.9,   5.9
28-Apr-2018 11:00, 5.472,-9999 ,  30.7, 1011.2,-0.011,-0.037,  246,   7.2,   5.0
28-Apr-2018 12:00, 6.951,-9999 ,  30.7, 1012.0,-0.042,-0.061,  239,   6.1,   5.1
28-Apr-2018 13:00, 8.185,-9999 ,  30.6, 1012.3,-0.076,-0.087,  231,   5.8,   4.0
28-Apr-2018 14:00, 8.776,-9999 ,  30.9, 1011.7,-0.049,-0.059,  126,   5.1,   1.7
28-Apr-2018 15:00, 8.395,-9999 ,  31.3, 1011.8, 0.011,-0.005,  144,   4.8,   3.9
28-Apr-2018 16:00, 7.289,-9999 ,  29.8, 1011.5, 0.041, 0.026,  141,   7.6,   6.7
28-Apr-2018 17:00, 5.946,-9999 ,  29.8, 1011.3, 0.075, 0.057,  149,   8.4,   7.3
28-Apr-2018 18:00, 4.507,-9999 ,  29.8, 1010.9, 0.045, 0.025,  158,  10.0,   7.2
28-Apr-2018 19:00, 3.155,-9999 ,  28.4, 1011.0, 0.007,-0.016,  137,   9.1,   6.3
28-Apr-2018 20:00, 2.180,-9999 ,  27.1, 1011.0,-0.018,-0.040,  111,   7.4,   5.3
28-Apr-2018 21:00, 2.206,-9999 ,  28.2, 1011.0,-0.074,-0.097,  141,   9.1,   7.0
28-Apr-2018 22:00, 3.392,-9999 ,  28.4, 1011.5,-0.070,-0.093,  144,  13.3,  10.1
28-Apr-2018 23:00, 5.020,-9999 ,  27.1, 1012.2,-0.064,-0.081,  144,  14.1,  11.6
29-Apr-2018 00:00, 6.689,-9999 ,  27.8, 1012.5,-0.093,-0.104,  132,  12.7,   9.2
29-Apr-2018 01:00, 8.216,-9999 ,  28.0, 1012.6,-0.125,-0.132,  118,  11.1,   5.2
29-Apr-2018 02:00, 9.197,-9999 ,  29.7, 1012.2,-0.076,-0.082,  143,   7.6,   5.1
29-Apr-2018 03:00, 9.065,-9999 ,  30.1, 1011.5,-0.023,-0.034,  109,   5.1,   2.8
29-Apr-2018 04:00, 7.919,-9999 ,  30.7, 1010.4,-0.041,-0.059,  133,   2.8,   0.4
29-Apr-2018 05:00, 6.459,-9999 ,  32.2, 1009.8, 0.007,-0.022,   71,   1.4,   0.1
29-Apr-2018 06:00, 4.885,-9999 ,  32.6, 1009.3, 0.030,-0.004,  241,   2.2,   1.2
29-Apr-2018 07:00, 3.299,-9999 ,  32.6, 1009.0,-0.016,-0.055,  268,   2.8,   2.0
29-Apr-2018 08:00, 1.990,-9999 ,  31.0, 1008.9,-0.040,-0.083,  290,   5.1,   4.3
29-Apr-2018 09:00, 1.613,-9999 ,  30.6, 1009.2,-0.064,-0.107,  286,   5.6,   3.9
29-Apr-2018 10:00, 2.619,-9999 ,  30.2, 1009.7,-0.025,-0.065,  286,   4.4,   2.7
29-Apr-2018 11:00, 4.268,-9999 ,  29.9, 1010.5,-0.012,-0.047,  346,   2.8,   2.2
29-Apr-2018 12:00, 6.032,-9999 ,  28.2, 1011.5,-0.010,-0.036,   29,   5.6,   4.5
29-Apr-2018 13:00, 7.721,-9999 ,  28.7, 1011.8,-0.018,-0.035,   21,   6.0,   3.2
29-Apr-2018 14:00, 8.922,-9999 ,  27.9, 1011.6,-0.053,-0.068,    2,   6.7,   4.4
29-Apr-2018 15:00, 9.141,-9999 ,  27.4, 1011.3,-0.014,-0.031,    6,   5.8,   4.2
29-Apr-2018 16:00, 8.278,-9999 ,  27.2, 1011.1, 0.031, 0.011,   26,   5.7,   4.2
29-Apr-2018 17:00, 6.866,-9999 ,  26.4, 1011.4, 0.029, 0.008,  113,   9.0,   7.5
29-Apr-2018 18:00, 5.316,-9999 ,  25.6, 1011.4, 0.012,-0.006,   69,   9.3,   5.6
29-Apr-2018 19:00, 3.745,-9999 ,  26.0, 1011.3,-0.040,-0.059,   67,  11.9,   5.5
29-Apr-2018 20:00, 2.393,-9999 ,-9999 , 1011.1,-0.010,-0.030,   62,   7.6,   5.8
29-Apr-2018 21:00, 1.698,-9999 ,-9999 , 1011.5,-0.008,-0.029,   92,   7.0,   5.3
29-Apr-2018 22:00, 2.360,-9999 ,  25.3, 1012.1,-0.018,-0.035,   79,   6.2,   4.9
29-Apr-2018 23:00, 3.992,-9999 ,  25.6, 1013.0,-0.003,-0.013,  102,   6.6,   5.1
30-Apr-2018 00:00, 5.845,-9999 ,  25.1, 1013.5,-0.011,-0.013,  107,   7.3,   5.0
30-Apr-2018 01:00, 7.708,-9999 ,  25.9, 1013.7,-0.003, 0.000,  106,   6.0,   5.1
30-Apr-2018 02:00, 9.192,-9999 ,  27.4, 1013.7,-0.014,-0.010,  116,   5.7,   4.6
30-Apr-2018 03:00, 9.698,-9999 ,  30.2, 1013.0, 0.007, 0.011,   90,   9.1,   6.5
30-Apr-2018 04:00, 8.952,-9999 ,  31.3, 1012.0, 0.031, 0.027,   90,  10.2,   6.6
30-Apr-2018 05:00, 7.408,-9999 ,  31.6, 1011.5,-0.041,-0.054,   84,  10.0,   5.3
30-Apr-2018 06:00, 5.735,-9999 ,  32.2, 1011.0,-0.045,-0.063,   75,   9.5,   6.2
30-Apr-2018 07:00, 4.034,-9999 ,  32.3, 1010.8,-0.039,-0.061,   56,   8.5,   5.1
30-Apr-2018 08:00, 2.434,-9999 ,  32.3, 1011.2,-0.022,-0.046,   61,   6.9,   4.6
30-Apr-2018 09:00, 1.345,-9999 ,  29.8, 1011.8,-0.013,-0.033,  315,   7.1,   4.8
30-Apr-2018 10:00, 1.595,-9999 ,  29.0, 1012.4,-0.011,-0.025,  312,   6.1,   4.1
30-Apr-2018 11:00, 3.094,-9999 ,  28.6, 1013.1, 0.026, 0.018,  325,   5.3,   4.3
30-Apr-2018 12:00, 4.949,-9999 ,  28.4, 1013.6, 0.028, 0.027,  331,   5.2,   4.6
30-Apr-2018 13:00, 6.848,-9999 ,  28.2, 1013.5, 0.025, 0.028,  341,   5.4,   2.8
30-Apr-2018 14:00, 8.493,-9999 ,  28.2, 1013.3,-0.031,-0.029,  341,   4.5,   3.3
30-Apr-2018 15:00, 9.379,-9999 ,  28.0, 1013.1,-0.033,-0.032,  332,   4.4,   3.5
30-Apr-2018 16:00, 9.055,-9999 ,  28.0, 1012.8, 0.043, 0.041,  330,   4.7,   3.6
30-Apr-2018 17:00, 7.763,-9999 ,  27.9, 1012.5, 0.032, 0.028,  307,   4.2,   1.9
30-Apr-2018 18:00, 6.207,-9999 ,  26.0, 1012.6, 0.019, 0.012,  116,   4.9,   4.1
30-Apr-2018 19:00, 4.575,-9999 ,  24.2, 1012.6,-0.007,-0.014,  113,   7.5,   5.3
30-Apr-2018 20:00, 3.008,-9999 ,  24.4, 1012.5,-0.015,-0.022,  128,   5.2,   2.8
30-Apr-2018 21:00, 1.817,-9999 ,  24.0, 1012.8, 0.028, 0.021,  122,   4.2,   3.0
30-Apr-2018 22:00, 1.714,-9999 ,  23.1, 1013.3, 0.023, 0.020,   86,   4.3,   3.1
30-Apr-2018 23:00, 3.016,-9999 ,  23.5, 1013.7, 0.039, 0.040,  104,   4.3,   3.2
01-May-2018 00:00, 4.862,-9999 ,  24.6, 1014.1, 0.009, 0.014,  118,   4.5,   3.7
01-May-2018 01:00, 6.804,-9999 ,  25.8, 1014.3,-0.023,-0.014,  139,   4.8,   3.2
01-May-2018 02:00, 8.576,-9999 ,  27.0, 1014.2,-0.074,-0.063,  151,   4.4,   3.1
01-May-2018 03:00, 9.653,-9999 ,  28.5, 1013.5,-0.114,-0.106,  171,   4.1,   2.0
01-May-2018 04:00, 9.544,-9999 ,  29.5, 1012.7,-0.039,-0.037,  226,   2.8,   1.4
01-May-2018 05:00, 8.301,-9999 ,  29.9, 1011.7,-0.019,-0.026,  232,   2.9,   2.4
01-May-2018 06:00, 6.628,-9999 ,  30.2, 1011.3,-0.063,-0.079,  240,   4.1,   3.6
01-May-2018 07:00, 4.880,-9999 ,  30.5, 1010.9,-0.075,-0.095,  258,   5.4,   4.0
01-May-2018 08:00, 3.152,-9999 ,  30.1, 1010.8,-0.057,-0.081,  251,   5.9,   5.1
01-May-2018 09:00, 1.671,-9999 ,  30.4, 1011.0,-0.027,-0.051,  261,   5.7,   4.0
01-May-2018 10:00, 1.091,-9999 ,  29.6, 1011.4,-0.054,-0.076,  258,   5.6,   4.1
01-May-2018 11:00, 2.077,-9999 ,  29.3, 1012.1,-0.010,-0.028,  267,   5.0,   4.0
01-May-2018 12:00, 3.845,-9999 ,  29.1, 1012.7, 0.001,-0.010,  257,   5.0,   4.0
01-May-2018 13:00, 5.751,-9999 ,  29.1, 1013.2,-0.024,-0.029,  243,   4.9,   3.5
01-May-2018 14:00, 7.627,-9999 ,  28.1, 1013.2,-0.052,-0.053,  208,   5.7,   4.9
01-May-2018 15:00, 9.040,-9999 ,  27.9, 1013.1,-0.073,-0.071,  196,   6.5,   1.4
01-May-2018 16:00, 9.328,-9999 ,-9999 ,-9999.0,-0.050,-9999 ,-9999,   6.0,-9999
01-May-2018 17:00, 8.388,-9999 ,-9999 ,-9999.0,-0.045,-9999 ,-9999,-9999 ,-9999
01-May-2018 18:00, 6.926,-9999 ,-9999 ,-9999.0,-0.047,-9999 ,-9999,-9999 ,-9999
01-May-2018 19:00, 5.348,-9999 ,-9999 ,-9999.0,-0.038,-9999 ,-9999,-9999 ,-9999
01-May-2018 20:00, 3.742,-9999 ,-9999 ,-9999.0,-0.034,-9999 ,-9999,-9999 ,-9999
01-May-2018 21:00, 2.289,-9999 ,-9999 ,-9999.0,-0.041,-9999 ,-9999,-9999 ,-9999
01-May-2018 22:00, 1.541,-9999 ,-9999 ,-9999.0,-0.040,-9999 ,-9999,-9999 ,-9999
01-May-2018 23:00, 2.218,-9999 ,-9999 ,-9999.0,-0.032,-9999 ,-9999,-9999 ,-9999
02-May-2018 00:00, 3.923,-9999 ,-9999 ,-9999.0,-0.031,-9999 ,-9999,-9999 ,-9999
02-May-2018 01:00, 5.883,-9999 ,-9999 ,-9999.0,-0.013,-9999 ,-9999,-9999 ,-9999
02-May-2018 02:00, 7.805,-9999 ,  26.3, 1013.2,-0.014,-0.004,  214,   5.0,   2.9
02-May-2018 03:00, 9.286,-9999 ,  27.5, 1011.9,-0.063,-0.067,  232,   4.5,   2.9
02-May-2018 04:00, 9.749,-9999 ,  28.5, 1011.3,-0.074,-0.087,  301,   7.5,   4.1
02-May-2018 05:00, 8.984,-9999 ,  28.5, 1010.6,-0.001,-0.021,  306,   7.7,   6.5
02-May-2018 06:00, 7.455,-9999 ,  28.2, 1010.0,-0.013,-0.040,  292,   9.1,   7.6
02-May-2018 07:00, 5.767,-9999 ,  28.0, 1009.9,-0.041,-0.073,  284,   9.3,   7.7
02-May-2018 08:00, 4.034,-9999 ,  28.1, 1010.1,-0.031,-0.064,  275,   9.1,   7.0
02-May-2018 09:00, 2.415,-9999 ,  28.1, 1010.3, 0.007,-0.024,  283,   9.3,   7.6
02-May-2018 10:00, 1.305,-9999 ,  28.1, 1010.9, 0.005,-0.023,  276,   9.4,   7.1
02-May-2018 11:00, 1.518,-9999 ,  28.0, 1011.5,-0.007,-0.030,  282,   9.9,   6.8
02-May-2018 12:00, 2.975,-9999 ,  28.2, 1012.3, 0.000,-0.016,  266,   8.8,   5.7
02-May-2018 13:00, 4.785,-9999 ,  28.6, 1012.5,-0.021,-0.030,  266,   8.2,   5.8
02-May-2018 14:00, 6.659,-9999 ,  28.4, 1012.5,-0.037,-0.045,  264,   8.2,   5.4
02-May-2018 15:00, 8.338,-9999 ,  28.5, 1012.6,-0.057,-0.064,  268,   7.5,   4.9
02-May-2018 16:00, 9.277,-9999 ,  28.4, 1012.3,-0.025,-0.031,  262,   8.0,   6.2
02-May-2018 17:00, 8.936,-9999 ,  28.4, 1012.0, 0.020, 0.010,  265,   7.4,   4.7
02-May-2018 18:00, 7.667,-9999 ,  28.4, 1011.5, 0.033, 0.020,  256,   6.5,   4.7
02-May-2018 19:00, 6.176,-9999 ,  28.2, 1011.2, 0.046, 0.029,  250,   5.8,   4.3
02-May-2018 20:00, 4.602,-9999 ,  28.2, 1011.2, 0.045, 0.024,  242,   5.5,   4.4
02-May-2018 21:00, 3.077,-9999 ,  26.6, 1011.7, 0.034, 0.014,  192,   5.0,   3.1
02-May-2018 22:00, 1.943,-9999 ,  26.4, 1012.4, 0.014,-0.001,  183,   3.9,   3.0
02-May-2018 23:00, 1.914,-9999 ,  26.9, 1013.1,-0.005,-0.013,  200,   4.0,   2.8
03-May-2018 00:00, 3.200,-9999 ,  26.8, 1013.3,-0.022,-0.023,  178,   3.9,   1.6
03-May-2018 01:00, 5.003,-9999 ,  27.6, 1013.8,-0.044,-0.043,  202,   3.7,   2.5
03-May-2018 02:00, 6.905,-9999 ,  27.8, 1014.0,-0.016,-0.011,  202,   4.0,   2.7
03-May-2018 03:00, 8.566,-9999 ,  28.1, 1013.3,-0.038,-0.031,  231,   5.4,   3.7
03-May-2018 04:00, 9.515,-9999 ,  28.3, 1012.3,-0.072,-0.073,  240,   4.8,   3.1
03-May-2018 05:00, 9.315,-9999 ,  28.4, 1011.7,-0.030,-0.041,  275,   5.5,   4.2
03-May-2018 06:00, 8.027,-9999 ,  28.5, 1011.3,-0.058,-0.074,  272,   6.3,   4.7
03-May-2018 07:00, 6.421,-9999 ,  28.6, 1011.3,-0.107,-0.126,  256,   6.9,   5.8
03-May-2018 08:00, 4.792,-9999 ,  28.6, 1011.3,-0.102,-0.121,  262,   7.4,   5.4
03-May-2018 09:00, 3.200,-9999 ,  28.3, 1011.5,-0.044,-0.063,  260,   6.7,   5.1
03-May-2018 10:00, 1.877,-9999 ,  28.1, 1011.9,-0.014,-0.031,  247,   6.9,   5.5
03-May-2018 11:00, 1.418,-9999 ,  28.3, 1012.5,-0.054,-0.067,  245,   6.9,   5.6
03-May-2018 12:00, 2.352,-9999 ,  28.3, 1013.3,-0.053,-0.059,  232,   6.8,   5.2
03-May-2018 13:00, 3.977,-9999 ,  28.1, 1013.3,-0.063,-0.062,  238,   6.1,   4.8
03-May-2018 14:00, 5.713,-9999 ,  27.9, 1013.3,-0.073,-0.073,  223,   5.4,   4.5
03-May-2018 15:00, 7.391,-9999 ,  27.5, 1013.4,-0.099,-0.098,  210,   5.5,   4.1
03-May-2018 16:00, 8.675,-9999 ,  27.3, 1012.9,-0.082,-0.081,  218,   5.0,   3.9
03-May-2018 17:00, 8.975,-9999 ,  27.1, 1012.7,-0.027,-0.031,  201,   4.9,   3.2
03-May-2018 18:00, 8.082,-9999 ,  26.7, 1012.4,-0.032,-0.037,  195,   5.8,   4.4
03-May-2018 19:00, 6.717,-9999 ,  26.7, 1012.4,-0.014,-0.022,  195,   6.0,   5.2
03-May-2018 20:00, 5.284,-9999 ,  26.3, 1012.5, 0.018, 0.010,  177,   8.1,   5.9
03-May-2018 21:00, 3.821,-9999 ,  25.9, 1012.8, 0.025, 0.018,  164,   8.0,   6.6
03-May-2018 22:00, 2.567,-9999 ,  24.9, 1013.8, 0.001,-0.003,  129,  10.9,   8.6
03-May-2018 23:00, 1.995,-9999 ,  24.3, 1014.3,-0.065,-0.059,  134,  12.0,   8.2
04-May-2018 00:00, 2.693,-9999 ,  24.4, 1014.5,-0.105,-0.094,  113,   9.2,   7.0
04-May-2018 01:00, 4.254,-9999 ,  25.2, 1014.7,-0.128,-0.115,  111,   8.5,   7.5
04-May-2018 02:00, 5.986,-9999 ,  27.7, 1014.3,-0.118,-0.104,  107,  11.4,   9.5
04-May-2018 03:00, 7.632,-9999 ,  28.8, 1014.0,-0.113,-0.103,  110,  10.2,   7.7
04-May-2018 04:00, 8.877,-9999 ,  29.8, 1013.5,-0.094,-0.087,  109,   8.9,   5.8
04-May-2018 05:00, 9.252,-9999 ,  30.7, 1012.7,-0.035,-0.034,  107,   6.9,   4.3
04-May-2018 06:00, 8.495,-9999 ,  31.0, 1012.3, 0.006, 0.000,  131,   4.7,   2.2
04-May-2018 07:00, 7.061,-9999 ,  31.5, 1012.1,-0.038,-0.048,  162,   2.3,   1.5
04-May-2018 08:00, 5.550,-9999 ,  31.5, 1012.4,-0.064,-0.075,  209,   2.3,   1.6
04-May-2018 09:00, 4.046,-9999 ,  30.8, 1012.7,-0.032,-0.040,  216,   2.3,   1.6
04-May-2018 10:00, 2.695,-9999 ,  29.6, 1013.2, 0.006, 0.001,  270,   3.2,   2.0
04-May-2018 11:00, 1.844,-9999 ,  29.3, 1014.0,-0.035,-0.035,  243,   4.4,   3.8
04-May-2018 12:00, 2.163,-9999 ,  29.1, 1014.9,-0.043,-0.035,  219,   5.1,   4.4
04-May-2018 13:00, 3.453,-9999 ,  28.8, 1015.0,-0.059,-0.042,  203,   5.4,   4.5
04-May-2018 14:00, 4.966,-9999 ,  28.9, 1014.9,-0.093,-0.076,  162,   4.9,   3.5
04-May-2018 15:00, 6.514,-9999 ,  28.5, 1014.9,-0.095,-0.078,  142,   5.3,   4.6
04-May-2018 16:00, 7.875,-9999 ,  28.7, 1014.2,-0.084,-0.068,  159,   7.6,   6.2
04-May-2018 17:00, 8.593,-9999 ,  28.6, 1013.9,-0.062,-0.053,  160,   9.4,   8.0
04-May-2018 18:00, 8.233,-9999 ,  28.0, 1013.6,-0.082,-0.076,  154,  11.3,   9.7
04-May-2018 19:00, 7.101,-9999 ,  27.3, 1013.7,-0.091,-0.088,  147,  12.6,  10.1
04-May-2018 20:00, 5.800,-9999 ,  26.9, 1013.8,-0.068,-0.063,  144,  12.6,  10.3
04-May-2018 21:00, 4.475,-9999 ,  26.2, 1014.1,-0.041,-0.036,  130,  12.6,  10.2
04-May-2018 22:00, 3.287,-9999 ,  25.9, 1014.7,-0.013,-0.004,  123,  11.3,   8.5
04-May-2018 23:00, 2.543,-9999 ,  25.1, 1015.3,-0.011, 0.004,  122,  11.9,   8.7
05-May-2018 00:00, 2.725,-9999 ,  25.2, 1015.9,-0.018, 0.003,  120,   9.3,   6.4
05-May-2018 01:00, 3.868,-9999 ,  25.8, 1016.3,-0.062,-0.035,  108,   7.8,   5.9
05-May-2018 02:00, 5.355,-9999 ,  28.5, 1016.0,-0.090,-0.060,  104,   9.2,   8.0
05-May-2018 03:00, 6.829,-9999 ,  29.6, 1015.4,-0.088,-0.061,  107,   8.2,   5.9
05-May-2018 04:00, 8.076,-9999 ,  30.6, 1014.4,-0.095,-0.075,  105,   6.4,   4.8
05-May-2018 05:00, 8.760,-9999 ,  31.4, 1013.7,-0.067,-0.057,  117,   6.3,   3.2
05-May-2018 06:00, 8.537,-9999 ,  31.4, 1013.0,-0.026,-0.023,  155,   3.7,   0.8
05-May-2018 07:00, 7.492,-9999 ,  32.8, 1012.7,-0.012,-0.015,  199,   1.7,   0.9
05-May-2018 08:00, 6.165,-9999 ,  32.9, 1012.9,-0.027,-0.032,  209,   2.8,   1.7
05-May-2018 09:00, 4.814,-9999 ,  31.6, 1013.4,-0.026,-0.029,  234,   3.7,   3.4
05-May-2018 10:00, 3.545,-9999 ,  30.2, 1014.0, 0.012, 0.014,  236,   3.7,   2.7
05-May-2018 11:00, 2.579,-9999 ,  29.7, 1014.8,-0.001, 0.007,  230,   4.6,   3.4
05-May-2018 12:00, 2.368,-9999 ,  29.6, 1015.5,-0.043,-0.027,  230,   5.1,   4.3
05-May-2018 13:00, 3.175,-9999 ,  29.2, 1015.5,-0.069,-0.046,  234,   5.8,   4.9
05-May-2018 14:00, 4.427,-9999 ,  29.1, 1015.4,-0.116,-0.093,  204,   6.8,   4.3
05-May-2018 15:00, 5.751,-9999 ,  29.2, 1015.4,-0.109,-0.088,  219,   4.3,   2.1
05-May-2018 16:00, 7.030,-9999 ,  28.6, 1015.2,-0.077,-0.056,  183,   4.1,   2.6
05-May-2018 17:00, 7.983,-9999 ,  29.8, 1015.1,-0.006, 0.013,  147,   6.5,   4.4
05-May-2018 18:00, 8.135,-9999 ,  28.5, 1014.8,-0.005, 0.013,  131,   5.8,   3.5
05-May-2018 19:00, 7.399,-9999 ,  27.4, 1014.7,-0.054,-0.038,  130,   7.5,   6.5
05-May-2018 20:00, 6.319,-9999 ,  27.0, 1014.8,-0.023,-0.009,  116,   6.9,   4.5
05-May-2018 21:00, 5.178,-9999 ,  26.6, 1015.3, 0.014, 0.030,  108,   5.0,   4.0
05-May-2018 22:00, 4.080,-9999 ,  25.7, 1015.8, 0.036, 0.056,   84,   6.5,   5.5
05-May-2018 23:00, 3.257,-9999 ,  25.5, 1016.5, 0.021, 0.047,   79,   7.5,   6.0
06-May-2018 00:00, 3.044,-9999 ,  25.6, 1016.8,-0.007, 0.025,   90,   7.5,   5.7
06-May-2018 01:00, 3.721,-9999 ,  26.2, 1017.0,-0.023, 0.013,   95,   8.8,   5.9
06-May-2018 02:00, 4.921,-9999 ,  26.5, 1016.6,-0.048,-0.011,  116,   6.9,   4.0
06-May-2018 03:00, 6.176,-9999 ,  28.9, 1016.0,-0.037,-0.004,  130,   5.1,   1.7
06-May-2018 04:00, 7.310,-9999 ,  30.4, 1015.0,-0.029,-0.003,  283,   2.8,   0.7
06-May-2018 05:00, 8.121,-9999 ,  30.3, 1014.1, 0.007, 0.023,  330,   7.4,   6.0
06-May-2018 06:00, 8.292,-9999 ,  30.2, 1013.5, 0.034, 0.042,  322,   8.1,   5.5
06-May-2018 07:00, 7.694,-9999 ,  30.1, 1013.2, 0.032, 0.034,  310,   7.4,   5.1
06-May-2018 08:00, 6.658,-9999 ,  29.9, 1013.3, 0.040, 0.039,  311,   6.6,   4.4
06-May-2018 09:00, 5.504,-9999 ,  29.2, 1013.6, 0.019, 0.020,  298,   6.0,   4.7
06-May-2018 10:00, 4.371,-9999 ,  28.8, 1013.9, 0.020, 0.023,  308,   6.1,   3.7
06-May-2018 11:00, 3.420,-9999 ,  28.6, 1014.8, 0.012, 0.019,  302,   4.1,   2.7
06-May-2018 12:00, 2.933,-9999 ,  28.4, 1015.6,-0.024,-0.008,    0,   4.7,   2.5
06-May-2018 13:00, 3.239,-9999 ,  27.1, 1016.1,-0.045,-0.021,   94,   4.6,   3.5
06-May-2018 14:00, 4.155,-9999 ,  26.8, 1015.5,-0.072,-0.045,  356,   4.1,   1.7
06-May-2018 15:00, 5.236,-9999 ,  27.6, 1015.6,-0.050,-0.028,  110,   3.1,   0.9
06-May-2018 16:00, 6.301,-9999 ,  27.8, 1015.3,-0.017, 0.006,  125,   2.4,   1.4
06-May-2018 17:00, 7.206,-9999 ,  27.6, 1014.6, 0.020, 0.040,  292,   2.2,   0.1
06-May-2018 18:00, 7.669,-9999 ,  27.9, 1014.3, 0.049, 0.062,  200,   3.2,   2.5
06-May-2018 19:00, 7.419,-9999 ,  27.5, 1013.8, 0.004, 0.014,  172,   3.3,   2.9
06-May-2018 20:00, 6.646,-9999 ,  27.0, 1014.0,-0.009,-0.004,  145,   6.2,   4.8
06-May-2018 21:00, 5.733,-9999 ,  26.7, 1014.0, 0.029, 0.037,  149,   6.0,   4.7
06-May-2018 22:00, 4.832,-9999 ,  26.4, 1014.4, 0.073, 0.081,  148,   5.9,   4.2
06-May-2018 23:00, 4.083,-9999 ,  26.7, 1014.8, 0.093, 0.104,  144,   5.1,   3.5
07-May-2018 00:00, 3.681,-9999 ,  26.5, 1015.0, 0.056, 0.072,  122,   5.2,   4.1
07-May-2018 01:00, 3.891,-9999 ,  27.6, 1015.0, 0.022, 0.039,  108,   5.9,   4.0
07-May-2018 02:00, 4.679,-9999 ,  28.2, 1014.8,-0.014, 0.004,  104,   7.4,   5.8
07-May-2018 03:00, 5.640,-9999 ,  29.4, 1013.8,-0.024,-0.010,  121,   6.5,   5.1
07-May-2018 04:00, 6.555,-9999 ,  30.4, 1013.1,-0.014,-0.010,  130,   6.1,   4.3
07-May-2018 05:00, 7.305,-9999 ,  31.4, 1012.4, 0.004, 0.002,  127,   5.6,   4.6
07-May-2018 06:00, 7.689,-9999 ,  32.2, 1011.7, 0.038, 0.029,  107,   5.1,   2.6
07-May-2018 07:00, 7.525,-9999 ,  32.8, 1011.4, 0.033, 0.018,  118,   4.8,   1.9
07-May-2018 08:00, 6.854,-9999 ,  33.0, 1011.2, 0.004,-0.015,  133,   2.4,   1.1
07-May-2018 09:00, 6.010,-9999 ,  31.9, 1011.5, 0.022, 0.002,  161,   2.7,   0.3
07-May-2018 10:00, 5.124,-9999 ,  31.9, 1011.8, 0.034, 0.017,   89,   2.1,   1.3
07-May-2018 11:00, 4.283,-9999 ,  31.1, 1012.6, 0.021, 0.008,   82,   3.1,   2.4
07-May-2018 12:00, 3.700,-9999 ,  29.8, 1013.3,-0.014,-0.019,  160,   2.8,   1.6
07-May-2018 13:00, 3.636,-9999 ,  29.5, 1013.3,-0.012,-0.012,  201,   2.8,   2.5
07-May-2018 14:00, 4.119,-9999 ,  28.6, 1013.4,-0.024,-0.023,  232,   3.7,   3.2
07-May-2018 15:00, 4.843,-9999 ,  28.8, 1013.2,-0.044,-0.043,  198,   3.7,   2.9
07-May-2018 16:00, 5.639,-9999 ,  28.8, 1012.8,-0.008,-0.009,  151,   3.0,   2.1
07-May-2018 17:00, 6.404,-9999 ,  27.5, 1012.5, 0.029, 0.024,  133,   6.3,   3.4
07-May-2018 18:00, 6.951,-9999 ,  27.4, 1012.3, 0.057, 0.050,  133,   6.0,   4.6
07-May-2018 19:00, 7.077,-9999 ,  27.2, 1012.5, 0.035, 0.026,  101,   7.5,   4.5
07-May-2018 20:00, 6.702,-9999 ,  26.7, 1012.6,-0.031,-0.039,  108,   6.7,   4.4
07-May-2018 21:00, 6.067,-9999 ,-9999 , 1013.0,-0.039,-0.045,   97,   5.8,   4.7
07-May-2018 22:00, 5.399,-9999 ,-9999 , 1013.4, 0.002, 0.000,   92,   5.1,   4.5
07-May-2018 23:00, 4.785,-9999 ,-9999 , 1013.9, 0.027, 0.029,   87,   5.4,   4.6
08-May-2018 00:00, 4.359,-9999 ,-9999 , 1014.3, 0.014, 0.020,   97,   6.2,   5.2
08-May-2018 01:00, 4.315,-9999 ,-9999 , 1014.6, 0.027, 0.038,   98,  10.4,   8.9
08-May-2018 02:00, 4.679,-9999 ,-9999 , 1014.5, 0.016, 0.029,  107,  10.0,   7.4
08-May-2018 03:00, 5.254,-9999 ,-9999 , 1013.7,-0.034,-0.022,  109,   7.9,   5.9
08-May-2018 04:00, 5.868,-9999 ,-9999 , 1012.9,-0.046,-0.042,  115,   7.0,   6.2
08-May-2018 05:00, 6.469,-9999 ,-9999 , 1012.2,-0.020,-0.024,  107,   8.3,   7.3
08-May-2018 06:00, 6.923,-9999 ,-9999 , 1011.5, 0.040, 0.029,   98,   8.3,   5.8
08-May-2018 07:00, 7.029,-9999 ,-9999 , 1011.3, 0.028, 0.011,   91,   7.1,   3.7
08-May-2018 08:00, 6.769,-9999 ,-9999 , 1011.4,-0.029,-0.048,   79,   6.4,   4.2
08-May-2018 09:00, 6.292,-9999 ,-9999 , 1012.0,-0.025,-0.043,   48,   5.7,   3.5
08-May-2018 10:00, 5.696,-9999 ,-9999 , 1012.7,-0.011,-0.022,   36,   3.5,   1.7
08-May-2018 11:00, 5.043,-9999 ,-9999 , 1013.3,-0.037,-0.042,   24,   2.9,   2.5
08-May-2018 12:00, 4.513,-9999 ,-9999 , 1014.0,-0.047,-0.046,  354,   4.6,   3.8
08-May-2018 13:00, 4.303,-9999 ,-9999 , 1014.3, 0.026, 0.033,  330,   4.5,   3.7
08-May-2018 14:00, 4.371,-9999 ,-9999 , 1014.6, 0.030, 0.041,  198,   5.5,   3.9
08-May-2018 15:00, 4.608,-9999 ,-9999 , 1014.3,-0.081,-0.067,  178,   5.7,   3.2
08-May-2018 16:00, 5.089,-9999 ,-9999 , 1013.9,-0.037,-0.027,  186,   4.4,   3.2
08-May-2018 17:00, 5.678,-9999 ,-9999 , 1013.6, 0.055, 0.061,  193,   5.8,   4.9
08-May-2018 18:00, 6.135,-9999 ,-9999 , 1013.3, 0.043, 0.046,  189,   5.8,   4.5
08-May-2018 19:00, 6.426,-9999 ,-9999 , 1013.3, 0.011, 0.011,  192,   5.0,   3.4
08-May-2018 20:00, 6.524,-9999 ,-9999 , 1013.6, 0.022, 0.023,  163,   5.4,   4.6
08-May-2018 21:00, 6.320,-9999 ,-9999 , 1013.8, 0.017, 0.021,  331,   5.4,   0.5
08-May-2018 22:00, 5.907,-9999 ,-9999 , 1014.2,-0.008,-0.003,  300,   3.0,   0.8
08-May-2018 23:00, 5.497,-9999 ,-9999 , 1014.8, 0.011, 0.021,  331,   2.8,   0.8
09-May-2018 00:00, 5.163,-9999 ,-9999 , 1014.9, 0.033, 0.048,  239,   2.4,   0.7
09-May-2018 01:00, 4.973,-9999 ,-9999 , 1015.3, 0.054, 0.071,  241,   2.0,   0.7
09-May-2018 02:00, 4.957,-9999 ,-9999 , 1015.1, 0.040, 0.061,  242,   2.4,   0.8
09-May-2018 03:00, 5.097,-9999 ,-9999 , 1013.9,-0.028,-0.011,  219,   2.3,   0.6
09-May-2018 04:00, 5.360,-9999 ,-9999 , 1013.1,-0.049,-0.043,  212,   2.3,   0.3
09-May-2018 05:00, 5.698,-9999 ,-9999 , 1012.3,-0.034,-0.037,  239,   1.9,   0.3
09-May-2018 06:00, 6.041,-9999 ,-9999 , 1011.8,-0.011,-0.021,  249,   1.9,   0.4
09-May-2018 07:00, 6.295,-9999 ,-9999 , 1011.6, 0.002,-0.013,  240,   1.8,   0.3
09-May-2018 08:00, 6.407,-9999 ,-9999 , 1011.9,-0.016,-0.032,  251,   1.8,   0.3
09-May-2018 09:00, 6.352,-9999 ,-9999 , 1012.3,-0.030,-0.043,  273,   1.8,   0.1
09-May-2018 10:00, 6.131,-9999 ,-9999 , 1013.0,-0.024,-0.032,  126,   2.7,   1.1
09-May-2018 11:00, 5.787,-9999 ,-9999 , 1013.9,-0.021,-0.022,    3,   4.5,   3.0
09-May-2018 12:00, 5.419,-9999 ,-9999 , 1014.9,-0.005, 0.003,  246,   4.6,   1.7
09-May-2018 13:00, 5.109,-9999 ,-9999 , 1015.2, 0.040, 0.057,  210,   5.8,   5.2
09-May-2018 14:00, 4.870,-9999 ,-9999 , 1015.2, 0.048, 0.068,  209,   5.9,   4.3
09-May-2018 15:00, 4.742,-9999 ,-9999 , 1014.9,-0.007, 0.012,  219,   4.3,   3.5
09-May-2018 16:00, 4.762,-9999 ,-9999 , 1014.8,-0.041,-0.024,  198,   4.8,   0.0
09-May-2018 17:00, 4.971,-9999 ,-9999 , 1014.5,-0.010, 0.006,  177,   5.1,   4.2
09-May-2018 18:00, 5.267,-9999 ,-9999 , 1014.2,-0.019,-0.007,  155,   5.9,   5.1
09-May-2018 19:00, 5.585,-9999 ,-9999 , 1014.1,-0.062,-0.053,  114,   7.8,   5.2
09-May-2018 20:00, 5.913,-9999 ,-9999 , 1014.1,-0.077,-0.069,  120,   5.2,   3.2
09-May-2018 21:00, 6.181,-9999 ,-9999 , 1014.4,-0.030,-0.021,  112,   5.8,   2.8
09-May-2018 22:00, 6.298,-9999 ,-9999 , 1015.0, 0.053, 0.065,   83,   4.4,   1.3
09-May-2018 23:00, 6.202,-9999 ,-9999 , 1015.5, 0.077, 0.094,  329,   3.9,   0.7
10-May-2018 00:00, 5.981,-9999 ,-9999 , 1016.0, 0.051, 0.074,  342,   5.3,   0.7
10-May-2018 01:00, 5.721,-9999 ,-9999 , 1016.4, 0.035, 0.062,  317,   4.0,   1.1
10-May-2018 02:00, 5.467,-9999 ,-9999 , 1016.2, 0.038, 0.069,  333,   4.5,   1.0
10-May-2018 03:00, 5.209,-9999 ,-9999 , 1015.6,-0.027, 0.002,  316,   4.5,   0.7
10-May-2018 04:00, 4.972,-9999 ,-9999 , 1014.7,-0.146,-0.124,  137,   3.9,   1.0
10-May-2018 05:00, 4.932,-9999 ,-9999 , 1013.9,-0.164,-0.150,  225,   5.2,   1.0
10-May-2018 06:00, 5.135,-9999 ,-9999 , 1013.2,-0.076,-0.071,   84,   7.6,   1.7
10-May-2018 07:00, 5.452,-9999 ,-9999 , 1012.8, 0.005, 0.004,   91,   5.6,   2.0
10-May-2018 08:00, 5.760,-9999 ,-9999 , 1012.9,-0.017,-0.022,  135,   5.0,   0.9
10-May-2018 09:00, 6.087,-9999 ,-9999 , 1013.4,-0.024,-0.027,  141,   4.7,   1.1
10-May-2018 10:00, 6.360,-9999 ,-9999 , 1013.8, 0.024, 0.026,  117,   3.5,   1.4
10-May-2018 11:00, 6.416,-9999 ,-9999 , 1014.6, 0.040, 0.046,  109,   3.7,   1.0
10-May-2018 12:00, 6.245,-9999 ,-9999 , 1015.2, 0.004, 0.018,  138,   2.5,   0.8
10-May-2018 13:00, 5.940,-9999 ,-9999 , 1015.3,-0.007, 0.013,  144,   4.8,   1.4
10-May-2018 14:00, 5.546,-9999 ,-9999 , 1015.1, 0.016, 0.037,  118,   5.1,   1.1
10-May-2018 15:00, 5.137,-9999 ,-9999 , 1015.0, 0.031, 0.050,   66,   5.0,   1.5
10-May-2018 16:00, 4.754,-9999 ,-9999 , 1014.5, 0.003, 0.019,  340,   4.8,   1.3
10-May-2018 17:00, 4.487,-9999 ,-9999 , 1014.2,-0.045,-0.033,  110,   6.1,   1.3
10-May-2018 18:00, 4.498,-9999 ,-9999 , 1014.0,-0.045,-0.036,   70,   5.1,   1.6
10-May-2018 19:00, 4.786,-9999 ,-9999 , 1013.8,-0.013,-0.006,   25,   5.1,   1.4
10-May-2018 20:00, 5.214,-9999 ,-9999 , 1014.0,-0.055,-0.049,  213,   5.7,   0.8
10-May-2018 21:00, 5.706,-9999 ,-9999 , 1014.7,-0.106,-0.098,  127,   3.5,   1.1
10-May-2018 22:00, 6.206,-9999 ,-9999 , 1015.2,-0.079,-0.064,   11,   5.5,   1.0
10-May-2018 23:00, 6.598,-9999 ,-9999 , 1015.7, 0.012, 0.032,  355,   5.6,   1.4
11-May-2018 00:00, 6.730,-9999 ,-9999 , 1016.4, 0.052, 0.077,    3,   5.4,   1.6
11-May-2018 01:00, 6.546,-9999 ,-9999 , 1017.1, 0.007, 0.040,   93,   5.9,   0.7
11-May-2018 02:00, 6.149,-9999 ,-9999 , 1016.5,-0.006, 0.032,  318,   4.2,   1.2
11-May-2018 03:00, 5.632,-9999 ,-9999 , 1015.6,-0.011, 0.020,  275,   5.9,   1.3
11-May-2018 04:00, 5.094,-9999 ,-9999 , 1015.0,-0.028,-0.005,  163,   5.3,   1.3
11-May-2018 05:00, 4.602,-9999 ,-9999 , 1013.8,-0.081,-0.065,  142,   5.6,   1.4
11-May-2018 06:00, 4.324,-9999 ,-9999 , 1013.2,-0.131,-0.126,   57,   7.7,   1.7
11-May-2018 07:00, 4.458,-9999 ,-9999 , 1012.8,-0.058,-0.059,  103,   7.4,   2.2
11-May-2018 08:00, 4.905,-9999 ,-9999 , 1012.5,-0.004,-0.008,  105,   7.1,   2.2
11-May-2018 09:00, 5.493,-9999 ,-9999 , 1012.8,-0.022,-0.029,   90,   6.5,   1.8
11-May-2018 10:00, 6.136,-9999 ,-9999 , 1013.6,-0.015,-0.019,  119,   5.4,   2.1
11-May-2018 11:00, 6.689,-9999 ,-9999 , 1014.4, 0.031, 0.035,  152,   8.0,   6.4
11-May-2018 12:00, 6.990,-9999 ,-9999 , 1015.0, 0.064, 0.076,  144,   8.3,   7.2
11-May-2018 13:00,-9999 ,-9999 ,-9999 , 1015.3,-9999 ,-9999 ,  148,  10.0,   3.6
11-May-2018 14:00,-9999 ,-9999 ,-9999 ,-9999.0,-9999 ,-9999 ,-9999,   9.4,-9999
11-May-2018 15:00,-9999 ,-9999 ,-9999 ,-9999.0,-9999 ,-9999 ,-9999,-9999 ,-9999
11-May-2018 16:00,-9999 ,-9999 ,-9999 ,-9999.0,-9999 ,-9999 ,-9999,-9999 ,-9999
11-May-2018 17:00,-9999 ,-9999 ,-9999 ,-9999.0,-9999 ,-9999 ,-9999,-9999 ,-9999
11-May-2018 18:00,-9999 ,-9999 ,-9999 ,-9999.0,-9999 ,-9999 ,-9999,-9999 ,-9999
11-May-2018 19:00,-9999 ,-9999 ,-9999 ,-9999.0,-9999 ,-9999 ,-9999,-9999 ,-9999
11-May-2018 20:00,-9999 ,-9999 ,-9999 ,-9999.0,-9999 ,-9999 ,-9999,-9999 ,-9999
11-May-2018 21:00,-9999 ,-9999 ,-9999 ,-9999.0,-9999 ,-9999 ,-9999,-9999 ,-9999
11-May-2018 22:00,-9999 ,-9999 ,-9999 ,-9999.0,-9999 ,-9999 ,-9999,-9999 ,-9999
11-May-2018 23:00,-9999 ,-9999 ,-9999 ,-9999.0,-9999 ,-9999 ,-9999,-9999 ,-9999
12-May-2018 00:00,-9999 ,-9999 ,-9999 ,-9999.0,-9999 ,-9999 ,-9999,-9999 ,-9999
12-May-2018 01:00,-9999 ,-9999 ,-9999 ,-9999.0,-9999 ,-9999 ,-9999,-9999 ,-9999
12-May-2018 02:00,-9999 ,-9999 ,-9999 ,-9999.0,-9999 ,-9999 ,-9999,-9999 ,-9999
12-May-2018 03:00,-9999 ,-9999 ,-9999 ,-9999.0,-9999 ,-9999 ,-9999,-9999 ,-9999
12-May-2018 04:00,-9999 ,-9999 ,-9999 ,-9999.0,-9999 ,-9999 ,-9999,-9999 ,-9999
12-May-2018 05:00,-9999 ,-9999 ,-9999 ,-9999.0,-9999 ,-9999 ,-9999,-9999 ,-9999
12-May-2018 06:00,-9999 ,-9999 ,-9999 ,-9999.0,-9999 ,-9999 ,-9999,-9999 ,-9999
12-May-2018 07:00,-9999 ,-9999 ,-9999 ,-9999.0,-9999 ,-9999 ,-9999,-9999 ,-9999
12-May-2018 08:00,-9999 ,-9999 ,-9999 ,-9999.0,-9999 ,-9999 ,-9999,-9999 ,-9999
12-May-2018 09:00,-9999 ,-9999 ,-9999 ,-9999.0,-9999 ,-9999 ,-9999,-9999 ,-9999
12-May-2018 10:00,-9999 ,-9999 ,-9999 ,-9999.0,-9999 ,-9999 ,-9999,-9999 ,-9999
12-May-2018 11:00,-9999 ,-9999 ,-9999 ,-9999.0,-9999 ,-9999 ,-9999,-9999 ,-9999
12-May-2018 12:00,-9999 ,-9999 ,-9999 ,-9999.0,-9999 ,-9999 ,-9999,-9999 ,-9999
12-May-2018 13:00,-9999 ,-9999 ,-9999 ,-9999.0,-9999 ,-9999 ,-9999,-9999 ,-9999
12-May-2018 14:00,-9999 ,-9999 ,-9999 , 1016.9,-9999 ,-9999 ,  148,  13.6,   5.5
12-May-2018 15:00, 6.621,-9999 ,-9999 , 1016.7,-0.011, 0.025,  142,  15.0,  11.8
12-May-2018 16:00, 5.535,-9999 ,-9999 , 1016.6,-0.060,-0.025,  139,  15.3,  12.5
12-May-2018 17:00, 4.564,-9999 ,-9999 , 1016.2,-0.096,-0.063,  124,  15.8,  11.0
12-May-2018 18:00, 3.654,-9999 ,-9999 , 1016.1,-0.113,-0.084,  127,  15.7,   9.8
12-May-2018 19:00, 3.166,-9999 ,-9999 , 1015.8,-0.130,-0.102,  127,  13.7,   9.0
12-May-2018 20:00, 3.289,-9999 ,-9999 , 1015.6,-0.127,-0.102,  128,  12.4,   8.8
12-May-2018 21:00, 4.100,-9999 ,-9999 , 1015.8,-0.118,-0.095,  125,  12.6,   7.0
12-May-2018 22:00, 5.249,-9999 ,-9999 , 1016.5,-0.094,-0.068,  124,  10.5,   5.6
12-May-2018 23:00, 6.415,-9999 ,-9999 , 1017.2,-0.085,-0.052,  123,  10.6,   4.4
13-May-2018 00:00, 7.418,-9999 ,  20.3, 1017.4,-0.096,-0.056,  116,  10.9,   5.6
13-May-2018 01:00, 8.051,-9999 ,  22.5, 1017.1,-0.045,-0.004,  110,  11.0,   7.0
13-May-2018 02:00, 7.990,-9999 ,  24.3, 1016.5,-0.017, 0.020,  111,  17.1,   9.6
13-May-2018 03:00, 7.234,-9999 ,  25.1, 1016.0,-0.008, 0.023,  115,  15.4,  10.0
13-May-2018 04:00, 6.169,-9999 ,  25.6, 1015.1, 0.021, 0.048,  112,  15.7,   8.3
13-May-2018 05:00, 5.001,-9999 ,  26.5, 1014.1, 0.025, 0.042,  115,  12.6,   9.0
13-May-2018 06:00, 3.861,-9999 ,  26.9, 1013.6, 0.007, 0.014,  121,  11.9,   9.9
13-May-2018 07:00, 2.973,-9999 ,  27.5, 1013.6,-0.063,-0.059,  131,  11.2,   9.0
13-May-2018 08:00, 2.756,-9999 ,  27.4, 1013.6,-0.075,-0.072,  140,  12.7,   9.8
13-May-2018 09:00, 3.468,-9999 ,  27.4, 1014.3,-0.010,-0.006,  132,  12.4,   9.4
13-May-2018 10:00, 4.667,-9999 ,  27.2, 1015.1, 0.012, 0.023,  136,  12.0,  10.0
13-May-2018 11:00, 5.922,-9999 ,  26.8, 1016.5,-0.022,-0.002,  136,  12.4,   9.3
13-May-2018 12:00, 7.085,-9999 ,  25.5, 1017.2,-0.096,-0.063,  148,  12.1,  10.3
13-May-2018 13:00, 7.922,-9999 ,  24.9, 1017.3,-0.137,-0.097,  147,  13.6,  11.0
13-May-2018 14:00, 8.084,-9999 ,  24.8, 1017.2,-0.148,-0.108,  141,  14.7,  11.6
13-May-2018 15:00, 7.502,-9999 ,  23.7, 1017.0,-0.090,-0.051,  147,  14.5,  11.2
13-May-2018 16:00, 6.475,-9999 ,  23.2, 1016.7, 0.003, 0.040,  142,  14.4,  11.5
13-May-2018 17:00, 5.246,-9999 ,  22.5, 1016.3,-0.002, 0.032,  140,  14.5,  11.5
13-May-2018 18:00, 4.004,-9999 ,  21.9, 1015.9,-0.024, 0.006,  128,  13.7,  10.6
13-May-2018 19:00, 2.994,-9999 ,  20.3, 1015.7,-0.043,-0.017,  122,  12.5,   9.7
13-May-2018 20:00, 2.515,-9999 ,  19.7, 1015.6,-0.100,-0.076,  118,  11.4,   9.8
13-May-2018 21:00, 3.018,-9999 ,  19.4, 1015.9,-0.118,-0.094,  124,  11.4,   8.4
13-May-2018 22:00, 4.324,-9999 ,  19.2, 1016.3,-0.087,-0.060,  123,   9.6,   8.1
13-May-2018 23:00, 5.799,-9999 ,  19.2, 1016.9,-0.073,-0.042,  117,   9.6,   7.8
14-May-2018 00:00, 7.138,-9999 ,  19.4, 1017.2,-0.171,-0.135,  109,  10.4,   8.4
14-May-2018 01:00, 8.301,-9999 ,  21.3, 1017.2,-0.143,-0.103,  109,  13.0,  10.3
14-May-2018 02:00, 8.760,-9999 ,  23.3, 1016.6,-0.085,-0.046,  106,  12.9,  11.4
14-May-2018 03:00, 8.242,-9999 ,  24.2, 1015.5,-0.050,-0.018,  112,  14.4,  11.5
14-May-2018 04:00, 7.099,-9999 ,  25.3, 1014.6, 0.028, 0.050,  112,  14.5,  11.3
14-May-2018 05:00, 5.769,-9999 ,  26.1, 1013.8, 0.089, 0.101,  122,  13.3,   9.5
14-May-2018 06:00, 4.346,-9999 ,  26.7, 1013.5, 0.091, 0.096,  129,  11.6,   7.9
14-May-2018 07:00, 3.028,-9999 ,  27.3, 1013.4, 0.079, 0.081,  130,  11.4,   8.7
14-May-2018 08:00, 2.129,-9999 ,  27.1, 1013.6, 0.003, 0.004,  129,  10.3,   7.5
14-May-2018 09:00, 2.250,-9999 ,  27.1, 1014.5,-0.031,-0.027,  125,  10.8,   8.1
14-May-2018 10:00, 3.426,-9999 ,  27.1, 1015.1,-0.029,-0.016,  142,  10.0,   8.3
14-May-2018 11:00, 4.941,-9999 ,  26.7, 1015.7,-0.049,-0.030,  142,  10.8,   8.9
14-May-2018 12:00, 6.486,-9999 ,  25.7, 1016.7,-0.076,-0.050,  151,  11.5,   9.1
14-May-2018 13:00, 7.884,-9999 ,  24.7, 1017.1,-0.100,-0.065,  149,  12.2,  10.4
14-May-2018 14:00, 8.674,-9999 ,  24.4, 1017.2,-0.105,-0.067,  145,  13.2,  10.8
14-May-2018 15:00, 8.434,-9999 ,  24.3, 1016.7,-0.129,-0.091,  143,  14.4,  11.0
14-May-2018 16:00, 7.414,-9999 ,  22.8, 1016.4,-0.062,-0.028,  143,  12.9,  10.5
14-May-2018 17:00, 6.095,-9999 ,  22.9, 1016.2, 0.001, 0.033,  138,  13.0,  11.2
14-May-2018 18:00, 4.642,-9999 ,  22.9, 1015.5,-0.034,-0.005,  129,  14.9,  11.9
14-May-2018 19:00, 3.286,-9999 ,  21.3, 1015.3,-0.015, 0.007,  132,  14.2,  10.3
14-May-2018 20:00, 2.279,-9999 ,  20.7, 1015.5,-0.005, 0.016,  124,  12.1,   8.3
14-May-2018 21:00, 2.136,-9999 ,  19.5, 1015.7,-0.028,-0.006,  130,  12.1,   8.4
14-May-2018 22:00, 3.183,-9999 ,  19.5, 1016.1,-0.069,-0.045,  125,  11.2,   8.8
14-May-2018 23:00, 4.805,-9999 ,  19.4, 1016.5,-0.127,-0.098,  125,  12.6,   9.7
15-May-2018 00:00, 6.503,-9999 ,  19.4, 1016.7,-0.156,-0.124,  124,  12.2,  10.1
15-May-2018 01:00, 8.065,-9999 ,  20.7, 1017.0,-0.207,-0.172,  110,  11.2,   6.2
15-May-2018 02:00, 9.110,-9999 ,  24.8, 1016.3,-0.193,-0.156,  112,  15.3,  13.1
15-May-2018 03:00, 9.149,-9999 ,  25.3, 1015.5,-0.111,-0.082,  100,  15.3,  12.9
15-May-2018 04:00, 8.144,-9999 ,  26.1, 1014.7,-0.017, 0.005,  108,  14.5,  11.0
15-May-2018 05:00, 6.692,-9999 ,  26.8, 1013.7, 0.078, 0.091,  115,  13.8,  10.1
15-May-2018 06:00, 5.130,-9999 ,  27.1, 1013.0, 0.102, 0.106,  127,  12.6,   9.8
15-May-2018 07:00, 3.515,-9999 ,  27.3, 1012.8, 0.095, 0.092,  128,  13.2,   9.2
15-May-2018 08:00, 2.108,-9999 ,  27.5, 1013.0, 0.070, 0.066,  120,  12.8,  10.1
15-May-2018 09:00, 1.447,-9999 ,  27.0, 1013.6, 0.015, 0.012,  126,  11.7,   7.9
15-May-2018 10:00, 2.179,-9999 ,  26.9, 1014.4, 0.024, 0.028,  134,  10.4,   8.2
15-May-2018 11:00, 3.747,-9999 ,  26.6, 1015.2,-0.034,-0.021,  146,  10.1,   9.0
15-May-2018 12:00, 5.459,-9999 ,  25.4, 1015.8,-0.099,-0.079,  151,  12.3,   9.5
15-May-2018 13:00, 7.156,-9999 ,  24.7, 1016.1,-0.179,-0.153,  149,  11.7,   9.5
15-May-2018 14:00, 8.547,-9999 ,  24.8, 1016.1,-0.215,-0.187,  141,  13.1,  10.1
15-May-2018 15:00, 9.060,-9999 ,  24.1, 1016.1,-0.168,-0.140,  137,  13.7,  10.4
15-May-2018 16:00, 8.388,-9999 ,  23.7, 1016.0,-0.111,-0.083,  134,  13.4,  10.3
15-May-2018 17:00, 7.065,-9999 ,  23.0, 1016.0,-0.012, 0.015,  139,  12.9,  10.2
15-May-2018 18:00, 5.564,-9999 ,  21.6, 1015.6, 0.016, 0.043,  144,  13.7,  10.9
15-May-2018 19:00, 3.965,-9999 ,  21.2, 1015.3,-0.024,-0.001,  143,  14.1,  12.3
15-May-2018 20:00, 2.530,-9999 ,  20.8, 1015.2,-0.019, 0.001,  139,  14.5,  11.8
15-May-2018 21:00, 1.654,-9999 ,  20.0, 1015.3,-0.044,-0.025,  138,  14.3,  11.0
15-May-2018 22:00, 2.073,-9999 ,  18.9, 1015.7,-0.058,-0.037,  132,  13.4,  11.0
15-May-2018 23:00, 3.645,-9999 ,  18.7, 1016.3,-0.114,-0.089,  132,  13.4,  11.1
16-May-2018 00:00, 5.520,-9999 ,  19.8, 1016.6,-0.171,-0.141,  130,  13.6,  11.2
16-May-2018 01:00, 7.398,-9999 ,  21.3, 1016.8,-0.195,-0.161,  123,  13.5,   9.1
16-May-2018 02:00, 8.997,-9999 ,  24.3, 1016.5,-0.192,-0.157,  107,  15.2,  12.1
16-May-2018 03:00, 9.660,-9999 ,  25.1, 1015.4,-0.189,-0.158,  116,  18.4,  14.5
16-May-2018 04:00, 9.084,-9999 ,  25.5, 1014.8,-0.131,-0.110,  118,  17.4,  11.9
16-May-2018 05:00, 7.684,-9999 ,  25.9, 1013.8,-0.012, 0.002,  129,  15.7,  12.0
16-May-2018 06:00, 6.056,-9999 ,  26.3, 1013.4, 0.058, 0.063,  129,  14.1,  10.5
16-May-2018 07:00, 4.326,-9999 ,  26.9, 1013.1, 0.050, 0.051,  129,  13.9,  10.8
16-May-2018 08:00, 2.653,-9999 ,  26.6, 1013.0, 0.078, 0.076,  130,  13.3,  10.3
16-May-2018 09:00, 1.325,-9999 ,  26.6, 1013.4, 0.028, 0.025,  130,  12.8,  10.5
16-May-2018 10:00, 1.139,-9999 ,  25.7, 1014.6,-0.036,-0.033,  133,  11.9,   9.0
16-May-2018 11:00, 2.412,-9999 ,  25.5, 1015.2,-0.067,-0.054,  145,  11.4,   9.8
16-May-2018 12:00, 4.205,-9999 ,  24.3, 1016.0,-0.148,-0.127,  149,  12.1,   9.2
16-May-2018 13:00, 6.086,-9999 ,  24.1, 1016.0,-0.187,-0.160,  143,  14.6,  11.4
16-May-2018 14:00, 7.877,-9999 ,  23.7, 1016.3,-0.242,-0.214,  142,  14.8,  11.7
16-May-2018 15:00, 9.082,-9999 ,  22.8, 1016.4,-0.231,-0.200,  147,  14.5,  11.5
16-May-2018 16:00, 9.093,-9999 ,  22.8, 1016.4,-0.170,-0.139,  142,  14.8,  10.6
16-May-2018 17:00, 8.010,-9999 ,  22.2, 1016.0,-0.078,-0.047,  142,  13.8,  11.6
16-May-2018 18:00, 6.474,-9999 ,  21.6, 1015.5,-0.043,-0.016,  140,  14.8,  11.9
16-May-2018 19:00, 4.843,-9999 ,  20.9, 1015.2,-0.060,-0.038,  141,  14.2,  10.7
16-May-2018 20:00, 3.251,-9999 ,  19.7, 1015.0,-0.018, 0.001,  140,  13.6,  11.2
16-May-2018 21:00, 1.901,-9999 ,  19.2, 1015.4,-0.015, 0.003,  138,  13.2,   9.7
16-May-2018 22:00, 1.433,-9999 ,  18.4, 1016.0,-0.060,-0.039,  133,  11.7,   9.7
16-May-2018 23:00, 2.504,-9999 ,  18.1, 1016.7,-0.068,-0.040,  137,  11.3,   9.3
17-May-2018 00:00, 4.379,-9999 ,  18.4, 1016.9,-0.149,-0.115,  136,  11.9,   9.1
17-May-2018 01:00, 6.402,-9999 ,  20.4, 1016.7,-0.162,-0.125,  128,  12.3,  10.2
17-May-2018 02:00, 8.319,-9999 ,  23.4, 1015.9,-0.175,-0.141,  116,  18.8,  14.4
17-May-2018 03:00, 9.571,-9999 ,  24.0, 1015.2,-0.257,-0.231,  119,  18.2,  14.3
17-May-2018 04:00, 9.729,-9999 ,  24.5, 1014.3,-0.193,-0.174,  120,  18.3,  12.2
17-May-2018 05:00, 8.719,-9999 ,  25.0, 1013.5,-0.037,-0.028,  129,  14.5,  10.3
17-May-2018 06:00, 7.098,-9999 ,  25.6, 1013.0, 0.044, 0.046,  132,  13.3,  10.1
17-May-2018 07:00, 5.359,-9999 ,  25.9, 1013.0, 0.043, 0.040,  133,  12.9,   8.7
17-May-2018 08:00, 3.559,-9999 ,  25.8, 1013.1, 0.040, 0.038,  131,  12.8,   9.7
17-May-2018 09:00, 1.929,-9999 ,  25.9, 1013.9, 0.060, 0.060,  132,  11.8,   9.3
17-May-2018 10:00, 0.944,-9999 ,  25.1, 1014.8, 0.007, 0.014,  134,  10.3,   7.4
17-May-2018 11:00, 1.447,-9999 ,  24.7, 1015.6,-0.001, 0.015,  137,   9.1,   7.2
17-May-2018 12:00, 3.076,-9999 ,  23.5, 1016.3,-0.051,-0.026,  158,   8.5,   6.6
17-May-2018 13:00, 4.936,-9999 ,  23.1, 1016.3,-0.115,-0.084,  148,  10.5,   8.4
17-May-2018 14:00, 6.829,-9999 ,  23.2, 1016.2,-0.184,-0.154,  140,  11.3,   9.4
17-May-2018 15:00, 8.486,-9999 ,  22.5, 1016.2,-0.241,-0.212,  144,  12.8,  10.4
17-May-2018 16:00, 9.275,-9999 ,  22.1, 1015.8,-0.201,-0.172,  142,  13.9,  10.1
17-May-2018 17:00, 8.730,-9999 ,  22.1, 1015.3,-0.162,-0.137,  137,  15.9,  11.7
17-May-2018 18:00, 7.398,-9999 ,  21.3, 1015.2,-0.077,-0.057,  137,  15.4,  10.4
17-May-2018 19:00, 5.890,-9999 ,  19.8, 1014.7, 0.001, 0.020,  134,  12.9,  10.9
17-May-2018 20:00, 4.247,-9999 ,  19.7, 1015.0, 0.013, 0.028,  131,  13.7,  10.6
17-May-2018 21:00, 2.655,-9999 ,  18.5, 1014.8, 0.005, 0.022,  123,  12.8,   8.8
17-May-2018 22:00, 1.590,-9999 ,  17.8, 1014.8,-0.005, 0.010,  122,  12.2,   9.3
17-May-2018 23:00, 1.767,-9999 ,  17.4, 1015.6,-0.024,-0.008,  122,  12.3,   9.7
18-May-2018 00:00, 3.288,-9999 ,-9999 , 1016.2,-0.075,-0.051,  125,  11.5,   8.7
18-May-2018 01:00, 5.319,-9999 ,-9999 , 1016.1,-0.067,-0.037,  119,  11.4,   8.3
18-May-2018 02:00, 7.348,-9999 ,-9999 , 1015.1,-0.041,-0.014,  110,  14.2,  12.7
18-May-2018 03:00, 8.987,-9999 ,-9999 , 1014.3,-0.160,-0.143,  114,  14.5,  12.0
18-May-2018 04:00, 9.813,-9999 ,-9999 , 1013.6,-0.197,-0.187,  120,  13.7,  10.3
18-May-2018 05:00, 9.413,-9999 ,-9999 , 1012.7,-0.104,-0.101,  114,  13.3,   9.1
18-May-2018 06:00, 8.037,-9999 ,-9999 , 1012.3,-0.015,-0.021,  107,  10.6,   7.9
18-May-2018 07:00, 6.403,-9999 ,-9999 , 1012.2, 0.033, 0.023,  122,   9.3,   6.1
18-May-2018 08:00, 4.658,-9999 ,-9999 , 1012.4, 0.014, 0.004,  143,   8.8,   7.0
18-May-2018 09:00, 2.939,-9999 ,-9999 , 1012.9, 0.054, 0.046,  138,   9.3,   8.1
18-May-2018 10:00, 1.513,-9999 ,-9999 , 1013.5, 0.029, 0.026,  141,   9.1,   6.6
18-May-2018 11:00, 1.104,-9999 ,-9999 , 1014.4, 0.002, 0.005,  141,   8.4,   6.8
18-May-2018 12:00, 2.188,-9999 ,-9999 , 1015.0, 0.038, 0.050,  148,   9.0,   7.3
18-May-2018 13:00, 3.892,-9999 ,-9999 , 1015.2,-0.014, 0.004,  153,   9.5,   8.3
18-May-2018 14:00, 5.705,-9999 ,-9999 , 1014.9,-0.045,-0.026,  152,  11.7,   9.9
18-May-2018 15:00, 7.475,-9999 ,-9999 , 1014.8,-0.135,-0.119,  150,  13.3,  11.3
18-May-2018 16:00, 8.799,-9999 ,-9999 , 1014.4,-0.192,-0.177,  153,  12.9,   9.2
18-May-2018 17:00, 9.040,-9999 ,  22.2, 1013.8,-0.171,-0.160,  135,  12.7,  10.2
18-May-2018 18:00, 8.115,-9999 ,  21.6, 1013.4,-0.135,-0.130,  130,  12.2,  10.0
18-May-2018 19:00, 6.736,-9999 ,  20.7, 1013.4,-0.070,-0.069,  124,  11.9,   7.6
18-May-2018 20:00, 5.237,-9999 ,  20.2, 1013.3,-0.032,-0.030,  121,   9.6,   8.4
18-May-2018 21:00, 3.689,-9999 ,-9999 , 1013.3, 0.025, 0.025,  128,  10.8,   8.7
18-May-2018 22:00, 2.367,-9999 ,-9999 , 1013.6, 0.061, 0.062,  128,  10.0,   7.7
18-May-2018 23:00, 1.760,-9999 ,-9999 , 1014.2, 0.023, 0.027,  127,   9.5,   8.1
19-May-2018 00:00, 2.537,-9999 ,  19.2, 1014.5, 0.013, 0.022,  122,   9.5,   8.3
19-May-2018 01:00, 4.239,-9999 ,  19.6, 1014.8,-0.032,-0.019,  103,   9.7,   4.4
19-May-2018 02:00, 6.132,-9999 ,  23.7, 1014.4,-0.028,-0.013,  105,  10.1,   7.6
19-May-2018 03:00, 7.920,-9999 ,  24.7, 1013.7,-0.065,-0.054,  118,  10.3,   8.0
19-May-2018 04:00, 9.236,-9999 ,  25.1, 1012.9,-0.136,-0.133,  107,  10.1,   7.4
19-May-2018 05:00, 9.559,-9999 ,  25.6, 1012.3,-0.136,-0.140,  111,   9.8,   6.4
19-May-2018 06:00, 8.711,-9999 ,  25.7, 1011.8,-0.078,-0.088,  128,   7.2,   4.9
19-May-2018 07:00, 7.260,-9999 ,  26.8, 1011.5,-0.033,-0.048,  128,   8.6,   7.5
19-May-2018 08:00, 5.708,-9999 ,  26.1, 1011.7,-0.026,-0.043,  123,   8.8,   6.0
19-May-2018 09:00, 4.086,-9999 ,  26.3, 1012.5,-0.002,-0.016,  136,  10.2,   8.5
19-May-2018 10:00, 2.593,-9999 ,  25.9, 1013.2, 0.055, 0.048,  129,  10.3,   8.0
19-May-2018 11:00, 1.591,-9999 ,  25.1, 1013.7, 0.030, 0.030,  142,   8.6,   7.7
19-May-2018 12:00, 1.770,-9999 ,  24.1, 1014.3, 0.023, 0.028,  143,   9.4,   8.0
19-May-2018 13:00, 3.031,-9999 ,  23.1, 1014.7,-0.007, 0.004,  150,  10.4,   8.4
19-May-2018 14:00, 4.568,-9999 ,  22.3, 1014.4,-0.077,-0.063,  151,  12.7,   9.7
19-May-2018 15:00, 6.169,-9999 ,  22.6, 1014.0,-0.149,-0.138,  146,  14.4,  11.4
19-May-2018 16:00, 7.659,-9999 ,  21.9, 1013.7,-0.251,-0.244,  139,  14.3,  10.2
19-May-2018 17:00, 8.610,-9999 ,  21.5, 1013.9,-0.236,-0.231,  126,  12.6,   9.4
19-May-2018 18:00, 8.437,-9999 ,  20.1, 1013.6,-0.189,-0.183,  124,  10.5,   9.2
19-May-2018 19:00, 7.385,-9999 ,  19.8, 1013.6,-0.143,-0.139,  127,  10.8,   9.2
19-May-2018 20:00, 6.109,-9999 ,-9999 , 1013.6,-0.080,-0.077,  124,  11.8,   9.4
19-May-2018 21:00, 4.706,-9999 ,-9999 , 1013.9,-0.052,-0.049,  125,  10.4,   9.4
19-May-2018 22:00, 3.333,-9999 ,-9999 , 1014.4,-0.024,-0.017,  121,  10.0,   8.2
19-May-2018 23:00, 2.328,-9999 ,-9999 , 1015.1,-0.044,-0.032,  111,  10.3,   6.8
20-May-2018 00:00, 2.256,-9999 ,-9999 , 1015.5,-0.070,-0.051,  106,   8.2,   4.6
20-May-2018 01:00, 3.355,-9999 ,-9999 , 1015.5,-0.085,-0.062,  105,  10.5,   7.1
20-May-2018 02:00, 4.958,-9999 ,-9999 , 1014.9,-0.106,-0.084,  104,  11.7,   9.3
20-May-2018 03:00, 6.599,-9999 ,-9999 , 1014.2,-0.103,-0.088,  110,  12.0,   9.6
20-May-2018 04:00, 8.086,-9999 ,-9999 , 1013.6,-0.108,-0.099,  102,  11.2,   8.5
20-May-2018 05:00, 9.028,-9999 ,  25.9, 1012.8,-0.091,-0.088,  102,  10.3,   7.8
20-May-2018 06:00, 8.949,-9999 ,  26.4, 1012.3,-0.063,-0.068,  105,   8.4,   6.6
20-May-2018 07:00, 7.944,-9999 ,  27.1, 1012.1,-0.023,-0.032,  117,   6.9,   3.2
20-May-2018 08:00, 6.624,-9999 ,  25.6, 1012.1, 0.002,-0.010,  156,   4.8,   4.1
20-May-2018 09:00, 5.210,-9999 ,  27.2, 1012.6,-0.018,-0.029,  143,  10.1,   7.3
20-May-2018 10:00, 3.799,-9999 ,  26.6, 1013.3, 0.010, 0.005,  143,   7.5,   6.5
20-May-2018 11:00, 2.642,-9999 ,  24.2, 1014.2, 0.049, 0.050,  123,   7.0,   4.9
20-May-2018 12:00, 2.099,-9999 ,  23.3, 1014.8, 0.014, 0.024,  150,   6.0,   5.3
20-May-2018 13:00, 2.605,-9999 ,  23.2, 1015.3,-0.028,-0.012,  159,   9.5,   8.2
20-May-2018 14:00, 3.809,-9999 ,  22.7, 1015.2,-0.046,-0.026,  151,  10.2,   8.3
20-May-2018 15:00, 5.143,-9999 ,  21.9, 1014.7,-0.073,-0.054,  152,  12.1,   8.7
20-May-2018 16:00, 6.483,-9999 ,  22.3, 1014.2,-0.142,-0.128,  141,  10.4,   8.1
20-May-2018 17:00, 7.658,-9999 ,  22.5, 1013.9,-0.184,-0.175,  136,  11.2,   9.7
20-May-2018 18:00, 8.206,-9999 ,  21.2, 1013.3,-0.166,-0.160,  125,  11.6,   6.4
20-May-2018 19:00, 7.781,-9999 ,  21.0, 1013.2,-0.141,-0.141,  124,   9.9,   8.2
20-May-2018 20:00, 6.773,-9999 ,  20.6, 1012.9,-0.123,-0.124,  127,  10.2,   8.4
20-May-2018 21:00, 5.649,-9999 ,  20.3, 1013.5,-0.074,-0.077,  121,   9.4,   7.4
20-May-2018 22:00, 4.480,-9999 ,  19.9, 1014.2,-0.016,-0.013,  113,   8.1,   6.4
20-May-2018 23:00, 3.429,-9999 ,  18.9, 1014.6, 0.004, 0.014,  100,   6.8,   5.2
21-May-2018 00:00, 2.820,-9999 ,-9999 , 1015.0,-0.022,-0.009,  101,   8.2,   6.7
21-May-2018 01:00, 3.108,-9999 ,-9999 , 1015.3,-0.036,-0.019,  115,   7.9,   5.2
21-May-2018 02:00, 4.226,-9999 ,-9999 , 1014.8,-0.018, 0.002,  103,  13.0,   9.1
21-May-2018 03:00, 5.558,-9999 ,-9999 , 1014.0,-0.023,-0.008,  102,  10.2,   8.6
21-May-2018 04:00, 6.829,-9999 ,  26.0, 1013.0,-0.058,-0.052,  101,  11.0,   8.8
21-May-2018 05:00, 7.912,-9999 ,  26.2, 1012.6,-0.052,-0.055,  107,   9.7,   7.2
21-May-2018 06:00, 8.496,-9999 ,  26.6, 1013.0,-0.002,-0.009,  109,   7.9,   5.2
21-May-2018 07:00, 8.193,-9999 ,  26.2, 1013.0,-0.001,-0.003,  116,   7.4,   5.3
21-May-2018 08:00, 7.225,-9999 ,  26.9, 1013.3,-0.029,-0.031,  127,   7.3,   6.2
21-May-2018 09:00, 6.094,-9999 ,  26.4, 1014.2,-0.042,-0.041,  135,   7.6,   6.6
21-May-2018 10:00, 4.899,-9999 ,  26.6, 1014.7,-0.062,-0.052,  138,   7.6,   7.3
21-May-2018 11:00, 3.794,-9999 ,  25.1, 1015.6,-0.048,-0.032,  151,   7.4,   5.4
21-May-2018 12:00, 2.995,-9999 ,  24.3, 1016.1,-0.032,-0.008,  160,   6.3,   5.3
21-May-2018 13:00, 2.817,-9999 ,  23.9, 1016.5,-0.039,-0.010,  156,   5.8,   4.7
21-May-2018 14:00, 3.396,-9999 ,  23.3, 1015.9,-0.058,-0.027,  160,   6.4,   5.1
21-May-2018 15:00, 4.357,-9999 ,  23.3, 1015.7,-0.076,-0.049,  157,   6.6,   5.5
21-May-2018 16:00, 5.437,-9999 ,  22.9, 1015.0,-0.084,-0.061,  150,   6.6,   4.8
21-May-2018 17:00, 6.518,-9999 ,  23.2, 1014.6,-0.084,-0.066,  124,   5.5,   3.8
21-May-2018 18:00, 7.398,-9999 ,  22.8, 1013.8,-0.074,-0.061,  128,   4.8,   3.6
21-May-2018 19:00, 7.710,-9999 ,  22.5, 1013.4,-0.049,-0.043,  126,   4.2,   3.6
21-May-2018 20:00, 7.293,-9999 ,  22.5, 1013.3,-0.019,-0.018,  136,   5.9,   4.4
21-May-2018 21:00, 6.435,-9999 ,  22.8, 1013.8,-0.039,-0.038,  138,   5.6,   4.3
21-May-2018 22:00, 5.467,-9999 ,  22.3, 1014.3,-0.052,-0.046,  125,   6.8,   5.1
21-May-2018 23:00, 4.538,-9999 ,  22.0, 1014.7,-0.046,-0.035,  120,   6.1,   5.4
22-May-2018 00:00, 3.798,-9999 ,  22.1, 1014.6,-0.047,-0.033,  110,   8.6,   7.4
22-May-2018 01:00, 3.504,-9999 ,  22.4, 1015.5,-0.027,-0.013,  113,   8.5,   5.7
22-May-2018 02:00, 3.856,-9999 ,  24.2, 1015.1,-0.028,-0.005,  118,   9.7,   8.6
22-May-2018 03:00, 4.679,-9999 ,  24.5, 1014.4,-0.048,-0.030,  113,  10.0,   7.3
22-May-2018 04:00, 5.701,-9999 ,  25.9, 1014.0,-0.028,-0.016,  106,   9.1,   8.1
22-May-2018 05:00, 6.653,-9999 ,  25.9, 1012.7,-0.016,-0.010,  106,  10.5,   9.2
22-May-2018 06:00, 7.364,-9999 ,  25.8, 1012.8,-0.033,-0.039,  112,  10.3,   8.6
22-May-2018 07:00, 7.687,-9999 ,  25.6, 1012.7,-0.050,-0.055,  114,   9.5,   6.5
22-May-2018 08:00, 7.452,-9999 ,  25.6, 1013.0,-0.025,-0.030,  116,   9.2,   6.3
22-May-2018 09:00, 6.749,-9999 ,  25.7, 1013.6,-0.033,-0.036,  115,   7.7,   6.8
22-May-2018 10:00, 5.856,-9999 ,  25.1, 1014.7,-0.062,-0.057,  115,   7.8,   4.9
22-May-2018 11:00, 4.955,-9999 ,  24.2, 1015.3,-0.063,-0.049,   92,   6.2,   3.1
22-May-2018 12:00, 4.139,-9999 ,  23.8, 1016.1,-0.081,-0.059,  124,   4.1,   3.5
22-May-2018 13:00, 3.563,-9999 ,  23.6, 1015.6,-0.103,-0.076,  123,   6.1,   5.5
22-May-2018 14:00, 3.465,-9999 ,  23.2, 1015.9,-0.118,-0.094,  124,   6.7,   4.3
22-May-2018 15:00, 3.922,-9999 ,  22.4, 1015.7,-0.072,-0.046,  117,   5.4,   3.8
22-May-2018 16:00, 4.650,-9999 ,  22.1, 1015.6,-0.043,-0.019,  123,   6.7,   5.5
22-May-2018 17:00, 5.439,-9999 ,  22.0, 1015.0,-0.066,-0.044,  131,   8.9,   7.5
22-May-2018 18:00, 6.245,-9999 ,  21.7, 1014.5,-0.057,-0.040,  123,   8.3,   6.2
22-May-2018 19:00, 6.887,-9999 ,  21.6, 1014.3,-0.087,-0.075,  126,   8.3,   6.8
22-May-2018 20:00, 7.146,-9999 ,  21.5, 1014.0,-0.077,-0.066,  129,   8.1,   6.2
22-May-2018 21:00, 6.915,-9999 ,  21.4, 1014.0,-0.030,-0.023,  128,   7.9,   7.0
22-May-2018 22:00, 6.342,-9999 ,  21.2, 1014.3,-0.012,-0.005,  126,   7.8,   6.6
22-May-2018 23:00, 5.670,-9999 ,  20.9, 1014.8, 0.015, 0.025,  130,   8.1,   7.4
23-May-2018 00:00, 4.998,-9999 ,-9999 , 1015.2, 0.005, 0.020,  117,   8.2,   3.0
23-May-2018 01:00, 4.460,-9999 ,-9999 , 1015.5, 0.019, 0.039,  111,   6.8,   1.7
23-May-2018 02:00, 4.223,-9999 ,-9999 , 1015.0, 0.061, 0.083,  112,   5.8,   2.5
23-May-2018 03:00, 4.383,-9999 ,-9999 , 1014.0, 0.075, 0.092,  110,   6.6,   1.3
23-May-2018 04:00, 4.883,-9999 ,  26.1, 1013.1, 0.071, 0.078,  117,   5.1,   2.1
23-May-2018 05:00, 5.509,-9999 ,  27.5, 1012.1, 0.024, 0.021,  117,   5.0,   1.9
23-May-2018 06:00, 6.140,-9999 ,  29.3, 1011.5, 0.010,-0.002,   52,   4.2,   0.4
23-May-2018 07:00, 6.708,-9999 ,  28.9, 1011.2, 0.004,-0.014,  174,   2.2,   1.0
23-May-2018 08:00, 7.083,-9999 ,  28.4, 1011.3, 0.016,-0.005,  227,   3.1,   3.0
23-May-2018 09:00, 7.066,-9999 ,  27.0, 1011.9, 0.045, 0.026,  237,   4.4,   3.5
23-May-2018 10:00, 6.665,-9999 ,  28.9, 1012.5, 0.044, 0.032,  198,   3.8,   2.4
23-May-2018 11:00, 6.065,-9999 ,  23.9, 1013.2, 0.044, 0.037,  215,   6.0,   5.2
23-May-2018 12:00, 5.421,-9999 ,  23.8, 1013.8, 0.045, 0.045,  202,   6.0,   5.0
23-May-2018 13:00, 4.803,-9999 ,  23.8, 1014.2, 0.044, 0.050,  179,   5.2,   4.1
23-May-2018 14:00, 4.283,-9999 ,  23.5, 1014.0, 0.022, 0.031,  161,   4.4,   1.4
23-May-2018 15:00, 4.032,-9999 ,  22.8, 1013.8,-0.010,-0.003,  172,   2.4,   0.3
23-May-2018 16:00, 4.168,-9999 ,  22.2, 1013.5,-0.013,-0.008,  163,   2.6,   2.0
23-May-2018 17:00, 4.597,-9999 ,  22.5, 1013.2,-0.026,-0.024,  120,   4.0,   2.1
23-May-2018 18:00, 5.190,-9999 ,  21.6, 1012.7,-0.020,-0.022,  116,   3.5,   0.3
23-May-2018 19:00, 5.891,-9999 ,  21.6, 1012.6, 0.009, 0.003,  116,   3.6,   1.2
23-May-2018 20:00, 6.555,-9999 ,  21.4, 1012.6, 0.011, 0.004,   91,   3.4,   0.8
23-May-2018 21:00, 6.965,-9999 ,  20.1, 1012.8, 0.045, 0.039,   94,   4.6,   2.7
23-May-2018 22:00, 6.957,-9999 ,  20.2, 1013.0, 0.058, 0.054,  109,   3.4,   0.9
23-May-2018 23:00, 6.624,-9999 ,  20.4, 1013.4, 0.049, 0.047,  109,   5.1,   1.8
24-May-2018 00:00, 6.137,-9999 ,  20.4, 1013.9, 0.038, 0.040,   81,   6.9,   0.7
24-May-2018 01:00, 5.539,-9999 ,  21.0, 1014.4,-0.008,-0.001,  114,   4.4,   0.7
24-May-2018 02:00, 4.969,-9999 ,  23.2, 1013.8, 0.001, 0.012,  104,   3.8,   1.3
24-May-2018 03:00, 4.560,-9999 ,  25.5, 1012.7, 0.052, 0.057,  115,   4.4,   1.8
24-May-2018 04:00, 4.352,-9999 ,  24.7, 1011.8, 0.015, 0.008,  141,   4.0,   2.2
24-May-2018 05:00, 4.443,-9999 ,  26.2, 1010.7,-0.075,-0.090,  168,   3.1,   1.8
24-May-2018 06:00, 4.872,-9999 ,  28.5, 1010.1,-0.053,-0.079,  163,   2.5,   1.6
24-May-2018 07:00, 5.506,-9999 ,  31.8, 1010.0, 0.042, 0.011,  193,   1.6,   0.8
24-May-2018 08:00, 6.171,-9999 ,  30.1, 1010.0, 0.065, 0.033,  267,   2.5,   0.9
24-May-2018 09:00, 6.683,-9999 ,  28.9, 1010.3, 0.033, 0.001,  294,   0.8,   0.6
24-May-2018 10:00, 6.918,-9999 ,  26.4, 1011.0, 0.029, 0.000,  326,   2.2,   1.7
24-May-2018 11:00, 6.853,-9999 ,  23.9, 1011.6, 0.071, 0.049,  235,   4.0,   3.7
24-May-2018 12:00, 6.453,-9999 ,  23.4, 1012.1, 0.041, 0.025,  219,   4.4,   3.7
24-May-2018 13:00, 5.830,-9999 ,  23.1, 1012.4,-0.048,-0.059,    0,   3.7,   0.0
24-May-2018 14:00, 5.187,-9999 ,  23.2, 1012.3,-0.055,-0.063,  154,   1.7,   0.7
24-May-2018 15:00, 4.641,-9999 ,  23.2, 1012.0, 0.026, 0.016,  144,   1.8,   0.9
24-May-2018 16:00, 4.249,-9999 ,  23.2, 1011.8, 0.088, 0.075,   95,   1.7,   0.3
24-May-2018 17:00, 4.082,-9999 ,  21.7, 1011.3, 0.036, 0.022,    0,   1.2,   0.0
24-May-2018 18:00, 4.270,-9999 ,  22.2, 1010.5,-0.004,-0.024,   62,   1.7,   1.3
24-May-2018 19:00, 4.821,-9999 ,  22.1, 1010.1, 0.041, 0.012,  108,   2.1,   0.2
24-May-2018 20:00, 5.576,-9999 ,  21.2, 1010.4, 0.048, 0.017,  301,   1.9,   0.1
24-May-2018 21:00, 6.336,-9999 ,  20.6, 1010.7, 0.009,-0.019,  333,   1.8,   0.2
24-May-2018 22:00, 6.926,-9999 ,  20.8, 1011.1, 0.001,-0.024,  189,   1.5,   0.1
24-May-2018 23:00, 7.225,-9999 ,  21.6, 1011.6, 0.043, 0.022,  105,   2.5,   1.0
25-May-2018 00:00, 7.138,-9999 ,  21.8, 1012.2, 0.058, 0.042,  106,   3.5,   1.5
25-May-2018 01:00, 6.698,-9999 ,  22.2, 1012.5, 0.029, 0.019,  155,   3.3,   0.5
25-May-2018 02:00, 6.026,-9999 ,  22.6, 1012.3, 0.013, 0.006,  129,   3.8,   2.2
25-May-2018 03:00, 5.266,-9999 ,  24.1, 1011.6, 0.035, 0.025,  123,   3.2,   1.0
25-May-2018 04:00, 4.562,-9999 ,  26.4, 1010.6, 0.071, 0.053,    0,   1.4,   0.0
25-May-2018 05:00, 4.007,-9999 ,  26.4, 1009.5,-0.012,-0.040,  224,   2.6,   1.4
25-May-2018 06:00, 3.814,-9999 ,  26.6, 1008.8,-0.117,-0.155,  260,   5.6,   4.7
25-May-2018 07:00, 4.178,-9999 ,  26.1, 1008.4,-0.053,-0.098,  280,   6.1,   5.4
25-May-2018 08:00, 4.926,-9999 ,  26.0, 1008.3, 0.028,-0.020,  270,   6.1,   4.6
25-May-2018 09:00, 5.769,-9999 ,  25.3, 1008.8, 0.016,-0.033,  274,   6.7,   5.4
25-May-2018 10:00, 6.531,-9999 ,  24.4, 1009.3,-0.014,-0.058,  297,   6.9,   5.2
25-May-2018 11:00, 7.060,-9999 ,  24.0, 1010.0,-0.012,-0.051,  334,   5.9,   2.2
25-May-2018 12:00, 7.243,-9999 ,  23.4, 1010.8, 0.035, 0.003,  359,   2.7,   1.2
25-May-2018 13:00, 6.995,-9999 ,  23.9, 1011.4, 0.067, 0.043,  342,   4.0,   2.8
25-May-2018 14:00, 6.337,-9999 ,  23.9, 1011.6, 0.033, 0.015,  350,   4.1,   2.9
25-May-2018 15:00, 5.510,-9999 ,  22.6, 1011.8, 0.013,-0.003,    0,   3.2,   0.0
25-May-2018 16:00, 4.706,-9999 ,  21.8, 1011.9, 0.044, 0.029,  117,   2.6,   1.5
25-May-2018 17:00, 4.054,-9999 ,  21.1, 1011.9, 0.064, 0.051,  133,   2.6,   1.4
25-May-2018 18:00, 3.687,-9999 ,  21.3, 1011.6, 0.023, 0.010,   86,   1.7,   0.6
25-May-2018 19:00, 3.795,-9999 ,  21.9, 1011.4, 0.008,-0.009,    0,   1.2,   0.0
25-May-2018 20:00, 4.431,-9999 ,  21.7, 1011.3, 0.009,-0.009,  171,   1.6,   1.3
25-May-2018 21:00, 5.367,-9999 ,  21.6, 1011.4,-0.018,-0.037,  168,   2.3,   1.9
25-May-2018 22:00, 6.375,-9999 ,  21.4, 1011.8,-0.020,-0.038,  162,   2.7,   1.4
25-May-2018 23:00, 7.243,-9999 ,  21.4, 1012.4, 0.005,-0.008,  132,   1.9,   1.2
26-May-2018 00:00, 7.757,-9999 ,  20.5, 1012.8, 0.038, 0.029,   69,   2.7,   2.1
26-May-2018 01:00, 7.729,-9999 ,  21.3, 1013.2, 0.044, 0.040,   67,   2.3,   1.0
26-May-2018 02:00, 7.141,-9999 ,  22.1, 1013.0, 0.022, 0.021,    0,   1.7,   0.0
26-May-2018 03:00, 6.224,-9999 ,  24.3, 1012.5, 0.018, 0.015,  261,   3.2,   2.5
26-May-2018 04:00, 5.183,-9999 ,  25.1, 1011.9, 0.026, 0.019,  289,   4.8,   4.0
26-May-2018 05:00, 4.174,-9999 ,  25.7, 1011.0, 0.012,-0.002,  313,   5.2,   3.9
26-May-2018 06:00, 3.407,-9999 ,  25.9, 1010.3,-0.044,-0.068,  315,   5.6,   4.5
26-May-2018 07:00, 3.186,-9999 ,  25.5, 1010.3,-0.030,-0.060,  317,   6.3,   5.1
26-May-2018 08:00, 3.666,-9999 ,  25.0, 1010.6, 0.021,-0.008,  305,   6.7,   4.7
26-May-2018 09:00, 4.571,-9999 ,  24.5, 1011.1,-0.022,-0.048,  300,   5.8,   3.5
26-May-2018 10:00, 5.631,-9999 ,  24.4, 1011.7,-0.073,-0.093,  278,   5.5,   4.0
26-May-2018 11:00, 6.668,-9999 ,  24.3, 1012.2,-0.075,-0.090,  258,   6.5,   5.5
26-May-2018 12:00, 7.436,-9999 ,  24.1, 1012.9,-0.068,-0.078,  257,   6.3,   4.4
26-May-2018 13:00, 7.686,-9999 ,  23.9, 1013.3,-0.058,-0.061,  251,   5.2,   4.3
26-May-2018 14:00, 7.305,-9999 ,  23.5, 1013.1,-0.040,-0.040,  246,   4.7,   3.8
26-May-2018 15:00, 6.497,-9999 ,  23.1, 1013.1, 0.007, 0.006,  221,   4.0,   2.6
26-May-2018 16:00, 5.513,-9999 ,  22.5, 1013.0, 0.045, 0.043,  126,   2.7,   1.1
26-May-2018 17:00, 4.477,-9999 ,  22.0, 1012.9, 0.032, 0.029,  118,   2.7,   1.9
26-May-2018 18:00, 3.599,-9999 ,  21.8, 1012.3,-0.008,-0.012,  144,   3.5,   1.7
26-May-2018 19:00, 3.154,-9999 ,  21.6, 1012.2, 0.008,-0.001,  168,   1.9,   1.0
26-May-2018 20:00, 3.377,-9999 ,  21.6, 1012.2, 0.005,-0.005,  170,   2.3,   2.0
26-May-2018 21:00, 4.211,-9999 ,  21.4, 1012.5,-0.087,-0.097,  152,   2.8,   2.2
26-May-2018 22:00, 5.372,-9999 ,  20.8, 1013.2,-0.146,-0.152,  180,   2.9,   2.6
26-May-2018 23:00, 6.626,-9999 ,  21.3, 1013.8,-0.122,-0.122,  190,   3.7,   2.5
27-May-2018 00:00, 7.706,-9999 ,  22.3, 1014.3,-0.085,-0.079,  201,   5.8,   4.1
27-May-2018 01:00, 8.272,-9999 ,  22.7, 1014.6,-0.074,-0.063,  191,   5.9,   3.5
27-May-2018 02:00, 8.064,-9999 ,  23.1, 1014.3,-0.078,-0.064,   95,   4.1,   1.6
27-May-2018 03:00, 7.224,-9999 ,  24.8, 1013.4,-0.038,-0.029,  145,   2.3,   0.7
27-May-2018 04:00, 6.067,-9999 ,  25.5, 1012.6,-0.003,-0.003,  252,   5.4,   2.4
27-May-2018 05:00, 4.762,-9999 ,  27.2, 1011.4,-0.028,-0.036,  252,   3.3,   2.5
27-May-2018 06:00, 3.559,-9999 ,  29.1, 1010.5,-0.054,-0.073,  245,   2.9,   0.9
27-May-2018 07:00, 2.715,-9999 ,  29.7, 1010.0,-0.041,-0.069,  271,   1.7,   1.1
27-May-2018 08:00, 2.571,-9999 ,  26.4, 1010.0,-0.026,-0.059,  285,   5.1,   4.6
27-May-2018 09:00, 3.315,-9999 ,  27.2, 1010.4,-0.041,-0.073,  270,   5.6,   4.8
27-May-2018 10:00, 4.538,-9999 ,  26.1, 1010.9,-0.070,-0.098,  269,   6.5,   5.5
27-May-2018 11:00, 5.859,-9999 ,  26.0, 1011.8,-0.088,-0.110,  265,   8.4,   5.5
27-May-2018 12:00, 7.084,-9999 ,  25.9, 1012.3,-0.105,-0.119,  264,   7.0,   4.9
27-May-2018 13:00, 7.978,-9999 ,  24.9, 1012.8,-0.080,-0.089,  251,   6.4,   4.3
27-May-2018 14:00, 8.121,-9999 ,  24.8, 1013.1,-0.055,-0.059,  200,   4.5,   2.7
27-May-2018 15:00, 7.459,-9999 ,  25.2, 1013.0,-0.030,-0.031,  140,   4.7,   3.0
27-May-2018 16:00, 6.411,-9999 ,  23.4, 1012.9, 0.024, 0.021,  134,   4.8,   2.5
27-May-2018 17:00, 5.216,-9999 ,  23.4, 1012.6, 0.027, 0.023,  158,   6.3,   4.3
27-May-2018 18:00, 4.008,-9999 ,  23.3, 1012.3,-0.030,-0.037,  159,   8.5,   7.1
27-May-2018 19:00, 3.024,-9999 ,  22.9, 1012.4,-0.063,-0.072,  130,   8.8,   5.2
27-May-2018 20:00, 2.626,-9999 ,  22.8, 1012.5,-0.042,-0.050,  147,   6.9,   4.1
27-May-2018 21:00, 3.156,-9999 ,  22.2, 1012.7,-0.064,-0.071,  143,   7.7,   5.6
27-May-2018 22:00, 4.355,-9999 ,  22.0, 1013.3,-0.126,-0.131,  143,   8.2,   6.2
27-May-2018 23:00, 5.763,-9999 ,  22.0, 1014.0,-0.167,-0.166,  138,   9.1,   7.5
28-May-2018 00:00, 7.169,-9999 ,  22.1, 1014.7,-0.169,-0.161,  134,   9.5,   6.9
28-May-2018 01:00, 8.309,-9999 ,  23.0, 1015.1,-0.143,-0.128,  138,   8.0,   5.4
28-May-2018 02:00, 8.726,-9999 ,  23.8, 1014.8,-0.110,-0.092,  130,   5.8,   4.5
28-May-2018 03:00, 8.199,-9999 ,  25.3, 1014.0,-0.060,-0.045,  144,   5.5,   4.7
28-May-2018 04:00, 7.054,-9999 ,  27.4, 1013.0,-0.002, 0.005,  160,   6.3,   5.2
28-May-2018 05:00, 5.672,-9999 ,  28.2, 1012.0, 0.023, 0.019,  170,   6.2,   5.3
28-May-2018 06:00, 4.184,-9999 ,  28.8, 1011.3,-0.034,-0.047,  171,   5.7,   4.4
28-May-2018 07:00, 2.848,-9999 ,  29.0, 1011.2,-0.088,-0.107,  184,   5.8,   5.3
28-May-2018 08:00, 2.023,-9999 ,  29.9, 1011.1,-0.081,-0.101,  178,   6.8,   6.3
28-May-2018 09:00, 2.222,-9999 ,  29.9, 1011.5,-0.065,-0.086,  172,   7.7,   7.2
28-May-2018 10:00, 3.367,-9999 ,  29.1, 1012.1,-0.071,-0.088,  177,   7.8,   6.2
28-May-2018 11:00, 4.837,-9999 ,  27.4, 1013.2,-0.087,-0.097,  173,   7.0,   6.2
28-May-2018 12:00, 6.343,-9999 ,  25.3, 1013.8,-0.096,-0.095,  169,   6.1,   5.1
28-May-2018 13:00, 7.674,-9999 ,  24.5, 1014.0,-0.111,-0.105,  161,   6.7,   5.8
28-May-2018 14:00, 8.465,-9999 ,  23.9, 1014.0,-0.083,-0.075,  171,   7.4,   6.2
28-May-2018 15:00, 8.265,-9999 ,  23.9, 1013.9,-0.057,-0.050,  171,   8.5,   6.4
28-May-2018 16:00, 7.270,-9999 ,  23.5, 1013.7,-0.043,-0.036,  152,   7.5,   4.9
28-May-2018 17:00, 6.044,-9999 ,  22.9, 1013.5, 0.007, 0.012,  156,   7.0,   6.0
28-May-2018 18:00, 4.710,-9999 ,  22.6, 1012.8,-0.014,-0.012,  166,   6.8,   5.5
28-May-2018 19:00, 3.420,-9999 ,  23.2, 1011.9,-0.076,-0.081,  166,  12.1,  10.2
28-May-2018 20:00, 2.479,-9999 ,  23.3, 1011.7,-0.065,-0.078,  165,  13.1,   8.9
28-May-2018 21:00, 2.385,-9999 ,  22.6, 1011.8,-0.045,-0.061,  158,  11.7,   8.0
28-May-2018 22:00, 3.365,-9999 ,  22.6, 1012.8,-0.064,-0.078,  137,  10.2,   8.4
28-May-2018 23:00, 4.852,-9999 ,  21.2, 1013.7,-0.110,-0.113,  115,  11.1,   7.2
29-May-2018 00:00, 6.435,-9999 ,  21.8, 1014.3,-0.141,-0.136,  121,  10.6,   9.2
29-May-2018 01:00, 7.902,-9999 ,  22.1, 1014.6,-0.156,-0.145,  117,  11.0,   5.6
29-May-2018 02:00, 8.886,-9999 ,  23.8, 1014.3,-0.142,-0.128,  108,   7.2,   4.8
29-May-2018 03:00, 8.909,-9999 ,  26.1, 1013.3,-0.086,-0.076,  143,   8.3,   5.6
29-May-2018 04:00, 7.947,-9999 ,  27.3, 1012.4,-0.043,-0.043,  122,  10.1,   7.9
29-May-2018 05:00, 6.573,-9999 ,  29.9, 1011.5, 0.008,-0.001,  134,   9.2,   7.6
29-May-2018 06:00, 5.049,-9999 ,  30.3, 1011.0, 0.021, 0.003,  125,   7.6,   5.6
29-May-2018 07:00, 3.502,-9999 ,  28.7, 1010.8,-0.019,-0.041,  131,   5.4,   4.4
29-May-2018 08:00, 2.204,-9999 ,  31.1, 1010.8,-0.040,-0.064,  130,   6.3,   5.1
29-May-2018 09:00, 1.629,-9999 ,  30.7, 1011.3,-0.074,-0.099,  137,   5.6,   5.2
29-May-2018 10:00, 2.325,-9999 ,  30.8, 1011.8,-0.072,-0.091,  148,   6.0,   5.1
29-May-2018 11:00, 3.779,-9999 ,  29.6, 1012.3,-0.077,-0.090,  163,   6.0,   5.0
29-May-2018 12:00, 5.412,-9999 ,  26.7, 1012.8,-0.078,-0.086,  151,   8.4,   6.5
29-May-2018 13:00, 7.019,-9999 ,  25.1, 1013.2,-0.079,-0.082,  149,   8.2,   5.4
29-May-2018 14:00, 8.311,-9999 ,  25.0, 1013.2,-0.066,-0.066,  150,   6.0,   4.7
29-May-2018 15:00, 8.780,-9999 ,  24.4, 1013.0,-0.009,-0.009,  158,   6.9,   5.4
29-May-2018 16:00, 8.127,-9999 ,  23.7, 1012.8, 0.006, 0.003,  165,   7.5,   5.1
29-May-2018 17:00, 6.890,-9999 ,  23.7, 1012.6, 0.012, 0.007,  148,  10.4,   7.0
29-May-2018 18:00, 5.522,-9999 ,  23.8, 1012.2, 0.020, 0.013,  143,   7.8,   4.8
29-May-2018 19:00, 4.092,-9999 ,  22.6, 1012.1,-0.035,-0.045,  158,  10.9,   8.2
29-May-2018 20:00, 2.819,-9999 ,  23.1, 1011.7,-0.072,-0.084,  161,  12.4,  10.7
29-May-2018 21:00, 2.085,-9999 ,  21.8, 1012.0,-0.075,-0.090,  152,  12.8,   8.7
29-May-2018 22:00, 2.511,-9999 ,  23.0, 1012.3,-0.067,-0.079,  128,  10.0,   5.2
29-May-2018 23:00, 3.916,-9999 ,  21.8, 1012.8,-0.061,-0.070,  123,   9.0,   6.6
30-May-2018 00:00, 5.602,-9999 ,  22.7, 1013.7,-0.074,-0.077,  110,   7.3,   2.0
30-May-2018 01:00, 7.271,-9999 ,  23.3, 1013.7,-0.091,-0.086,  122,   8.5,   3.5
30-May-2018 02:00, 8.633,-9999 ,  24.4, 1013.4,-0.109,-0.105,  131,   6.7,   3.8
30-May-2018 03:00, 9.222,-9999 ,  26.8, 1012.8,-0.096,-0.095,  310,   5.1,   0.9
30-May-2018 04:00, 8.700,-9999 ,  27.8, 1011.9,-0.047,-0.052,  316,   2.2,   0.8
30-May-2018 05:00, 7.418,-9999 ,  29.3, 1010.8,-0.005,-0.020,   97,   5.3,   1.8
30-May-2018 06:00, 5.892,-9999 ,  30.2, 1010.6, 0.005,-0.019,   96,   8.1,   3.0
30-May-2018 07:00, 4.250,-9999 ,  30.8, 1009.9,-0.036,-0.063,   82,   8.8,   4.9
30-May-2018 08:00, 2.748,-9999 ,  30.7, 1009.8,-0.039,-0.073,   80,   7.4,   5.7
30-May-2018 09:00, 1.689,-9999 ,  30.7, 1010.9,-0.023,-0.056,  122,   6.1,   3.7
30-May-2018 10:00, 1.716,-9999 ,  28.0, 1011.5,-0.003,-0.025,  336,   5.4,   3.8
30-May-2018 11:00, 2.903,-9999 ,  26.8, 1012.0, 0.010,-0.007,  324,   5.4,   4.6
30-May-2018 12:00, 4.483,-9999 ,  26.2, 1012.8,-0.035,-0.047,  320,   5.2,   4.3
30-May-2018 13:00, 6.142,-9999 ,  25.7, 1013.2,-0.080,-0.084,  308,   5.3,   3.8
30-May-2018 14:00, 7.702,-9999 ,  25.1, 1013.5,-0.091,-0.090,  244,   3.9,   1.7
30-May-2018 15:00, 8.768,-9999 ,  25.3, 1013.4,-0.013,-0.010,  171,   3.3,   2.3
30-May-2018 16:00, 8.742,-9999 ,  25.0, 1013.2, 0.067, 0.068,  107,   2.6,   1.4
30-May-2018 17:00, 7.689,-9999 ,  25.0, 1012.9, 0.056, 0.055,  177,   2.3,   1.9
30-May-2018 18:00, 6.331,-9999 ,  23.6, 1012.5, 0.058, 0.054,  148,   3.2,   1.8
30-May-2018 19:00, 4.903,-9999 ,  23.2, 1012.3, 0.060, 0.052,  101,   2.7,   1.7
30-May-2018 20:00, 3.483,-9999 ,  23.1, 1012.4, 0.016, 0.007,  101,   3.8,   2.6
30-May-2018 21:00, 2.356,-9999 ,  21.8, 1013.0,-0.014,-0.022,   99,   5.7,   5.0
30-May-2018 22:00, 2.117,-9999 ,  21.6, 1013.8,-0.012,-0.014,   87,   7.9,   6.3
30-May-2018 23:00, 3.130,-9999 ,  21.0, 1014.3, 0.006, 0.012,   89,   6.8,   5.0
31-May-2018 00:00, 4.758,-9999 ,  21.9, 1014.9,-0.006, 0.005,   71,   5.4,   2.8
31-May-2018 01:00, 6.506,-9999 ,  23.8, 1015.2,-0.015, 0.001,   97,   3.7,   2.6
31-May-2018 02:00, 8.131,-9999 ,  23.0, 1015.0,-0.001, 0.018,  122,   4.0,   3.4
31-May-2018 03:00, 9.195,-9999 ,  24.9, 1014.2, 0.004, 0.020,  137,   5.0,   3.3
31-May-2018 04:00, 9.203,-9999 ,  26.8, 1013.3, 0.003, 0.012,  182,   3.9,   2.3
31-May-2018 05:00, 8.167,-9999 ,  26.5, 1012.1, 0.008, 0.007,  244,   4.5,   3.9
31-May-2018 06:00, 6.659,-9999 ,  26.4, 1011.9,-0.029,-0.040,  281,   6.0,   4.5
31-May-2018 07:00, 5.041,-9999 ,  26.3, 1011.7,-0.065,-0.079,  292,   5.5,   4.4
31-May-2018 08:00, 3.431,-9999 ,  26.2, 1011.8,-0.083,-0.099,  358,   5.7,   4.7
31-May-2018 09:00, 2.073,-9999 ,  26.0, 1012.1,-0.087,-0.099,  324,   5.2,   3.0
31-May-2018 10:00, 1.464,-9999 ,  24.5, 1012.4,-0.077,-0.091,  297,   3.4,   1.4
31-May-2018 11:00, 2.157,-9999 ,  24.9, 1012.8,-0.026,-0.032,  288,   2.6,   2.3
31-May-2018 12:00, 3.643,-9999 ,-9999 ,-9999.0,-0.009,-9999 ,  270,   2.6,   1.4
31-May-2018 13:00, 5.292,-9999 ,-9999 ,-9999.0,-0.033,-9999 ,  217,   2.6,   1.8
31-May-2018 14:00, 6.954,-9999 ,-9999 ,-9999.0,-0.044,-9999 ,  217,   2.2,   0.8
31-May-2018 15:00, 8.334,-9999 ,-9999 ,-9999.0,-0.014,-9999 ,  200,   2.6,   1.4
31-May-2018 16:00, 8.840,-9999 ,-9999 ,-9999.0, 0.000,-9999 ,-9999,-9999 ,-9999
31-May-2018 17:00, 8.221,-9999 ,-9999 ,-9999.0, 0.009,-9999 ,-9999,-9999 ,-9999
31-May-2018 18:00, 6.972,-9999 ,-9999 ,-9999.0, 0.028,-9999 ,-9999,-9999 ,-9999
31-May-2018 19:00, 5.576,-9999 ,-9999 ,-9999.0, 0.051,-9999 ,-9999,-9999 ,-9999
31-May-2018 20:00, 4.149,-9999 ,-9999 ,-9999.0, 0.052,-9999 ,-9999,-9999 ,-9999
31-May-2018 21:00, 2.890,-9999 ,-9999 ,-9999.0, 0.030,-9999 ,-9999,-9999 ,-9999
31-May-2018 22:00, 2.171,-9999 ,-9999 ,-9999.0, 0.016,-9999 ,-9999,-9999 ,-9999
31-May-2018 23:00, 2.587,-9999 ,-9999 ,-9999.0, 0.030,-9999 ,-9999,-9999 ,-9999
01-Jun-2018 00:00, 3.997,-9999 ,-9999 ,-9999.0, 0.038,-9999 ,-9999,-9999 ,-9999
01-Jun-2018 01:00, 5.719,-9999 ,-9999 ,-9999.0, 0.050,-9999 ,-9999,-9999 ,-9999
01-Jun-2018 02:00, 7.400,-9999 ,-9999 , 1014.4, 0.043, 0.058,  137,   3.7,   3.0
01-Jun-2018 03:00, 8.758,-9999 ,  24.3, 1013.8, 0.050, 0.061,  179,   3.8,   0.3
01-Jun-2018 04:00, 9.324,-9999 ,  24.7, 1012.8, 0.068, 0.072,  206,   3.0,   1.4
01-Jun-2018 05:00, 8.711,-9999 ,  27.2, 1012.0, 0.022, 0.017,  220,   2.7,   1.2
01-Jun-2018 06:00, 7.361,-9999 ,  28.2, 1011.4,-0.019,-0.033,  262,   2.5,   2.0
01-Jun-2018 07:00, 5.828,-9999 ,  27.6, 1011.5,-0.054,-0.072,  280,   3.8,   3.2
01-Jun-2018 08:00, 4.268,-9999 ,-9999 , 1011.6,-0.040,-0.057,  267,   6.2,   4.1
01-Jun-2018 09:00, 2.805,-9999 ,-9999 , 1012.0,-0.030,-0.046,  249,   6.7,   4.8
01-Jun-2018 10:00, 1.769,-9999 ,-9999 , 1012.4,-0.053,-0.066,  243,   5.4,   3.7
01-Jun-2018 11:00, 1.823,-9999 ,-9999 , 1013.0,-0.019,-0.027,  235,   4.6,   3.4
01-Jun-2018 12:00, 2.992,-9999 ,  24.1, 1013.6, 0.019, 0.017,  235,   5.7,   4.2
01-Jun-2018 13:00, 4.520,-9999 ,-9999 , 1013.8,-0.007,-0.003,  218,   6.8,   6.1
01-Jun-2018 14:00, 6.109,-9999 ,-9999 , 1013.9,-0.049,-0.044,  203,   6.9,   5.2
01-Jun-2018 15:00, 7.614,-9999 ,  23.9, 1013.9,-0.046,-0.040,  151,   5.8,   3.9
01-Jun-2018 16:00, 8.634,-9999 ,  23.9, 1013.7, 0.025, 0.031,  125,   7.0,   5.7
01-Jun-2018 17:00, 8.581,-9999 ,  23.1, 1013.8, 0.038, 0.043,  122,   7.1,   5.8
01-Jun-2018 18:00, 7.555,-9999 ,  22.6, 1013.5, 0.003, 0.008,  115,   8.2,   6.7
01-Jun-2018 19:00, 6.257,-9999 ,  21.3, 1013.6, 0.024, 0.027,   90,   8.9,   4.3
01-Jun-2018 20:00, 4.856,-9999 ,  21.4, 1013.9, 0.026, 0.030,  102,   6.8,   5.9
01-Jun-2018 21:00, 3.476,-9999 ,  21.0, 1014.4,-0.012,-0.005,   99,   7.6,   6.4
01-Jun-2018 22:00, 2.419,-9999 ,  20.8, 1014.9,-0.083,-0.072,  104,   8.5,   7.2
01-Jun-2018 23:00, 2.216,-9999 ,  20.2, 1015.4,-0.133,-0.116,  100,   9.5,   8.2
02-Jun-2018 00:00, 3.217,-9999 ,  20.5, 1015.6,-0.113,-0.091,  105,  10.2,   8.3
02-Jun-2018 01:00, 4.785,-9999 ,  22.1, 1015.6,-0.104,-0.081,   91,   9.7,   7.6
02-Jun-2018 02:00, 6.449,-9999 ,  25.1, 1015.1,-0.081,-0.058,  101,   9.9,   8.2
02-Jun-2018 03:00, 7.995,-9999 ,  26.5, 1014.4,-0.014, 0.004,  103,  10.6,   8.4
02-Jun-2018 04:00, 9.000,-9999 ,  26.4, 1013.8, 0.070, 0.081,  113,   9.3,   4.7
02-Jun-2018 05:00, 8.942,-9999 ,  27.3, 1012.4, 0.040, 0.044,  123,   6.3,   4.7
02-Jun-2018 06:00, 7.911,-9999 ,-9999 , 1011.5,-0.012,-0.021,  136,   7.2,   5.7
02-Jun-2018 07:00, 6.548,-9999 ,  28.0, 1011.2,-0.001,-0.019,  125,   7.8,   6.2
02-Jun-2018 08:00, 5.069,-9999 ,  28.1, 1011.7,-0.017,-0.036,  133,   7.5,   5.9
02-Jun-2018 09:00, 3.622,-9999 ,  29.3, 1012.2, 0.017, 0.002,  135,   7.2,   5.5
02-Jun-2018 10:00, 2.418,-9999 ,  28.2, 1013.0, 0.012, 0.002,  130,   6.1,   5.1
02-Jun-2018 11:00, 1.894,-9999 ,  26.4, 1013.6,-0.027,-0.029,  159,   5.7,   5.4
02-Jun-2018 12:00, 2.520,-9999 ,  25.9, 1014.2,-0.029,-0.024,  150,   7.8,   6.0
02-Jun-2018 13:00, 3.846,-9999 ,  24.7, 1014.0,-0.046,-0.037,  143,   6.8,   6.1
02-Jun-2018 14:00, 5.353,-9999 ,  24.4, 1014.2,-0.034,-0.027,  146,   7.7,   6.5
02-Jun-2018 15:00, 6.858,-9999 ,  23.4, 1014.5,-0.019,-0.009,  156,   8.7,   7.4
02-Jun-2018 16:00, 8.072,-9999 ,  22.8, 1014.5, 0.012, 0.025,  154,   9.2,   8.0
02-Jun-2018 17:00, 8.533,-9999 ,  22.8, 1014.3, 0.036, 0.049,  149,   9.7,   7.9
02-Jun-2018 18:00, 7.921,-9999 ,  22.9, 1014.0,-0.025,-0.015,  146,   9.0,   7.1
02-Jun-2018 19:00, 6.785,-9999 ,  23.0, 1013.8,-0.010,-0.003,  139,  11.4,   8.7
02-Jun-2018 20:00, 5.533,-9999 ,  21.9, 1014.0, 0.034, 0.040,  136,  10.1,   6.9
02-Jun-2018 21:00, 4.196,-9999 ,  19.7, 1014.5, 0.023, 0.031,  106,  12.4,   6.6
02-Jun-2018 22:00, 3.048,-9999 ,  20.0, 1014.8,-0.019,-0.007,  102,   8.5,   5.6
02-Jun-2018 23:00, 2.462,-9999 ,  19.6, 1015.4,-0.070,-0.054,  103,   8.4,   5.8
03-Jun-2018 00:00, 2.927,-9999 ,  19.8, 1016.0,-0.058,-0.037,  107,   7.5,   6.4
03-Jun-2018 01:00, 4.204,-9999 ,  20.0, 1016.3,-0.066,-0.037,  122,   7.7,   5.7
03-Jun-2018 02:00, 5.665,-9999 ,  22.9, 1015.5,-0.100,-0.070,  104,   7.3,   4.2
03-Jun-2018 03:00, 7.132,-9999 ,  26.1, 1014.9,-0.082,-0.060,  111,  10.0,   8.4
03-Jun-2018 04:00, 8.311,-9999 ,  26.5, 1014.0,-0.021,-0.005,  107,   9.4,   6.2
03-Jun-2018 05:00, 8.784,-9999 ,  26.5, 1013.0, 0.039, 0.045,  128,   6.9,   5.3
03-Jun-2018 06:00, 8.258,-9999 ,  27.9, 1012.4, 0.025, 0.022,  126,   6.2,   4.0
03-Jun-2018 07:00, 7.105,-9999 ,-9999 , 1011.8, 0.026, 0.017,  120,   4.4,   2.8
03-Jun-2018 08:00, 5.775,-9999 ,  28.2, 1011.8, 0.008,-0.006,  147,   4.6,   4.3
03-Jun-2018 09:00, 4.383,-9999 ,  27.1, 1012.1,-0.013,-0.027,  132,   6.0,   4.3
03-Jun-2018 10:00, 3.135,-9999 ,  28.8, 1012.6,-0.005,-0.016,  138,   6.7,   6.3
03-Jun-2018 11:00, 2.304,-9999 ,  27.0, 1013.3,-0.049,-0.055,  161,   7.8,   7.5
03-Jun-2018 12:00, 2.394,-9999 ,  24.9, 1013.5,-0.054,-0.053,  158,   8.1,   7.1
03-Jun-2018 13:00, 3.388,-9999 ,  24.1, 1013.6,-0.056,-0.053,  153,   9.5,   7.6
03-Jun-2018 14:00, 4.695,-9999 ,  23.6, 1013.5,-0.060,-0.057,  149,   9.4,   7.3
03-Jun-2018 15:00, 6.059,-9999 ,-9999 , 1013.4,-0.048,-0.046,  152,   8.8,   7.1
03-Jun-2018 16:00, 7.308,-9999 ,-9999 , 1013.4,-0.036,-0.034,  149,  10.0,   7.9
03-Jun-2018 17:00, 8.146,-9999 ,  23.1, 1013.1, 0.035, 0.036,  134,  10.4,   7.6
03-Jun-2018 18:00, 8.071,-9999 ,-9999 , 1012.8, 0.011, 0.009,  129,  10.1,   7.8
03-Jun-2018 19:00, 7.177,-9999 ,  20.8, 1012.9,-0.046,-0.050,  120,   9.2,   7.0
03-Jun-2018 20:00, 6.063,-9999 ,  20.0, 1012.8,-0.014,-0.018,  109,   8.0,   5.7
03-Jun-2018 21:00, 4.849,-9999 ,  20.0, 1013.0,-0.019,-0.023,  117,   7.0,   5.0
03-Jun-2018 22:00, 3.719,-9999 ,  19.5, 1013.5,-0.022,-0.024,  126,   7.7,   7.0
03-Jun-2018 23:00, 2.936,-9999 ,  19.4, 1014.3,-0.062,-0.058,  119,   8.0,   7.0
04-Jun-2018 00:00, 2.932,-9999 ,  19.1, 1014.6,-0.046,-0.035,  108,   8.6,   6.0
04-Jun-2018 01:00, 3.810,-9999 ,  21.4, 1014.5,-0.037,-0.023,  104,   9.4,   3.5
04-Jun-2018 02:00, 5.036,-9999 ,  24.5, 1013.8,-0.097,-0.085,  108,   9.3,   3.2
04-Jun-2018 03:00, 6.363,-9999 ,  25.8, 1013.3,-0.070,-0.065,   68,   9.1,   1.5
04-Jun-2018 04:00, 7.554,-9999 ,  26.2, 1012.6,-0.026,-0.026,   77,   5.6,   1.1
04-Jun-2018 05:00, 8.276,-9999 ,  27.3, 1012.0, 0.008, 0.001,  328,   5.1,   0.6
04-Jun-2018 06:00, 8.255,-9999 ,  27.9, 1011.4, 0.026, 0.013,  345,   4.0,   0.5
04-Jun-2018 07:00, 7.463,-9999 ,-9999 , 1011.2, 0.020, 0.001,  106,   3.2,   0.7
04-Jun-2018 08:00, 6.349,-9999 ,  27.6, 1011.3, 0.035, 0.015,  104,   4.2,   0.8
04-Jun-2018 09:00, 5.091,-9999 ,-9999 , 1011.5,-0.032,-0.051,  324,   5.4,   3.5
04-Jun-2018 10:00, 3.888,-9999 ,-9999 , 1012.1,-0.048,-0.065,  322,   3.5,   2.3
04-Jun-2018 11:00, 3.014,-9999 ,-9999 , 1012.9,-0.002,-0.013,  327,   4.0,   3.7
04-Jun-2018 12:00, 2.684,-9999 ,-9999 , 1013.7,-0.009,-0.011,  139,   3.9,   1.0
04-Jun-2018 13:00, 3.182,-9999 ,-9999 , 1013.9,-0.037,-0.032,  288,   3.4,   2.2
04-Jun-2018 14:00, 4.215,-9999 ,-9999 , 1014.2,-0.064,-0.057,  294,   3.0,   1.5
04-Jun-2018 15:00, 5.376,-9999 ,-9999 , 1014.2,-0.056,-0.046,  109,   2.1,   0.9
04-Jun-2018 16:00, 6.532,-9999 ,-9999 , 1014.0,-0.045,-0.035,  136,   5.5,   2.8
04-Jun-2018 17:00, 7.510,-9999 ,-9999 , 1013.8, 0.025, 0.032,  120,   3.4,   2.7
04-Jun-2018 18:00, 7.932,-9999 ,-9999 , 1013.8, 0.088, 0.093,  107,   4.3,   3.8
04-Jun-2018 19:00, 7.498,-9999 ,-9999 , 1013.5, 0.045, 0.050,  112,   5.1,   4.1
04-Jun-2018 20:00, 6.582,-9999 ,-9999 , 1013.4, 0.037, 0.039,  103,   6.3,   5.3
04-Jun-2018 21:00, 5.554,-9999 ,-9999 , 1013.5, 0.052, 0.053,   98,   6.0,   4.6
04-Jun-2018 22:00, 4.510,-9999 ,-9999 , 1013.8, 0.045, 0.048,   94,   6.3,   5.4
04-Jun-2018 23:00, 3.668,-9999 ,-9999 , 1014.7, 0.027, 0.033,   99,   6.7,   5.2
05-Jun-2018 00:00, 3.320,-9999 ,-9999 , 1015.2, 0.024, 0.040,  107,   6.1,   5.1
05-Jun-2018 01:00, 3.698,-9999 ,-9999 , 1015.2, 0.019, 0.038,   98,   8.9,   8.1
05-Jun-2018 02:00, 4.633,-9999 ,-9999 , 1014.9,-0.021,-0.002,  109,   8.5,   4.8
05-Jun-2018 03:00, 5.747,-9999 ,-9999 , 1014.4, 0.001, 0.016,  129,   5.6,   3.8
05-Jun-2018 04:00, 6.822,-9999 ,-9999 , 1013.9, 0.042, 0.053,  154,   4.0,   2.3
05-Jun-2018 05:00, 7.616,-9999 ,-9999 , 1013.0, 0.045, 0.050,  189,   2.5,   1.8
05-Jun-2018 06:00, 7.893,-9999 ,-9999 , 1012.0, 0.013, 0.009,  248,   3.7,   2.2
05-Jun-2018 07:00, 7.567,-9999 ,-9999 , 1011.8, 0.011,-0.002,  238,   3.4,   2.7
05-Jun-2018 08:00, 6.773,-9999 ,-9999 , 1011.9, 0.046, 0.032,  230,   3.5,   2.6
05-Jun-2018 09:00, 5.762,-9999 ,-9999 , 1012.2, 0.027, 0.014,  223,   3.8,   2.4
05-Jun-2018 10:00, 4.712,-9999 ,-9999 , 1012.7,-0.003,-0.013,  231,   3.3,   2.4
05-Jun-2018 11:00, 3.807,-9999 ,-9999 , 1012.9, 0.009, 0.004,  242,   2.6,   2.2
05-Jun-2018 12:00, 3.252,-9999 ,-9999 , 1013.4, 0.016, 0.013,  224,   2.5,   2.2
05-Jun-2018 13:00, 3.311,-9999 ,-9999 , 1013.6, 0.025, 0.027,    0,   2.4,   0.0
05-Jun-2018 14:00, 3.954,-9999 ,-9999 , 1013.7,-0.016,-0.012,    0,   0.0,   0.0
05-Jun-2018 15:00, 4.855,-9999 ,-9999 , 1013.4,-0.033,-0.029,    0,   0.0,   0.0
05-Jun-2018 16:00, 5.854,-9999 ,-9999 , 1012.9, 0.009, 0.009,    0,   0.0,   0.0
05-Jun-2018 17:00, 6.796,-9999 ,-9999 , 1012.9, 0.056, 0.053,  112,   2.6,   2.0
05-Jun-2018 18:00, 7.416,-9999 ,-9999 , 1012.7, 0.084, 0.080,  122,   3.4,   2.5
05-Jun-2018 19:00, 7.462,-9999 ,-9999 , 1012.4, 0.070, 0.064,   94,   4.1,   2.8
05-Jun-2018 20:00, 6.948,-9999 ,-9999 , 1012.6, 0.078, 0.069,   95,   4.1,   3.7
05-Jun-2018 21:00, 6.142,-9999 ,-9999 , 1012.7, 0.093, 0.087,   96,   4.5,   2.9
05-Jun-2018 22:00, 5.230,-9999 ,  19.6, 1013.1, 0.058, 0.053,   95,   3.8,   2.8
05-Jun-2018 23:00, 4.430,-9999 ,  19.8, 1013.6, 0.052, 0.051,   98,   4.2,   3.2
06-Jun-2018 00:00, 3.949,-9999 ,  20.2, 1014.3, 0.085, 0.090,   93,   3.8,   2.7
06-Jun-2018 01:00, 3.925,-9999 ,  21.7, 1014.3, 0.101, 0.112,   78,   3.7,   1.5
06-Jun-2018 02:00, 4.406,-9999 ,  22.4, 1013.9, 0.045, 0.055,  125,   3.3,   2.8
06-Jun-2018 03:00, 5.187,-9999 ,  23.3, 1013.3, 0.004, 0.010,  155,   3.6,   2.2
06-Jun-2018 04:00, 6.012,-9999 ,  24.5, 1012.5,-0.005,-0.005,  231,   3.4,   1.2
06-Jun-2018 05:00, 6.767,-9999 ,  26.1, 1011.8,-0.001,-0.009,  319,   8.5,   4.7
06-Jun-2018 06:00, 7.289,-9999 ,  25.0, 1011.3, 0.032, 0.017,  287,   6.5,   3.5
06-Jun-2018 07:00, 7.407,-9999 ,  23.6, 1011.4, 0.070, 0.051,  241,   4.8,   3.7
06-Jun-2018 08:00, 7.033,-9999 ,  23.8, 1011.8, 0.095, 0.077,  246,   4.3,   3.4
06-Jun-2018 09:00, 6.286,-9999 ,  24.5, 1012.1, 0.058, 0.044,  265,   3.8,   2.3
06-Jun-2018 10:00, 5.413,-9999 ,  23.5, 1012.7,-0.006,-0.017,  243,   3.1,   2.7
06-Jun-2018 11:00, 4.604,-9999 ,  23.1, 1013.8,-0.009,-0.013,  205,   3.8,   3.0
06-Jun-2018 12:00, 3.957,-9999 ,  23.6, 1014.2,-0.011,-0.005,  200,   4.3,   2.4
06-Jun-2018 13:00, 3.669,-9999 ,  23.6, 1014.5,-0.002, 0.008,  143,   2.7,   0.9
06-Jun-2018 14:00, 3.899,-9999 ,  22.9, 1014.2, 0.010, 0.022,   78,   2.8,   2.1
06-Jun-2018 15:00, 4.470,-9999 ,  22.7, 1013.7,-0.015,-0.006,   70,   2.8,   2.2
06-Jun-2018 16:00, 5.193,-9999 ,  22.5, 1013.3,-0.007,-0.003,   48,   3.3,   2.9
06-Jun-2018 17:00, 5.991,-9999 ,  21.6, 1012.9, 0.024, 0.024,   51,   4.2,   3.0
06-Jun-2018 18:00, 6.688,-9999 ,  21.3, 1012.5, 0.053, 0.049,   54,   3.4,   1.3
06-Jun-2018 19:00, 7.110,-9999 ,  21.3, 1012.3, 0.093, 0.085,   74,   2.0,   0.5
06-Jun-2018 20:00, 7.056,-9999 ,  21.5, 1012.4, 0.106, 0.097,   64,   1.5,   0.8
06-Jun-2018 21:00, 6.546,-9999 ,  21.2, 1012.5, 0.067, 0.059,   58,   3.3,   2.7
06-Jun-2018 22:00, 5.871,-9999 ,  20.7, 1013.0, 0.049, 0.042,   65,   3.9,   2.1
06-Jun-2018 23:00, 5.196,-9999 ,  20.6, 1013.9, 0.049, 0.048,   89,   4.2,   3.4
07-Jun-2018 00:00, 4.660,-9999 ,  20.6, 1014.4, 0.075, 0.082,   83,   4.1,   3.0
07-Jun-2018 01:00, 4.394,-9999 ,  21.0, 1014.5, 0.126, 0.138,   95,   4.4,   2.7
07-Jun-2018 02:00, 4.441,-9999 ,  22.2, 1014.1, 0.102, 0.114,  133,   3.1,   1.9
07-Jun-2018 03:00, 4.771,-9999 ,  23.8, 1013.6,-0.002, 0.006,  195,   3.7,   2.9
07-Jun-2018 04:00, 5.275,-9999 ,  26.0, 1012.5,-0.061,-0.058,  333,   4.6,   2.5
07-Jun-2018 05:00, 5.874,-9999 ,  26.1, 1011.4,-0.058,-0.066,  339,  10.2,   7.8
07-Jun-2018 06:00, 6.454,-9999 ,  26.1, 1010.7,-0.006,-0.025,  334,  11.1,   7.9
07-Jun-2018 07:00, 6.805,-9999 ,  26.2, 1010.3, 0.006,-0.020,  340,  10.8,   7.9
07-Jun-2018 08:00, 6.883,-9999 ,  26.0, 1010.5, 0.046, 0.017,  337,  10.5,   7.8
07-Jun-2018 09:00, 6.665,-9999 ,  25.7, 1011.2, 0.125, 0.098,  340,  10.2,   7.9
07-Jun-2018 10:00, 6.111,-9999 ,  25.4, 1011.9, 0.089, 0.069,  346,   9.8,   7.4
07-Jun-2018 11:00, 5.444,-9999 ,  25.0, 1012.6, 0.042, 0.029,  351,   8.9,   6.1
07-Jun-2018 12:00, 4.821,-9999 ,  24.4, 1012.9, 0.027, 0.021,    3,   8.0,   4.6
07-Jun-2018 13:00, 4.351,-9999 ,  24.6, 1013.2, 0.037, 0.034,    0,   5.6,   5.3
07-Jun-2018 14:00, 4.158,-9999 ,  24.1, 1013.3, 0.041, 0.040,    5,   5.3,   4.6
07-Jun-2018 15:00, 4.274,-9999 ,  23.5, 1013.3,-0.008,-0.007,   14,   4.7,   1.0
07-Jun-2018 16:00, 4.652,-9999 ,  22.5, 1013.2,-0.025,-0.025,   85,   2.3,   1.5
07-Jun-2018 17:00, 5.215,-9999 ,  21.6, 1013.3,-0.006,-0.007,  101,   2.7,   2.4
07-Jun-2018 18:00, 5.856,-9999 ,  21.2, 1013.3, 0.014, 0.014,   94,   2.8,   1.6
07-Jun-2018 19:00, 6.400,-9999 ,  20.9, 1013.1, 0.008, 0.008,   95,   3.0,   2.8
07-Jun-2018 20:00, 6.730,-9999 ,  20.5, 1013.0, 0.016, 0.014,   75,   3.2,   2.8
07-Jun-2018 21:00, 6.782,-9999 ,  19.4, 1013.2, 0.088, 0.086,   76,   5.7,   3.4
07-Jun-2018 22:00, 6.499,-9999 ,  20.0, 1013.9, 0.119, 0.119,   90,   4.9,   3.5
07-Jun-2018 23:00, 5.990,-9999 ,  19.5, 1014.6, 0.085, 0.092,  111,   5.1,   4.1
08-Jun-2018 00:00, 5.433,-9999 ,  18.6, 1015.3, 0.038, 0.052,  118,   5.1,   4.2
08-Jun-2018 01:00, 4.936,-9999 ,  19.2, 1015.4,-0.005, 0.015,   98,   4.7,   3.1
08-Jun-2018 02:00, 4.670,-9999 ,  22.1, 1015.1, 0.027, 0.049,  100,   3.4,   2.7
08-Jun-2018 03:00, 4.663,-9999 ,  22.9, 1014.2, 0.054, 0.072,  131,   3.8,   3.3
08-Jun-2018 04:00, 4.795,-9999 ,  24.5, 1013.3, 0.004, 0.013,  162,   3.5,   1.9
08-Jun-2018 05:00, 5.065,-9999 ,  25.1, 1012.4,-0.055,-0.055,  222,   3.6,   2.8
08-Jun-2018 06:00, 5.498,-9999 ,  25.3, 1011.7,-0.059,-0.069,  291,   5.4,   3.7
08-Jun-2018 07:00, 5.938,-9999 ,  25.0, 1011.4,-0.077,-0.093,  294,   5.1,   3.7
08-Jun-2018 08:00, 6.294,-9999 ,  24.5, 1011.7,-0.090,-0.108,  271,   5.1,   3.7
08-Jun-2018 09:00, 6.514,-9999 ,  24.8, 1012.3,-0.030,-0.045,  274,   4.7,   3.5
08-Jun-2018 10:00, 6.494,-9999 ,  24.6, 1012.8, 0.044, 0.035,  263,   4.9,   3.8
08-Jun-2018 11:00, 6.175,-9999 ,  24.4, 1013.6, 0.051, 0.047,  273,   4.4,   2.8
08-Jun-2018 12:00, 5.670,-9999 ,  24.6, 1014.2, 0.015, 0.020,  271,   3.9,   3.3
08-Jun-2018 13:00, 5.123,-9999 ,  23.7, 1014.1,-0.006, 0.003,  242,   4.3,   2.9
08-Jun-2018 14:00, 4.666,-9999 ,  23.3, 1014.3, 0.010, 0.018,  228,   3.5,   2.2
08-Jun-2018 15:00, 4.409,-9999 ,  23.1, 1014.2, 0.027, 0.037,  161,   2.3,   0.8
08-Jun-2018 16:00, 4.342,-9999 ,  22.8, 1014.1,-0.013,-0.004,  130,   1.3,   1.0
08-Jun-2018 17:00, 4.528,-9999 ,  21.9, 1014.0,-0.038,-0.030,  157,   2.8,   1.4
08-Jun-2018 18:00, 4.973,-9999 ,  21.6, 1013.7,-0.036,-0.028,  147,   3.3,   2.3
08-Jun-2018 19:00, 5.561,-9999 ,  21.7, 1013.3,-0.032,-0.028,  132,   3.1,   2.7
08-Jun-2018 20:00, 6.146,-9999 ,  21.3, 1013.2,-0.030,-0.030,  125,   3.0,   1.6
08-Jun-2018 21:00, 6.586,-9999 ,  21.3, 1013.8, 0.000, 0.000,  156,   3.0,   2.7
08-Jun-2018 22:00, 6.791,-9999 ,  21.3, 1014.1, 0.057, 0.063,  145,   3.0,   2.5
08-Jun-2018 23:00, 6.695,-9999 ,  21.8, 1014.6, 0.093, 0.102,  132,   4.1,   2.6
09-Jun-2018 00:00, 6.301,-9999 ,  20.7, 1015.3, 0.046, 0.060,  107,   3.4,   2.0
09-Jun-2018 01:00, 5.776,-9999 ,  21.3, 1015.5,-0.003, 0.018,   83,   3.2,   2.6
09-Jun-2018 02:00, 5.265,-9999 ,  23.1, 1015.5, 0.017, 0.039,  115,   2.5,   0.7
09-Jun-2018 03:00, 4.832,-9999 ,  23.4, 1014.8, 0.035, 0.057,  200,   1.4,   0.9
09-Jun-2018 04:00, 4.498,-9999 ,  25.0, 1013.9,-0.010, 0.004,  250,   3.1,   2.3
09-Jun-2018 05:00, 4.365,-9999 ,  25.8, 1012.8,-0.066,-0.061,  278,   4.4,   3.8
09-Jun-2018 06:00, 4.555,-9999 ,  25.8, 1012.3,-0.061,-0.066,  285,   6.3,   5.4
09-Jun-2018 07:00, 4.969,-9999 ,  25.5, 1012.0,-0.071,-0.081,  287,   6.8,   6.1
09-Jun-2018 08:00, 5.486,-9999 ,  25.2, 1012.2,-0.124,-0.136,  288,   7.5,   6.1
09-Jun-2018 09:00, 6.038,-9999 ,  25.2, 1012.9,-0.117,-0.127,  286,   7.7,   4.9
09-Jun-2018 10:00, 6.493,-9999 ,  24.8, 1013.5,-0.053,-0.056,  276,   5.9,   4.1
09-Jun-2018 11:00, 6.651,-9999 ,  24.5, 1014.3,-0.021,-0.018,  247,   6.1,   4.4
09-Jun-2018 12:00, 6.468,-9999 ,  24.1, 1014.7,-0.019,-0.008,  225,   5.0,   4.3
09-Jun-2018 13:00, 6.025,-9999 ,  23.5, 1015.1,-0.023,-0.008,  217,   4.8,   3.4
09-Jun-2018 14:00, 5.453,-9999 ,  23.3, 1015.1, 0.009, 0.028,  225,   4.3,   2.9
09-Jun-2018 15:00, 4.845,-9999 ,  23.1, 1015.0, 0.006, 0.025,  211,   4.4,   3.5
09-Jun-2018 16:00, 4.345,-9999 ,  22.8, 1014.8,-0.022,-0.005,  220,   4.9,   4.0
09-Jun-2018 17:00, 4.099,-9999 ,  22.7, 1014.8,-0.025,-0.010,  203,   4.3,   3.1
09-Jun-2018 18:00, 4.197,-9999 ,  22.6, 1014.6,-0.025,-0.010,  217,   3.5,   1.7
09-Jun-2018 19:00, 4.631,-9999 ,  22.1, 1014.7,-0.039,-0.026,  199,   2.3,   1.8
09-Jun-2018 20:00, 5.291,-9999 ,  22.6, 1014.6,-0.085,-0.071,  226,   5.0,   4.4
09-Jun-2018 21:00, 6.049,-9999 ,  22.4, 1015.0,-0.071,-0.057,  228,   5.6,   4.6
09-Jun-2018 22:00, 6.716,-9999 ,  22.4, 1015.7,-0.015, 0.003,  219,   7.4,   5.8
09-Jun-2018 23:00, 7.092,-9999 ,  22.6, 1016.2, 0.001, 0.026,  211,   7.2,   4.9
10-Jun-2018 00:00, 7.127,-9999 ,  23.1, 1016.8, 0.040, 0.070,  203,   5.0,   2.6
10-Jun-2018 01:00, 6.793,-9999 ,  23.1, 1017.1, 0.059, 0.095,  222,   2.8,   1.7
10-Jun-2018 02:00, 6.134,-9999 ,  23.2, 1016.6, 0.032, 0.070,  237,   2.6,   1.7
10-Jun-2018 03:00, 5.366,-9999 ,  24.2, 1015.9, 0.011, 0.044,  273,   2.6,   1.7
10-Jun-2018 04:00, 4.657,-9999 ,  24.6, 1015.2, 0.017, 0.043,  285,   4.5,   3.8
10-Jun-2018 05:00, 4.064,-9999 ,  24.9, 1014.1, 0.006, 0.024,  274,   7.4,   6.2
10-Jun-2018 06:00, 3.733,-9999 ,  25.4, 1013.6,-0.060,-0.053,  266,   8.1,   6.1
10-Jun-2018 07:00, 3.854,-9999 ,  25.7, 1013.3,-0.111,-0.108,  261,   9.7,   7.3
10-Jun-2018 08:00, 4.419,-9999 ,  25.5, 1013.1,-0.143,-0.143,  260,   9.6,   7.3
10-Jun-2018 09:00, 5.222,-9999 ,  25.9, 1013.5,-0.158,-0.159,  263,   9.8,   7.8
10-Jun-2018 10:00, 6.071,-9999 ,  25.0, 1014.3,-0.114,-0.111,  264,   9.6,   6.6
10-Jun-2018 11:00, 6.767,-9999 ,  24.8, 1015.2,-0.074,-0.063,  249,   8.6,   6.5
10-Jun-2018 12:00, 7.099,-9999 ,  24.4, 1015.7,-0.043,-0.023,  236,   7.7,   6.2
10-Jun-2018 13:00, 6.975,-9999 ,  24.1, 1015.7,-0.008, 0.016,  228,   7.0,   5.7
10-Jun-2018 14:00, 6.413,-9999 ,  23.9, 1015.9, 0.006, 0.031,  223,   6.8,   5.2
10-Jun-2018 15:00, 5.610,-9999 ,  23.6, 1015.8, 0.010, 0.037,  228,   5.7,   3.5
10-Jun-2018 16:00, 4.789,-9999 ,  23.4, 1015.4,-0.002, 0.023,  226,   4.7,   4.0
10-Jun-2018 17:00, 4.098,-9999 ,  23.4, 1015.4, 0.016, 0.037,  214,   7.2,   6.0
10-Jun-2018 18:00, 3.687,-9999 ,  23.4, 1015.0, 0.015, 0.036,  220,   7.6,   4.8
10-Jun-2018 19:00, 3.741,-9999 ,  23.2, 1014.4,-0.005, 0.011,  219,   6.7,   5.1
10-Jun-2018 20:00, 4.326,-9999 ,  23.1, 1014.8,-0.031,-0.019,  204,   5.8,   3.3
10-Jun-2018 21:00, 5.260,-9999 ,  23.1, 1014.7,-0.055,-0.040,  223,   5.7,   3.4
10-Jun-2018 22:00, 6.269,-9999 ,  23.6, 1015.4,-0.031,-0.016,  212,   5.0,   3.5
10-Jun-2018 23:00, 7.111,-9999 ,  23.0, 1015.9,-0.052,-0.031,  163,   4.3,   2.0
11-Jun-2018 00:00, 7.624,-9999 ,  23.4, 1016.4,-0.073,-0.046,  127,   3.7,   2.9
11-Jun-2018 01:00, 7.692,-9999 ,  23.1, 1016.5,-0.004, 0.027,  113,   4.6,   3.2
11-Jun-2018 02:00, 7.196,-9999 ,  23.3, 1016.4, 0.050, 0.082,  123,   3.3,   1.7
11-Jun-2018 03:00, 6.297,-9999 ,  25.1, 1015.6, 0.075, 0.106,  109,   1.9,   0.8
11-Jun-2018 04:00, 5.253,-9999 ,  27.4, 1014.6, 0.050, 0.072,   61,   2.1,   0.6
11-Jun-2018 05:00, 4.197,-9999 ,  28.4, 1013.3, 0.002, 0.014,  263,   2.8,   1.2
11-Jun-2018 06:00, 3.332,-9999 ,  27.8, 1012.7,-0.036,-0.037,  247,   4.1,   3.8
11-Jun-2018 07:00, 2.930,-9999 ,  27.5, 1012.3,-0.092,-0.098,  260,   5.9,   5.4
11-Jun-2018 08:00, 3.277,-9999 ,  29.3, 1012.0,-0.072,-0.082,  271,   6.1,   3.1
11-Jun-2018 09:00, 4.192,-9999 ,  27.2, 1012.3,-0.077,-0.089,  258,   6.6,   5.6
11-Jun-2018 10:00, 5.318,-9999 ,  26.6, 1012.5,-0.063,-0.073,  267,   7.8,   5.2
11-Jun-2018 11:00, 6.445,-9999 ,  25.1, 1013.3,-0.026,-0.033,  247,   7.3,   5.2
11-Jun-2018 12:00, 7.328,-9999 ,  25.1, 1014.2,-0.033,-0.032,  237,   7.4,   6.5
11-Jun-2018 13:00, 7.725,-9999 ,  24.8, 1014.6,-0.009, 0.001,  238,   6.8,   5.8
11-Jun-2018 14:00, 7.408,-9999 ,  24.5, 1014.6,-0.029,-0.015,  243,   7.6,   5.9
11-Jun-2018 15:00, 6.591,-9999 ,  24.1, 1014.3, 0.005, 0.019,  228,   6.2,   4.2
11-Jun-2018 16:00, 5.613,-9999 ,  24.1, 1013.8, 0.065, 0.074,  222,   6.5,   5.6
11-Jun-2018 17:00, 4.570,-9999 ,  24.5, 1013.6, 0.051, 0.057,  218,   6.9,   4.5
11-Jun-2018 18:00, 3.655,-9999 ,  24.3, 1013.0, 0.052, 0.054,  168,   6.4,   4.6
11-Jun-2018 19:00, 3.143,-9999 ,  23.9, 1012.9, 0.044, 0.042,  123,   7.2,   5.2
11-Jun-2018 20:00, 3.350,-9999 ,  23.0, 1012.7, 0.070, 0.066,  102,   6.1,   4.1
11-Jun-2018 21:00, 4.235,-9999 ,  23.1, 1012.8, 0.024, 0.019,  121,   5.3,   3.6
11-Jun-2018 22:00, 5.401,-9999 ,  23.3, 1013.1,-0.075,-0.080,  141,   6.0,   4.9
11-Jun-2018 23:00, 6.630,-9999 ,  22.8, 1013.8,-0.096,-0.097,  136,   6.0,   4.7
12-Jun-2018 00:00, 7.741,-9999 ,  22.9, 1014.3,-0.078,-0.072,  126,   6.7,   4.0
12-Jun-2018 01:00, 8.381,-9999 ,  22.5, 1014.6,-0.029,-0.018,  110,   5.4,   3.2
12-Jun-2018 02:00, 8.225,-9999 ,  23.7, 1014.2,-0.009, 0.005,  101,   5.0,   2.7
12-Jun-2018 03:00, 7.370,-9999 ,  24.8, 1013.3, 0.037, 0.045,  135,   2.9,   0.4
12-Jun-2018 04:00, 6.209,-9999 ,  26.2, 1012.5, 0.111, 0.111,  228,   2.8,   2.4
12-Jun-2018 05:00, 4.890,-9999 ,  27.9, 1011.3, 0.066, 0.057,  258,   2.9,   2.5
12-Jun-2018 06:00, 3.583,-9999 ,  27.5, 1010.8, 0.027, 0.007,  279,   4.8,   3.8
12-Jun-2018 07:00, 2.584,-9999 ,  26.0, 1010.5, 0.006,-0.019,  269,   7.4,   5.3
12-Jun-2018 08:00, 2.281,-9999 ,-9999 , 1010.5,-0.005,-0.032,  266,   8.7,   5.8
12-Jun-2018 09:00, 2.941,-9999 ,-9999 , 1010.8,-0.004,-0.031,  275,   8.7,   6.1
12-Jun-2018 10:00, 4.162,-9999 ,-9999 , 1011.3,-0.065,-0.089,  262,   8.5,   6.2
12-Jun-2018 11:00, 5.549,-9999 ,-9999 , 1011.7,-0.063,-0.082,  248,   8.7,   7.0
12-Jun-2018 12:00, 6.917,-9999 ,-9999 , 1012.2,-0.047,-0.062,  238,   8.6,   7.5
12-Jun-2018 13:00, 7.960,-9999 ,  24.3, 1012.5,-0.033,-0.044,  226,   8.3,   5.8
12-Jun-2018 14:00, 8.250,-9999 ,  24.6, 1012.9,-0.031,-0.037,  202,   6.8,   4.3
12-Jun-2018 15:00, 7.657,-9999 ,  24.1, 1012.5,-0.029,-0.032,  187,   5.3,   4.1
12-Jun-2018 16:00, 6.586,-9999 ,  24.0, 1012.4, 0.047, 0.039,  175,   8.6,   5.6
12-Jun-2018 17:00, 5.345,-9999 ,  23.5, 1012.6, 0.039, 0.030,  161,   7.8,   6.3
12-Jun-2018 18:00, 4.061,-9999 ,  23.3, 1012.5,-0.018,-0.024,  138,   6.9,   4.2
12-Jun-2018 19:00, 2.991,-9999 ,  22.8, 1012.0,-0.031,-0.039,  165,  10.4,   8.5
12-Jun-2018 20:00, 2.506,-9999 ,  22.2, 1012.3,-0.014,-0.026,  147,  12.6,  10.2
12-Jun-2018 21:00, 3.003,-9999 ,  21.8, 1012.5, 0.021, 0.011,  149,  13.7,  10.3
12-Jun-2018 22:00, 4.233,-9999 ,-9999 , 1013.5,-0.076,-0.082,  133,  13.3,   9.0
12-Jun-2018 23:00, 5.687,-9999 ,-9999 , 1014.3,-0.168,-0.165,  124,  13.8,   6.1
13-Jun-2018 00:00, 7.168,-9999 ,-9999 , 1015.2,-0.184,-0.172,  131,  11.9,   4.9
13-Jun-2018 01:00, 8.360,-9999 ,-9999 , 1015.4,-0.212,-0.193,  143,  11.8,   5.2
13-Jun-2018 02:00, 8.831,-9999 ,  22.8, 1015.2,-0.216,-0.195,  143,   9.7,   3.6
13-Jun-2018 03:00, 8.387,-9999 ,  23.6, 1014.8,-0.135,-0.115,  149,  10.1,   8.0
13-Jun-2018 04:00, 7.242,-9999 ,  24.3, 1013.9,-0.002, 0.012,  144,  10.0,   5.3
13-Jun-2018 05:00, 5.811,-9999 ,  24.5, 1013.0, 0.036, 0.041,  167,   8.5,   6.1
13-Jun-2018 06:00, 4.270,-9999 ,  24.7, 1012.5,-0.017,-0.020,  172,   7.3,   5.9
13-Jun-2018 07:00, 2.838,-9999 ,  25.2, 1012.1,-0.006,-0.014,  176,   6.7,   5.7
13-Jun-2018 08:00, 1.799,-9999 ,  25.6, 1012.0,-0.029,-0.041,  177,   6.1,   5.6
13-Jun-2018 09:00, 1.767,-9999 ,  25.3, 1012.3,-0.001,-0.013,  173,   6.7,   5.9
13-Jun-2018 10:00, 2.843,-9999 ,  24.8, 1013.1,-0.008,-0.016,  172,   7.2,   5.8
13-Jun-2018 11:00, 4.330,-9999 ,  24.4, 1013.9,-0.093,-0.094,  166,   6.7,   5.8
13-Jun-2018 12:00, 5.909,-9999 ,  23.3, 1014.3,-0.127,-0.120,  153,   6.8,   5.3
13-Jun-2018 13:00, 7.426,-9999 ,  22.7, 1014.7,-0.151,-0.140,  160,   8.4,   6.9
13-Jun-2018 14:00, 8.482,-9999 ,  22.0, 1015.0,-0.114,-0.099,  161,   8.4,   7.4
13-Jun-2018 15:00, 8.473,-9999 ,  21.1, 1015.0,-0.149,-0.132,  157,  10.4,   9.5
13-Jun-2018 16:00, 7.545,-9999 ,  20.5, 1014.9,-0.121,-0.103,  155,  12.3,  10.3
13-Jun-2018 17:00, 6.285,-9999 ,  20.0, 1014.7,-0.019,-0.002,  155,  13.3,  10.8
13-Jun-2018 18:00, 4.879,-9999 ,  19.8, 1014.2,-0.040,-0.026,  150,  13.9,  11.6
13-Jun-2018 19:00, 3.483,-9999 ,  19.4, 1014.3,-0.057,-0.048,  154,  14.3,  10.7
13-Jun-2018 20:00, 2.375,-9999 ,  18.2, 1014.4,-0.051,-0.041,  157,  13.0,   9.6
13-Jun-2018 21:00, 2.040,-9999 ,  17.8, 1014.3,-0.041,-0.030,  144,  12.8,  10.5
13-Jun-2018 22:00, 2.928,-9999 ,  17.7, 1015.1,-0.039,-0.027,  136,  11.9,   7.6
13-Jun-2018 23:00, 4.502,-9999 ,  16.9, 1015.9,-0.139,-0.120,  123,  10.5,   5.7
14-Jun-2018 00:00, 6.237,-9999 ,  17.0, 1016.5,-0.168,-0.140,  126,   8.4,   6.0
14-Jun-2018 01:00, 7.873,-9999 ,  18.0, 1016.3,-0.199,-0.167,  119,   9.6,   6.4
14-Jun-2018 02:00, 9.060,-9999 ,  19.6, 1016.1,-0.196,-0.166,  110,   8.1,   4.5
14-Jun-2018 03:00, 9.287,-9999 ,  23.7, 1015.3,-0.144,-0.117,  111,  10.4,   8.9
14-Jun-2018 04:00, 8.399,-9999 ,  24.1, 1014.4,-0.081,-0.062,  128,  10.3,   7.1
14-Jun-2018 05:00, 6.949,-9999 ,  24.7, 1013.5, 0.014, 0.024,  139,   7.5,   6.3
14-Jun-2018 06:00, 5.343,-9999 ,  24.8, 1013.2, 0.017, 0.020,  151,   6.6,   4.1
14-Jun-2018 07:00, 3.669,-9999 ,  25.3, 1012.8,-0.012,-0.013,  146,   6.2,   4.8
14-Jun-2018 08:00, 2.155,-9999 ,  25.9, 1012.9,-0.013,-0.018,  135,   5.4,   4.1
14-Jun-2018 09:00, 1.216,-9999 ,  25.3, 1013.2,-0.049,-0.053,  135,   4.6,   4.1
14-Jun-2018 10:00, 1.586,-9999 ,  25.3, 1014.0,-0.017,-0.017,  136,   6.5,   5.3
14-Jun-2018 11:00, 2.994,-9999 ,  24.7, 1014.8,-0.064,-0.056,  166,   8.0,   6.6
14-Jun-2018 12:00, 4.677,-9999 ,  24.0, 1015.3,-0.132,-0.116,  166,   8.0,   6.7
14-Jun-2018 13:00, 6.446,-9999 ,  23.6, 1015.9,-0.147,-0.126,  164,   8.4,   7.3
14-Jun-2018 14:00, 8.043,-9999 ,  23.1, 1016.0,-0.152,-0.125,  161,   9.5,   7.6
14-Jun-2018 15:00, 8.913,-9999 ,  22.4, 1016.2,-0.111,-0.083,  166,  10.1,   8.0
14-Jun-2018 16:00, 8.533,-9999 ,  22.1, 1015.9,-0.132,-0.103,  162,  10.6,   8.4
14-Jun-2018 17:00, 7.306,-9999 ,  21.6, 1015.7,-0.110,-0.083,  155,  12.3,   9.8
14-Jun-2018 18:00, 5.868,-9999 ,  20.8, 1015.4,-0.072,-0.049,  148,  12.8,   9.8
14-Jun-2018 19:00, 4.340,-9999 ,  20.3, 1015.3,-0.094,-0.072,  144,  12.0,   8.8
14-Jun-2018 20:00, 2.904,-9999 ,  19.6, 1015.3,-0.073,-0.053,  128,  11.0,   8.9
14-Jun-2018 21:00, 1.869,-9999 ,  19.4, 1015.4,-0.057,-0.036,  133,   9.2,   7.6
14-Jun-2018 22:00, 1.908,-9999 ,  18.8, 1015.5,-0.016, 0.005,  139,   9.6,   8.2
14-Jun-2018 23:00, 3.218,-9999 ,  18.7, 1016.1,-0.034,-0.011,  133,   9.2,   6.7
15-Jun-2018 00:00, 5.034,-9999 ,  19.2, 1016.5,-0.106,-0.078,  136,   8.1,   6.6
15-Jun-2018 01:00, 6.926,-9999 ,  19.9, 1016.7,-0.117,-0.084,  128,   7.9,   6.2
15-Jun-2018 02:00, 8.585,-9999 ,  22.9, 1016.3,-0.157,-0.123,  112,  10.8,   9.3
15-Jun-2018 03:00, 9.540,-9999 ,  24.2, 1015.8,-0.168,-0.138,  110,  11.2,   8.1
15-Jun-2018 04:00, 9.335,-9999 ,  25.0, 1015.0,-0.122,-0.097,  104,   9.0,   5.1
15-Jun-2018 05:00, 8.093,-9999 ,  25.1, 1014.1,-0.059,-0.043,  148,   6.4,   2.3
15-Jun-2018 06:00, 6.502,-9999 ,  27.0, 1013.6, 0.003, 0.011,  155,   3.4,   1.9
15-Jun-2018 07:00, 4.805,-9999 ,  28.9, 1013.2,-0.005,-0.002,  162,   3.1,   2.3
15-Jun-2018 08:00, 3.110,-9999 ,  28.7, 1013.2, 0.018, 0.018,  173,   3.4,   1.5
15-Jun-2018 09:00, 1.626,-9999 ,  28.1, 1013.5,-0.009,-0.009,  234,   3.6,   2.7
15-Jun-2018 10:00, 0.980,-9999 ,  24.1, 1014.2,-0.046,-0.043,  233,   4.7,   4.2
15-Jun-2018 11:00, 1.806,-9999 ,  24.4, 1014.7,-0.015,-0.005,  230,   5.5,   4.7
15-Jun-2018 12:00, 3.427,-9999 ,  23.7, 1015.3,-0.063,-0.047,  218,   6.2,   3.7
15-Jun-2018 13:00, 5.230,-9999 ,  25.7, 1015.7,-0.094,-0.073,  181,   5.5,   4.2
15-Jun-2018 14:00, 7.066,-9999 ,  24.4, 1015.8,-0.123,-0.098,  158,   7.5,   6.7
15-Jun-2018 15:00, 8.566,-9999 ,  23.5, 1015.8,-0.124,-0.099,  147,   7.9,   6.0
15-Jun-2018 16:00, 9.096,-9999 ,  23.0, 1015.7,-0.076,-0.051,  146,   8.0,   6.2
15-Jun-2018 17:00, 8.337,-9999 ,  23.2, 1015.5,-0.086,-0.061,  141,   7.6,   5.9
15-Jun-2018 18:00, 6.958,-9999 ,  23.1, 1015.1,-0.066,-0.044,  132,   8.0,   7.0
15-Jun-2018 19:00, 5.458,-9999 ,  22.5, 1015.1,-0.043,-0.024,  129,   8.0,   4.7
15-Jun-2018 20:00, 3.881,-9999 ,  22.3, 1015.1,-0.039,-0.020,  125,   7.3,   6.1
15-Jun-2018 21:00, 2.454,-9999 ,  22.3, 1015.1,-0.030,-0.012,  126,   7.9,   6.8
15-Jun-2018 22:00, 1.602,-9999 ,  22.3, 1015.5,-0.050,-0.032,  128,   8.6,   7.3
15-Jun-2018 23:00, 2.090,-9999 ,  22.1, 1016.2,-0.031,-0.008,  125,   8.1,   5.8
16-Jun-2018 00:00, 3.718,-9999 ,  22.1, 1016.8,-0.045,-0.015,  106,   6.6,   4.4
16-Jun-2018 01:00, 5.645,-9999 ,  24.5, 1016.8,-0.076,-0.041,  108,  10.0,   8.5
16-Jun-2018 02:00, 7.549,-9999 ,  25.0, 1016.6,-0.098,-0.063,  112,  11.1,   7.7
16-Jun-2018 03:00, 9.085,-9999 ,  26.3, 1016.0,-0.125,-0.093,  107,  11.4,   8.0
16-Jun-2018 04:00, 9.702,-9999 ,  27.3, 1015.3,-0.109,-0.083,  107,  10.0,   8.0
16-Jun-2018 05:00, 9.069,-9999 ,  28.5, 1014.4,-0.062,-0.043,  102,   9.8,   7.7
16-Jun-2018 06:00, 7.620,-9999 ,  28.7, 1014.0,-0.031,-0.020,  102,   8.9,   5.8
16-Jun-2018 07:00, 5.987,-9999 ,  29.8, 1013.8,-0.023,-0.016,  102,   7.5,   4.7
16-Jun-2018 08:00, 4.275,-9999 ,  29.4, 1014.1,-0.017,-0.012,  108,   6.7,   5.8
16-Jun-2018 09:00, 2.608,-9999 ,  27.4, 1014.6,-0.004, 0.005,  322,   8.2,   4.9
16-Jun-2018 10:00, 1.325,-9999 ,  26.5, 1015.3,-0.029,-0.014,  320,   6.9,   5.8
16-Jun-2018 11:00, 1.160,-9999 ,  26.8, 1016.0,-0.025,-0.004,  325,   6.9,   5.4
16-Jun-2018 12:00, 2.345,-9999 ,  25.4, 1016.8, 0.006, 0.035,    0,   5.6,   0.0
16-Jun-2018 13:00, 4.032,-9999 ,  25.7, 1017.0,-0.018, 0.017,  193,   2.0,   1.3
16-Jun-2018 14:00, 5.840,-9999 ,  24.6, 1017.1,-0.049,-0.011,  195,   2.9,   2.4
16-Jun-2018 15:00, 7.597,-9999 ,  24.0, 1017.1,-0.106,-0.068,  173,   5.2,   4.4
16-Jun-2018 16:00, 8.858,-9999 ,  25.6, 1016.9,-0.092,-0.054,  139,   6.2,   5.3
16-Jun-2018 17:00, 8.959,-9999 ,  24.4, 1016.5,-0.053,-0.017,  133,   6.0,   4.1
16-Jun-2018 18:00, 7.919,-9999 ,  23.6, 1016.1,-0.069,-0.038,  127,   7.8,   6.8
16-Jun-2018 19:00, 6.519,-9999 ,  22.8, 1015.8,-0.053,-0.025,  125,   7.7,   6.4
16-Jun-2018 20:00, 5.024,-9999 ,  22.5, 1015.9,-0.012, 0.013,  127,  10.0,   8.7
16-Jun-2018 21:00, 3.490,-9999 ,  22.1, 1016.3, 0.022, 0.049,  120,   9.0,   6.6
16-Jun-2018 22:00, 2.182,-9999 ,  21.1, 1016.8, 0.007, 0.038,  119,   7.6,   6.3
16-Jun-2018 23:00, 1.676,-9999 ,  21.1, 1017.5,-0.042,-0.006,  114,   8.8,   7.8
17-Jun-2018 00:00, 2.583,-9999 ,  21.1, 1017.7,-0.042, 0.001,  112,   9.3,   7.5
17-Jun-2018 01:00, 4.312,-9999 ,  23.0, 1017.8,-0.063,-0.019,  113,  12.7,  10.5
17-Jun-2018 02:00, 6.205,-9999 ,  24.3, 1017.5,-0.070,-0.025,  108,  12.0,  10.4
17-Jun-2018 03:00, 8.019,-9999 ,  24.9, 1016.9,-0.058,-0.016,  107,  11.8,   7.4
17-Jun-2018 04:00, 9.288,-9999 ,  25.9, 1016.0,-0.070,-0.034,  111,   7.9,   5.8
17-Jun-2018 05:00, 9.457,-9999 ,  27.3, 1015.0,-0.085,-0.059,  111,   8.0,   7.1
17-Jun-2018 06:00, 8.502,-9999 ,  28.2, 1014.6,-0.061,-0.044,  114,   7.8,   6.1
17-Jun-2018 07:00, 7.036,-9999 ,  27.3, 1014.2,-0.052,-0.039,  114,   7.3,   4.6
17-Jun-2018 08:00, 5.470,-9999 ,  27.7, 1014.4,-0.046,-0.036,  143,   5.2,   2.5
17-Jun-2018 09:00, 3.832,-9999 ,  29.4, 1014.5,-0.023,-0.012,  131,   7.7,   7.3
17-Jun-2018 10:00, 2.344,-9999 ,  28.7, 1015.4, 0.007, 0.021,  133,   7.9,   6.3
17-Jun-2018 11:00, 1.399,-9999 ,  27.5, 1015.9,-0.014, 0.008,  128,   6.3,   5.3
17-Jun-2018 12:00, 1.704,-9999 ,  25.1, 1016.3, 0.006, 0.033,  140,   6.7,   5.9
17-Jun-2018 13:00, 3.033,-9999 ,  24.3, 1016.3, 0.019, 0.049,  149,   8.8,   7.5
17-Jun-2018 14:00, 4.627,-9999 ,  23.7, 1016.5,-0.024, 0.006,  142,  10.3,   8.9
17-Jun-2018 15:00, 6.323,-9999 ,  23.3, 1016.3,-0.080,-0.048,  141,  10.4,   9.0
17-Jun-2018 16:00, 7.894,-9999 ,  23.0, 1016.2,-0.134,-0.104,  139,  11.7,   8.5
17-Jun-2018 17:00, 8.801,-9999 ,  22.4, 1016.0,-0.119,-0.090,  124,  11.0,   8.3
17-Jun-2018 18:00, 8.489,-9999 ,  21.0, 1015.7,-0.118,-0.091,  120,  10.5,   7.5
17-Jun-2018 19:00, 7.362,-9999 ,  20.2, 1014.8,-0.116,-0.093,  112,  11.2,   9.1
17-Jun-2018 20:00, 6.059,-9999 ,  19.6, 1015.1,-0.053,-0.038,  111,   9.9,   5.3
17-Jun-2018 21:00, 4.589,-9999 ,  19.5, 1015.2,-0.033,-0.015,  110,   8.1,   6.7
17-Jun-2018 22:00, 3.161,-9999 ,  19.9, 1015.5,-0.024,-0.005,  118,   7.9,   6.8
17-Jun-2018 23:00, 2.153,-9999 ,  19.4, 1016.3, 0.002, 0.024,  114,  10.5,   8.2
18-Jun-2018 00:00, 2.149,-9999 ,  19.4, 1016.8, 0.024, 0.055,  110,   9.9,   7.0
18-Jun-2018 01:00, 3.312,-9999 ,  20.9, 1016.6, 0.023, 0.058,  102,  11.3,   9.7
18-Jun-2018 02:00, 4.934,-9999 ,  22.4, 1015.9,-0.026, 0.006,  104,  11.2,   9.3
18-Jun-2018 03:00, 6.645,-9999 ,  23.3, 1015.1,-0.039,-0.013,  112,  10.4,   7.3
18-Jun-2018 04:00, 8.206,-9999 ,  24.4, 1014.0,-0.018, 0.000,  115,   8.2,   6.4
18-Jun-2018 05:00, 9.129,-9999 ,  25.5, 1012.9,-0.021,-0.015,  120,   7.3,   6.1
18-Jun-2018 06:00, 8.985,-9999 ,  26.4, 1012.2, 0.004, 0.000,  124,   6.5,   5.5
18-Jun-2018 07:00, 7.934,-9999 ,  27.5, 1012.1, 0.035, 0.024,  131,   6.1,   4.4
18-Jun-2018 08:00, 6.570,-9999 ,  26.6, 1012.4, 0.031, 0.019,  152,   4.7,   2.4
18-Jun-2018 09:00, 5.114,-9999 ,  26.9, 1013.3, 0.037, 0.029,  168,   3.0,   2.2
18-Jun-2018 10:00, 3.642,-9999 ,  26.5, 1013.9, 0.056, 0.057,  147,   2.8,   1.0
18-Jun-2018 11:00, 2.427,-9999 ,  24.7, 1014.5, 0.091, 0.097,  224,   3.6,   2.7
18-Jun-2018 12:00, 1.875,-9999 ,  23.6, 1015.5, 0.063, 0.076,   63,   3.0,   1.5
18-Jun-2018 13:00, 2.441,-9999 ,  23.9, 1015.9, 0.025, 0.048,  285,   4.1,   2.0
18-Jun-2018 14:00, 3.739,-9999 ,  23.1, 1016.1, 0.033, 0.059,  235,   5.4,   2.2
18-Jun-2018 15:00, 5.227,-9999 ,  23.2, 1016.2, 0.025, 0.054,  160,   3.8,   3.0
18-Jun-2018 16:00, 6.763,-9999 ,  23.2, 1016.3, 0.002, 0.031,  136,   5.9,   5.0
18-Jun-2018 17:00, 8.068,-9999 ,  23.0, 1016.3,-0.031, 0.000,  147,   8.6,   7.2
18-Jun-2018 18:00, 8.583,-9999 ,  22.4, 1015.6,-0.042,-0.012,  112,   8.0,   7.1
18-Jun-2018 19:00, 8.076,-9999 ,  20.8, 1015.5,-0.007, 0.016,  100,   7.7,   5.8
18-Jun-2018 20:00, 7.024,-9999 ,  20.5, 1015.6, 0.039, 0.062,   92,   6.5,   5.7
18-Jun-2018 21:00, 5.770,-9999 ,  19.9, 1016.0, 0.061, 0.085,  120,   7.8,   5.6
18-Jun-2018 22:00, 4.421,-9999 ,  19.6, 1016.5, 0.060, 0.088,  122,   6.5,   5.2
18-Jun-2018 23:00, 3.227,-9999 ,  18.7, 1017.1, 0.076, 0.109,  112,   6.1,   4.2
19-Jun-2018 00:00, 2.525,-9999 ,  17.9, 1017.7, 0.083, 0.122,   98,   4.7,   3.4
19-Jun-2018 01:00, 2.812,-9999 ,  19.1, 1018.0, 0.061, 0.106,  113,   6.0,   4.8
19-Jun-2018 02:00, 4.010,-9999 ,  19.9, 1017.7, 0.074, 0.121,  122,   6.3,   4.1
19-Jun-2018 03:00, 5.467,-9999 ,  22.1, 1017.1, 0.062, 0.106,  133,   5.0,   3.3
19-Jun-2018 04:00, 6.867,-9999 ,  22.9, 1016.0, 0.019, 0.056,  199,   3.8,   1.4
19-Jun-2018 05:00, 8.035,-9999 ,  23.3, 1015.2,-0.019, 0.007,  233,   3.3,   2.5
19-Jun-2018 06:00, 8.629,-9999 ,  25.2, 1014.7,-0.021,-0.002,  260,   3.5,   2.1
19-Jun-2018 07:00, 8.290,-9999 ,  24.9, 1014.5, 0.008, 0.022,  257,   7.5,   3.5
19-Jun-2018 08:00, 7.291,-9999 ,  24.5, 1014.4, 0.020, 0.032,  271,   6.0,   2.5
19-Jun-2018 09:00, 6.074,-9999 ,  23.7, 1015.0, 0.007, 0.019,  267,   5.1,   3.5
19-Jun-2018 10:00, 4.807,-9999 ,  23.1, 1015.5, 0.027, 0.045,  272,   4.8,   2.0
19-Jun-2018 11:00, 3.614,-9999 ,  23.3, 1016.1, 0.065, 0.087,  252,   5.7,   5.0
19-Jun-2018 12:00, 2.705,-9999 ,  23.2, 1016.8, 0.088, 0.117,  223,   4.9,   3.3
19-Jun-2018 13:00, 2.484,-9999 ,  24.0, 1017.1, 0.044, 0.080,  149,   5.8,   4.7
19-Jun-2018 14:00, 3.152,-9999 ,  23.3, 1017.5, 0.002, 0.041,  145,   5.9,   4.2
19-Jun-2018 15:00, 4.304,-9999 ,  21.8, 1017.5,-0.001, 0.041,  161,  10.3,   8.6
19-Jun-2018 16:00, 5.577,-9999 ,  21.7, 1017.6,-0.025, 0.018,  141,  12.2,   9.5
19-Jun-2018 17:00, 6.812,-9999 ,  21.4, 1017.4,-0.086,-0.043,  123,  10.2,   7.1
19-Jun-2018 18:00, 7.781,-9999 ,  21.6, 1016.8,-0.144,-0.103,  127,  10.5,   8.1
19-Jun-2018 19:00, 8.061,-9999 ,  21.4, 1016.9,-0.106,-0.071,  132,  11.3,   8.1
19-Jun-2018 20:00, 7.493,-9999 ,  20.7, 1017.3,-0.078,-0.041,  128,  10.9,   8.9
19-Jun-2018 21:00, 6.488,-9999 ,  20.0, 1017.3,-0.093,-0.053,  116,  10.6,   7.0
19-Jun-2018 22:00, 5.373,-9999 ,  19.6, 1018.0,-0.077,-0.036,  121,  10.4,   8.2
19-Jun-2018 23:00, 4.291,-9999 ,  18.8, 1018.6,-0.036, 0.012,  124,   9.3,   6.3
20-Jun-2018 00:00, 3.370,-9999 ,  19.0, 1019.0,-0.008, 0.046,  131,   9.7,   7.4
20-Jun-2018 01:00, 2.920,-9999 ,  20.2, 1018.7,-0.037, 0.020,  119,   9.9,   7.6
20-Jun-2018 02:00, 3.329,-9999 ,  23.7, 1017.8,-0.063,-0.009,  117,  11.4,   9.9
20-Jun-2018 03:00, 4.386,-9999 ,  24.1, 1017.0,-0.030, 0.015,  119,  11.7,   7.6
20-Jun-2018 04:00, 5.611,-9999 ,  25.0, 1016.0, 0.001, 0.037,  132,   9.3,   7.7
20-Jun-2018 05:00, 6.731,-9999 ,  25.3, 1015.2, 0.006, 0.033,  133,   8.5,   6.0
20-Jun-2018 06:00, 7.603,-9999 ,  26.0, 1014.7,-0.025,-0.007,  140,   7.7,   5.5
20-Jun-2018 07:00, 8.007,-9999 ,  26.2, 1014.6, 0.008, 0.022,  139,   5.7,   4.2
20-Jun-2018 08:00, 7.640,-9999 ,  26.3, 1014.7, 0.024, 0.038,  148,   5.4,   4.2
20-Jun-2018 09:00, 6.740,-9999 ,  26.5, 1015.2,-0.032,-0.017,  138,   7.5,   6.8
20-Jun-2018 10:00, 5.728,-9999 ,  25.1, 1016.0,-0.023,-0.003,  167,   7.4,   6.5
20-Jun-2018 11:00, 4.706,-9999 ,  24.6, 1016.9, 0.005, 0.033,  160,   7.6,   6.7
20-Jun-2018 12:00, 3.774,-9999 ,  23.9, 1017.3, 0.025, 0.062,  153,   7.5,   6.5
20-Jun-2018 13:00, 3.114,-9999 ,  23.6, 1017.5, 0.015, 0.055,  148,   7.3,   5.6
20-Jun-2018 14:00, 3.068,-9999 ,  22.5, 1017.7,-0.039, 0.003,  159,   8.3,   6.6
20-Jun-2018 15:00, 3.734,-9999 ,  22.2, 1017.5,-0.014, 0.030,  163,  10.3,   8.7
20-Jun-2018 16:00, 4.700,-9999 ,  21.8, 1017.4,-0.018, 0.024,  161,  10.8,   9.1
20-Jun-2018 17:00, 5.706,-9999 ,  21.7, 1017.2,-0.072,-0.031,  157,  12.9,  10.4
20-Jun-2018 18:00, 6.680,-9999 ,  21.3, 1016.8,-0.133,-0.094,  154,  13.3,  11.1
20-Jun-2018 19:00, 7.424,-9999 ,  20.7, 1016.7,-0.162,-0.127,  147,  13.3,  10.6
20-Jun-2018 20:00, 7.585,-9999 ,  20.7, 1017.1,-0.109,-0.073,  146,  13.0,  10.5
20-Jun-2018 21:00, 7.069,-9999 ,  20.0, 1016.9,-0.112,-0.074,  138,  13.3,  10.5
20-Jun-2018 22:00, 6.258,-9999 ,  19.3, 1017.4,-0.090,-0.054,  141,  13.4,  10.8
20-Jun-2018 23:00, 5.368,-9999 ,  19.2, 1017.5,-0.046,-0.005,  142,  13.3,  11.3
21-Jun-2018 00:00, 4.473,-9999 ,  19.3, 1017.8,-0.050,-0.008,  137,  13.6,  11.7
21-Jun-2018 01:00, 3.754,-9999 ,  20.1, 1018.2,-0.033, 0.013,  141,  13.5,   9.1
21-Jun-2018 02:00, 3.479,-9999 ,  22.1, 1017.8,-0.033, 0.016,  132,  10.3,   8.2
21-Jun-2018 03:00, 3.867,-9999 ,  23.5, 1017.0, 0.006, 0.051,  124,   9.1,   6.9
21-Jun-2018 04:00, 4.667,-9999 ,  24.4, 1016.0, 0.037, 0.073,  115,   7.3,   5.3
21-Jun-2018 05:00, 5.530,-9999 ,  25.4, 1015.0, 0.007, 0.033,  121,   5.7,   3.9
21-Jun-2018 06:00, 6.363,-9999 ,  25.7, 1014.5, 0.000, 0.017,  164,   4.5,   1.3
21-Jun-2018 07:00, 7.046,-9999 ,  26.5, 1014.3,-0.029,-0.017,  195,   2.6,   1.8
21-Jun-2018 08:00, 7.357,-9999 ,  26.1, 1014.5,-0.011,-0.001,  187,   3.0,   2.4
21-Jun-2018 09:00, 7.078,-9999 ,  23.6, 1015.2,-0.031,-0.018,  248,   4.8,   3.7
21-Jun-2018 10:00, 6.397,-9999 ,  23.4, 1015.8,-0.078,-0.059,  237,   4.5,   4.0
21-Jun-2018 11:00, 5.618,-9999 ,  25.1, 1016.5,-0.047,-0.021,  186,   5.2,   4.2
21-Jun-2018 12:00, 4.819,-9999 ,  23.8, 1016.8,-0.032, 0.000,  157,   9.1,   7.7
21-Jun-2018 13:00, 4.120,-9999 ,  23.3, 1017.0, 0.008, 0.043,  152,   9.7,   8.4
21-Jun-2018 14:00, 3.681,-9999 ,  22.8, 1017.2, 0.048, 0.086,  153,  10.1,   8.8
21-Jun-2018 15:00, 3.644,-9999 ,  22.1, 1016.8, 0.004, 0.042,  149,  10.5,   8.9
21-Jun-2018 16:00, 4.066,-9999 ,  22.0, 1016.5,-0.052,-0.017,  145,  10.8,   8.9
21-Jun-2018 17:00, 4.792,-9999 ,  22.1, 1016.4,-0.086,-0.053,  142,  10.7,   9.1
21-Jun-2018 18:00, 5.590,-9999 ,  21.4, 1016.1,-0.135,-0.104,  137,  12.0,   9.6
21-Jun-2018 19:00, 6.352,-9999 ,  20.6, 1016.2,-0.229,-0.201,  128,  11.5,   8.6
21-Jun-2018 20:00, 6.985,-9999 ,  19.8, 1016.3,-0.225,-0.195,  120,  11.4,   8.4
21-Jun-2018 21:00, 7.212,-9999 ,  19.5, 1016.4,-0.124,-0.094,  123,  10.8,   9.2
21-Jun-2018 22:00, 6.892,-9999 ,  19.2, 1016.9,-0.097,-0.065,  127,  11.0,   9.6
21-Jun-2018 23:00, 6.285,-9999 ,  18.8, 1017.3,-0.062,-0.025,  138,  10.8,   8.9
22-Jun-2018 00:00, 5.578,-9999 ,  18.2, 1018.0,-0.029, 0.012,  130,  11.3,   8.7
22-Jun-2018 01:00, 4.862,-9999 ,  20.2, 1018.0,-0.002, 0.045,  126,  12.3,  10.3
22-Jun-2018 02:00, 4.251,-9999 ,  22.7, 1017.7, 0.026, 0.073,  109,  11.1,   8.7
22-Jun-2018 03:00, 3.881,-9999 ,  23.7, 1016.9,-0.034, 0.010,  115,  11.7,   9.6
22-Jun-2018 04:00, 3.965,-9999 ,  23.9, 1016.2,-0.083,-0.047,  125,  11.4,   6.7
22-Jun-2018 05:00, 4.491,-9999 ,  24.6, 1015.3,-0.047,-0.019,  132,   8.4,   6.4
22-Jun-2018 06:00, 5.183,-9999 ,  26.0, 1014.5, 0.001, 0.021,  140,   9.4,   8.3
22-Jun-2018 07:00, 5.888,-9999 ,  25.5, 1014.2, 0.003, 0.015,  143,   8.6,   7.2
22-Jun-2018 08:00, 6.545,-9999 ,  26.5, 1014.5, 0.003, 0.013,  152,   8.7,   7.9
22-Jun-2018 09:00, 6.947,-9999 ,  25.3, 1015.1, 0.049, 0.062,  151,   7.6,   5.9
22-Jun-2018 10:00, 6.874,-9999 ,  25.0, 1015.5, 0.031, 0.049,  154,   8.1,   6.7
22-Jun-2018 11:00, 6.387,-9999 ,  24.1, 1016.3,-0.045,-0.022,  158,   8.7,   7.8
22-Jun-2018 12:00, 5.734,-9999 ,  23.4, 1016.6,-0.090,-0.060,  150,  10.2,   8.7
22-Jun-2018 13:00, 5.062,-9999 ,  22.2, 1017.1,-0.094,-0.060,  155,  10.7,   8.5
22-Jun-2018 14:00, 4.467,-9999 ,  21.1, 1017.4,-0.047,-0.008,  149,  11.2,   9.2
22-Jun-2018 15:00, 4.002,-9999 ,  21.0, 1017.4,-0.052,-0.010,  149,  11.3,   9.4
22-Jun-2018 16:00, 3.859,-9999 ,  20.4, 1017.2,-0.079,-0.038,  147,  13.5,   9.2
22-Jun-2018 17:00, 4.148,-9999 ,  19.5, 1017.0,-0.070,-0.031,  139,  10.9,   8.3
22-Jun-2018 18:00, 4.675,-9999 ,  19.7, 1016.6,-0.109,-0.071,  132,  11.8,  10.1
22-Jun-2018 19:00, 5.347,-9999 ,  19.1, 1016.3,-0.168,-0.136,  126,  12.4,   8.9
22-Jun-2018 20:00, 6.133,-9999 ,  18.8, 1016.6,-0.177,-0.146,  129,  12.8,   9.9
22-Jun-2018 21:00, 6.792,-9999 ,  18.4, 1016.8,-0.137,-0.104,  136,  12.3,   9.3
22-Jun-2018 22:00, 7.094,-9999 ,  18.1, 1017.5,-0.091,-0.055,  137,  11.2,   9.4
22-Jun-2018 23:00, 6.966,-9999 ,  17.8, 1017.8,-0.072,-0.030,  131,  12.1,   9.6
23-Jun-2018 00:00, 6.493,-9999 ,  18.3, 1018.2,-0.083,-0.038,  122,  11.5,   9.0
23-Jun-2018 01:00, 5.864,-9999 ,  20.7, 1018.2,-0.072,-0.022,  119,  11.9,   9.3
23-Jun-2018 02:00, 5.196,-9999 ,  21.2, 1018.1,-0.014, 0.035,  123,  13.2,  10.9
23-Jun-2018 03:00, 4.552,-9999 ,  21.0, 1017.5, 0.027, 0.075,  122,  13.3,  11.9
23-Jun-2018 04:00, 4.047,-9999 ,  21.8, 1016.6, 0.001, 0.042,  123,  12.2,   9.4
23-Jun-2018 05:00, 3.828,-9999 ,  22.3, 1015.9,-0.102,-0.070,  134,  10.6,   9.0
23-Jun-2018 06:00, 4.040,-9999 ,  22.5, 1015.6,-0.140,-0.114,  145,  10.2,   7.0
23-Jun-2018 07:00, 4.624,-9999 ,  22.6, 1015.6,-0.090,-0.067,  159,   9.9,   8.1
23-Jun-2018 08:00, 5.348,-9999 ,  22.6, 1015.9,-0.092,-0.069,  155,  11.5,   9.4
23-Jun-2018 09:00, 6.052,-9999 ,  22.4, 1016.4,-0.111,-0.085,  155,  11.1,   9.3
23-Jun-2018 10:00, 6.590,-9999 ,  21.8, 1017.0,-0.086,-0.054,  153,  11.2,   9.4
23-Jun-2018 11:00, 6.795,-9999 ,  21.1, 1017.7,-0.050,-0.012,  153,  11.3,   9.3
23-Jun-2018 12:00, 6.579,-9999 ,  20.3, 1018.3,-0.057,-0.012,  151,  13.1,  10.6
23-Jun-2018 13:00, 6.055,-9999 ,  19.4, 1018.6,-0.085,-0.034,  153,  13.4,  11.3
23-Jun-2018 14:00, 5.403,-9999 ,  19.1, 1018.8,-0.083,-0.029,  149,  14.0,  11.2
23-Jun-2018 15:00, 4.745,-9999 ,  19.0, 1018.6,-0.071,-0.016,  143,  14.0,  10.5
23-Jun-2018 16:00, 4.202,-9999 ,  19.0, 1018.6,-0.056,-0.003,  141,  13.7,  10.6
23-Jun-2018 17:00, 3.882,-9999 ,  18.3, 1018.3,-0.093,-0.040,  136,  12.3,   8.7
23-Jun-2018 18:00, 3.883,-9999 ,  18.3, 1017.8,-0.181,-0.131,  124,   9.9,   7.6
23-Jun-2018 19:00, 4.315,-9999 ,  17.9, 1017.4,-0.207,-0.162,  130,  13.0,  10.0
23-Jun-2018 20:00, 5.086,-9999 ,  17.4, 1017.3,-0.192,-0.151,  128,  12.2,   9.4
23-Jun-2018 21:00, 5.943,-9999 ,  17.2, 1017.7,-0.180,-0.140,  129,  12.1,   9.1
23-Jun-2018 22:00, 6.706,-9999 ,  16.9, 1018.1,-0.136,-0.091,  131,  11.6,   8.7
23-Jun-2018 23:00, 7.194,-9999 ,  16.7, 1018.2,-0.082,-0.034,  136,  11.5,   9.2
24-Jun-2018 00:00, 7.237,-9999 ,  17.0, 1018.8,-0.072,-0.022,  131,  11.8,   9.9
24-Jun-2018 01:00, 6.837,-9999 ,  18.7, 1018.7,-0.094,-0.039,  130,  12.0,   8.9
24-Jun-2018 02:00, 6.138,-9999 ,  21.2, 1018.1,-0.105,-0.051,  112,  13.3,  10.4
24-Jun-2018 03:00, 5.342,-9999 ,  21.8, 1017.3,-0.070,-0.022,  120,  12.7,   9.5
24-Jun-2018 04:00, 4.540,-9999 ,  23.0, 1016.2,-0.030, 0.009,  111,  11.7,   8.5
24-Jun-2018 05:00, 3.862,-9999 ,  23.1, 1015.4,-0.026, 0.002,  122,  10.1,   6.2
24-Jun-2018 06:00, 3.510,-9999 ,  23.9, 1014.8,-0.046,-0.025,  137,   6.7,   5.3
24-Jun-2018 07:00, 3.682,-9999 ,  24.8, 1014.5,-0.002, 0.013,  138,   6.9,   6.0
24-Jun-2018 08:00, 4.330,-9999 ,  25.3, 1014.8, 0.041, 0.054,  139,   6.3,   5.6
24-Jun-2018 09:00, 5.167,-9999 ,  24.0, 1015.2, 0.015, 0.030,  142,   6.0,   4.2
24-Jun-2018 10:00, 6.002,-9999 ,  24.9, 1016.1,-0.020, 0.000,  135,   5.8,   5.3
24-Jun-2018 11:00, 6.701,-9999 ,  24.0, 1017.0,-0.026, 0.003,  164,   7.3,   6.4
24-Jun-2018 12:00, 7.080,-9999 ,  22.4, 1017.7,-0.012, 0.026,  160,   9.0,   7.9
24-Jun-2018 13:00, 6.951,-9999 ,  21.6, 1017.9,-0.041, 0.004,  154,  11.0,   9.6
24-Jun-2018 14:00, 6.390,-9999 ,  20.3, 1017.9,-0.068,-0.022,  158,  11.3,   9.9
24-Jun-2018 15:00, 5.622,-9999 ,  20.1, 1017.6,-0.085,-0.039,  152,  13.2,  11.2
24-Jun-2018 16:00, 4.839,-9999 ,  19.5, 1017.5,-0.080,-0.037,  153,  13.7,  10.4
24-Jun-2018 17:00, 4.189,-9999 ,  18.6, 1017.4,-0.027, 0.015,  154,  13.3,  10.9
24-Jun-2018 18:00, 3.718,-9999 ,  18.1, 1017.0,-0.055,-0.015,  153,  14.7,  12.2
24-Jun-2018 19:00, 3.621,-9999 ,  18.1, 1017.0,-0.116,-0.079,  141,  14.3,  10.1
24-Jun-2018 20:00, 4.093,-9999 ,  17.8, 1017.2,-0.152,-0.115,  131,  13.2,   9.5
24-Jun-2018 21:00, 4.931,-9999 ,  17.3, 1017.3,-0.212,-0.173,  130,  13.2,  10.8
24-Jun-2018 22:00, 5.863,-9999 ,  16.6, 1017.8,-0.258,-0.217,  128,  13.5,  10.9
24-Jun-2018 23:00, 6.758,-9999 ,  16.2, 1018.4,-0.238,-0.193,  121,  14.3,   9.6
25-Jun-2018 00:00, 7.437,-9999 ,  16.1, 1019.0,-0.153,-0.101,  129,  12.6,   9.7
25-Jun-2018 01:00, 7.642,-9999 ,  18.5, 1018.8,-0.061,-0.004,  123,  12.5,   7.7
25-Jun-2018 02:00, 7.206,-9999 ,  21.2, 1018.3,-0.036, 0.019,  119,  13.5,   9.1
25-Jun-2018 03:00, 6.359,-9999 ,  21.9, 1017.4,-0.025, 0.025,  114,  13.5,   8.8
25-Jun-2018 04:00, 5.364,-9999 ,  22.3, 1016.7,-0.009, 0.032,  116,  10.8,   5.9
25-Jun-2018 05:00, 4.331,-9999 ,  23.1, 1015.9,-0.010, 0.023,  132,   7.4,   5.0
25-Jun-2018 06:00, 3.428,-9999 ,  24.1, 1015.0,-0.061,-0.036,  137,   7.3,   5.7
25-Jun-2018 07:00, 2.946,-9999 ,  24.3, 1014.8,-0.091,-0.073,  142,   7.8,   5.5
25-Jun-2018 08:00, 3.215,-9999 ,  24.9, 1014.7,-0.021,-0.006,  131,   6.5,   4.8
25-Jun-2018 09:00, 4.067,-9999 ,  24.1, 1015.2, 0.017, 0.032,  141,   6.5,   5.5
25-Jun-2018 10:00, 5.080,-9999 ,  23.8, 1015.6,-0.021,-0.001,  148,   6.6,   6.0
25-Jun-2018 11:00, 6.073,-9999 ,  22.8, 1016.3,-0.073,-0.049,  165,   8.2,   7.4
25-Jun-2018 12:00, 6.925,-9999 ,  22.3, 1017.0,-0.100,-0.069,  159,  10.3,   8.6
25-Jun-2018 13:00, 7.407,-9999 ,  21.2, 1017.6,-0.090,-0.052,  151,  10.8,   9.1
25-Jun-2018 14:00, 7.242,-9999 ,  20.7, 1017.7,-0.094,-0.050,  153,  11.4,   9.4
25-Jun-2018 15:00, 6.553,-9999 ,  20.4, 1017.6,-0.081,-0.037,  150,  14.6,  11.4
25-Jun-2018 16:00, 5.664,-9999 ,  20.3, 1017.0,-0.062,-0.020,  142,  14.4,  11.5
25-Jun-2018 17:00, 4.736,-9999 ,  20.2, 1016.7,-0.052,-0.015,  139,  14.4,  11.0
25-Jun-2018 18:00, 3.917,-9999 ,  19.4, 1016.6,-0.038,-0.004,  129,  13.8,   8.3
25-Jun-2018 19:00, 3.355,-9999 ,  17.7, 1016.8,-0.040,-0.007,  119,  11.1,   6.5
25-Jun-2018 20:00, 3.339,-9999 ,  17.9, 1017.2,-0.052,-0.016,  133,  10.3,   8.2
25-Jun-2018 21:00, 3.980,-9999 ,  17.4, 1017.5,-0.128,-0.089,  137,  10.5,   8.3
25-Jun-2018 22:00, 4.985,-9999 ,  17.3, 1017.7,-0.221,-0.179,  130,  11.8,   9.9
25-Jun-2018 23:00, 6.107,-9999 ,  17.4, 1018.0,-0.247,-0.203,  129,  12.2,   9.8
26-Jun-2018 00:00, 7.137,-9999 ,  17.4, 1018.4,-0.239,-0.191,  115,  12.7,   8.8
26-Jun-2018 01:00, 7.876,-9999 ,  18.4, 1018.6,-0.166,-0.114,  112,  11.5,   5.7
26-Jun-2018 02:00, 7.984,-9999 ,  21.3, 1018.5,-0.068,-0.015,  109,  13.0,   8.7
26-Jun-2018 03:00, 7.314,-9999 ,  22.1, 1018.0,-0.039, 0.013,  113,  11.2,   6.9
26-Jun-2018 04:00, 6.241,-9999 ,  23.1, 1017.0,-0.035, 0.012,  116,   9.6,   6.7
26-Jun-2018 05:00, 5.039,-9999 ,  24.2, 1015.9,-0.032, 0.004,  111,   8.4,   7.4
26-Jun-2018 06:00, 3.894,-9999 ,  24.2, 1015.4, 0.007, 0.033,  124,   7.7,   5.4
26-Jun-2018 07:00, 2.968,-9999 ,  25.4, 1015.0, 0.027, 0.048,  133,   6.3,   5.5
26-Jun-2018 08:00, 2.560,-9999 ,  25.7, 1014.8, 0.024, 0.041,  131,   6.7,   5.6
26-Jun-2018 09:00, 3.011,-9999 ,  24.9, 1015.0, 0.008, 0.024,  136,   7.6,   6.4
26-Jun-2018 10:00, 4.057,-9999 ,  23.8, 1015.6,-0.017, 0.001,  135,   7.9,   6.4
26-Jun-2018 11:00, 5.260,-9999 ,  23.7, 1016.0,-0.049,-0.025,  146,   7.7,   6.7
26-Jun-2018 12:00, 6.441,-9999 ,  22.2, 1016.4,-0.075,-0.047,  155,   8.4,   7.0
26-Jun-2018 13:00, 7.418,-9999 ,  21.4, 1016.9,-0.079,-0.047,  147,  10.4,   8.2
26-Jun-2018 14:00, 7.855,-9999 ,  20.5, 1017.3,-0.050,-0.013,  153,   9.7,   7.2
26-Jun-2018 15:00, 7.467,-9999 ,  20.1, 1017.6,-0.038, 0.002,  155,  10.0,   6.4
26-Jun-2018 16:00, 6.546,-9999 ,  18.9, 1017.6,-0.037, 0.006,  152,   8.7,   7.0
26-Jun-2018 17:00, 5.448,-9999 ,  19.8, 1017.3,-0.066,-0.023,  134,   9.0,   7.5
26-Jun-2018 18:00, 4.333,-9999 ,  18.1, 1017.0,-0.110,-0.070,  126,   8.8,   6.1
26-Jun-2018 19:00, 3.400,-9999 ,  18.0, 1016.7,-0.121,-0.084,  122,   9.3,   7.6
26-Jun-2018 20:00, 2.894,-9999 ,  17.2, 1016.6,-0.065,-0.031,  129,   8.0,   6.2
26-Jun-2018 21:00, 3.154,-9999 ,  17.2, 1016.7,-0.042,-0.008,  126,   8.4,   7.4
26-Jun-2018 22:00, 4.149,-9999 ,  17.4, 1016.8,-0.061,-0.027,  122,   9.3,   7.8
26-Jun-2018 23:00, 5.433,-9999 ,  16.9, 1017.3,-0.082,-0.046,  118,   9.2,   7.3
27-Jun-2018 00:00, 6.730,-9999 ,  16.5, 1017.8,-0.086,-0.046,  114,   8.1,   6.0
27-Jun-2018 01:00, 7.814,-9999 ,  16.9, 1018.2,-0.095,-0.049,  106,   7.6,   5.4
27-Jun-2018 02:00, 8.392,-9999 ,  21.1, 1017.9,-0.087,-0.038,  101,   8.0,   6.5
27-Jun-2018 03:00, 8.127,-9999 ,  23.3, 1017.2,-0.061,-0.015,  108,   8.5,   6.9
27-Jun-2018 04:00, 7.136,-9999 ,  24.3, 1016.2,-0.053,-0.015,  110,   8.7,   6.6
27-Jun-2018 05:00, 5.894,-9999 ,-9999 , 1015.3,-0.019, 0.009,  115,   8.3,   6.6
27-Jun-2018 06:00, 4.561,-9999 ,-9999 , 1014.7, 0.009, 0.029,  124,   7.8,   5.3
27-Jun-2018 07:00, 3.287,-9999 ,  27.0, 1014.3,-0.006, 0.008,  120,   7.2,   4.2
27-Jun-2018 08:00, 2.350,-9999 ,  27.4, 1014.1,-0.020,-0.010,  158,   4.2,   1.8
27-Jun-2018 09:00, 2.213,-9999 ,  27.6, 1014.3,-0.024,-0.016,  168,   2.3,   1.7
27-Jun-2018 10:00, 3.062,-9999 ,  26.6, 1014.8,-0.010, 0.001,  178,   3.2,   2.3
27-Jun-2018 11:00, 4.351,-9999 ,  25.3, 1015.3,-0.019,-0.003,  157,   3.9,   1.1
27-Jun-2018 12:00, 5.722,-9999 ,  24.0, 1015.8,-0.038,-0.017,  140,   3.2,   2.0
27-Jun-2018 13:00, 7.029,-9999 ,  22.8, 1016.3,-0.036,-0.010,  135,   4.2,   2.9
27-Jun-2018 14:00, 7.993,-9999 ,  21.7, 1016.4,-0.015, 0.016,  147,   5.3,   3.6
27-Jun-2018 15:00, 8.139,-9999 ,  21.9, 1016.2,-0.004, 0.027,  141,   9.2,   8.0
27-Jun-2018 16:00, 7.419,-9999 ,  21.7, 1016.0, 0.005, 0.034,  143,   9.3,   7.7
27-Jun-2018 17:00, 6.332,-9999 ,  21.0, 1016.0, 0.036, 0.063,  123,   9.2,   6.0
27-Jun-2018 18:00, 5.108,-9999 ,  19.4, 1015.9, 0.018, 0.045,  111,   7.9,   3.0
27-Jun-2018 19:00, 3.894,-9999 ,  18.9, 1015.6,-0.045,-0.019,  111,   5.7,   4.8
27-Jun-2018 20:00, 2.953,-9999 ,  19.0, 1015.7,-0.045,-0.022,  118,   8.6,   7.2
27-Jun-2018 21:00, 2.613,-9999 ,-9999 , 1015.4,-0.024, 0.000,  113,   8.1,   5.3
27-Jun-2018 22:00, 3.251,-9999 ,  17.7, 1015.6,-0.026,-0.004,  120,   6.4,   4.4
27-Jun-2018 23:00, 4.566,-9999 ,  17.0, 1016.1,-0.014, 0.009,  112,   5.8,   4.0
28-Jun-2018 00:00, 6.028,-9999 ,  17.4, 1016.7,-0.026, 0.003,  101,   5.4,   3.6
28-Jun-2018 01:00, 7.407,-9999 ,  18.2, 1017.0,-0.029, 0.006,  108,   4.5,   4.0
28-Jun-2018 02:00, 8.433,-9999 ,  19.5, 1016.5,-0.027, 0.010,  125,   5.7,   4.0
28-Jun-2018 03:00, 8.708,-9999 ,  21.6, 1015.8,-0.014, 0.018,  126,   5.5,   2.7
28-Jun-2018 04:00, 8.029,-9999 ,  24.7, 1014.8, 0.008, 0.032,  125,   4.0,   2.5
28-Jun-2018 05:00, 6.789,-9999 ,-9999 , 1013.8, 0.018, 0.033,  126,   3.0,   1.6
28-Jun-2018 06:00, 5.379,-9999 ,-9999 , 1013.0, 0.037, 0.041,  201,   2.8,   2.5
28-Jun-2018 07:00, 3.924,-9999 ,-9999 , 1012.3, 0.024, 0.021,  233,   3.5,   3.4
28-Jun-2018 08:00, 2.667,-9999 ,-9999 , 1012.1, 0.010, 0.000,  234,   4.1,   3.2
28-Jun-2018 09:00, 1.916,-9999 ,-9999 , 1012.4,-0.026,-0.037,  239,   5.2,   4.4
28-Jun-2018 10:00, 2.241,-9999 ,-9999 , 1013.1,-0.021,-0.029,  236,   6.9,   5.5
28-Jun-2018 11:00, 3.471,-9999 ,-9999 , 1013.8, 0.031, 0.030,  234,   7.3,   6.3
28-Jun-2018 12:00, 4.914,-9999 ,-9999 , 1014.3, 0.012, 0.018,  228,   7.0,   6.2
28-Jun-2018 13:00, 6.396,-9999 ,-9999 , 1014.6, 0.007, 0.017,  205,   8.2,   6.8
28-Jun-2018 14:00, 7.692,-9999 ,-9999 , 1014.8, 0.007, 0.021,  209,   8.5,   5.6
28-Jun-2018 15:00, 8.400,-9999 ,-9999 , 1014.8, 0.012, 0.028,  162,   8.5,   7.0
28-Jun-2018 16:00, 8.143,-9999 ,-9999 , 1014.7, 0.046, 0.061,  154,   8.1,   3.9
28-Jun-2018 17:00, 7.101,-9999 ,-9999 , 1015.0, 0.031, 0.046,  111,   7.7,   3.9
28-Jun-2018 18:00, 5.842,-9999 ,-9999 , 1014.8, 0.033, 0.050,   94,   4.9,   3.2
28-Jun-2018 19:00, 4.541,-9999 ,-9999 , 1014.6, 0.027, 0.042,  102,   5.5,   4.4
28-Jun-2018 20:00, 3.335,-9999 ,-9999 , 1014.9,-0.014, 0.000,  115,   6.5,   5.1
28-Jun-2018 21:00, 2.503,-9999 ,-9999 , 1015.2,-0.026,-0.010,  105,   6.5,   5.3
28-Jun-2018 22:00, 2.571,-9999 ,-9999 , 1015.5,-0.022,-0.002,  106,   6.6,   4.9
28-Jun-2018 23:00, 3.677,-9999 ,-9999 , 1015.8, 0.009, 0.031,   95,   8.6,   5.6
29-Jun-2018 00:00, 5.195,-9999 ,-9999 , 1016.5, 0.008, 0.035,  108,   7.2,   5.2
29-Jun-2018 01:00, 6.743,-9999 ,-9999 , 1016.8,-0.011, 0.022,  106,   7.0,   3.2
29-Jun-2018 02:00, 8.101,-9999 ,-9999 , 1016.9, 0.012, 0.048,  131,   4.7,   1.1
29-Jun-2018 03:00, 8.884,-9999 ,-9999 , 1016.2, 0.030, 0.066,  164,   2.5,   2.1
29-Jun-2018 04:00, 8.643,-9999 ,-9999 , 1015.0,-0.003, 0.025,  201,   2.7,   1.1
29-Jun-2018 05:00, 7.521,-9999 ,-9999 , 1014.0,-0.051,-0.035,  216,   2.7,   2.0
29-Jun-2018 06:00, 6.096,-9999 ,-9999 , 1013.1,-0.064,-0.058,  236,   3.9,   3.1
29-Jun-2018 07:00, 4.578,-9999 ,-9999 , 1012.5,-0.066,-0.068,  259,   4.3,   1.8
29-Jun-2018 08:00, 3.140,-9999 ,-9999 , 1012.4,-0.071,-0.079,  255,   4.7,   3.3
29-Jun-2018 09:00, 2.032,-9999 ,-9999 , 1012.8,-0.077,-0.085,  255,   6.2,   4.8
29-Jun-2018 10:00, 1.761,-9999 ,-9999 , 1013.3,-0.056,-0.060,  251,   6.3,   5.6
29-Jun-2018 11:00, 2.635,-9999 ,-9999 , 1014.2, 0.000, 0.002,  250,   6.4,   4.3
29-Jun-2018 12:00, 4.077,-9999 ,-9999 , 1014.7, 0.030, 0.040,  213,   5.8,   4.1
29-Jun-2018 13:00, 5.623,-9999 ,-9999 , 1014.6, 0.016, 0.030,  154,   8.7,   7.7
29-Jun-2018 14:00, 7.083,-9999 ,-9999 , 1014.5,-0.017,-0.004,  155,   9.3,   7.4
29-Jun-2018 15:00, 8.228,-9999 ,-9999 , 1014.5, 0.008, 0.021,  159,   9.7,   7.8
29-Jun-2018 16:00, 8.537,-9999 ,-9999 , 1014.5, 0.048, 0.061,  155,  10.4,   9.2
29-Jun-2018 17:00, 7.737,-9999 ,-9999 , 1014.3,-0.020,-0.008,  151,  12.2,  10.1
29-Jun-2018 18:00, 6.482,-9999 ,-9999 , 1014.5,-0.054,-0.043,  154,  12.2,   9.5
29-Jun-2018 19:00, 5.159,-9999 ,-9999 , 1014.3,-0.023,-0.011,  135,  12.0,   7.9
29-Jun-2018 20:00, 3.791,-9999 ,-9999 , 1014.5,-0.075,-0.064,  141,  11.2,   8.2
29-Jun-2018 21:00, 2.657,-9999 ,-9999 , 1015.1,-0.126,-0.113,  135,  10.8,   8.3
29-Jun-2018 22:00, 2.182,-9999 ,-9999 , 1015.7,-0.117,-0.098,  115,   9.9,   4.9
29-Jun-2018 23:00, 2.819,-9999 ,-9999 , 1015.9,-0.092,-0.067,  119,   9.6,   7.6
30-Jun-2018 00:00, 4.244,-9999 ,-9999 , 1016.3,-0.072,-0.045,  130,   8.4,   5.8
30-Jun-2018 01:00, 5.883,-9999 ,-9999 , 1016.5,-0.064,-0.033,  107,   6.9,   4.2
30-Jun-2018 02:00, 7.470,-9999 ,-9999 , 1016.0,-0.019, 0.012,  114,   5.2,   3.1
30-Jun-2018 03:00, 8.658,-9999 ,-9999 , 1015.7, 0.041, 0.068,  130,   7.7,   5.2
30-Jun-2018 04:00, 8.970,-9999 ,-9999 , 1014.9, 0.031, 0.055,  121,   8.0,   5.3
30-Jun-2018 05:00, 8.232,-9999 ,-9999 , 1014.1,-0.002, 0.014,  133,   7.3,   5.6
30-Jun-2018 06:00, 6.902,-9999 ,-9999 , 1013.3,-0.024,-0.016,  118,   6.4,   5.3
30-Jun-2018 07:00, 5.412,-9999 ,-9999 , 1012.9,-0.024,-0.024,  143,   4.9,   3.5
30-Jun-2018 08:00, 3.895,-9999 ,-9999 , 1012.7,-0.013,-0.016,  152,   3.9,   2.1
30-Jun-2018 09:00, 2.558,-9999 ,-9999 , 1013.1,-0.030,-0.035,  134,   4.2,   2.7
30-Jun-2018 10:00, 1.733,-9999 ,-9999 , 1013.9,-0.073,-0.074,  128,   5.3,   4.5
30-Jun-2018 11:00, 2.043,-9999 ,-9999 , 1015.0,-0.036,-0.028,   78,   5.8,   2.0
30-Jun-2018 12:00, 3.318,-9999 ,-9999 , 1015.7, 0.035, 0.053,  124,   2.7,   2.0
30-Jun-2018 13:00, 4.828,-9999 ,-9999 , 1016.1, 0.016, 0.041,  153,   2.7,   0.9
30-Jun-2018 14:00, 6.363,-9999 ,-9999 , 1016.0,-0.026, 0.002,  147,   4.7,   3.8
30-Jun-2018 15:00, 7.739,-9999 ,-9999 , 1015.6,-0.019, 0.008,  156,   8.8,   7.6
30-Jun-2018 16:00, 8.525,-9999 ,-9999 , 1015.4, 0.010, 0.033,  158,  10.5,   8.8
30-Jun-2018 17:00, 8.239,-9999 ,-9999 , 1015.3,-0.015, 0.006,  158,  10.9,   8.8
30-Jun-2018 18:00, 7.166,-9999 ,-9999 , 1014.8,-0.034,-0.014,  142,  10.8,   7.1
30-Jun-2018 19:00, 5.885,-9999 ,-9999 , 1014.5, 0.005, 0.020,  133,   9.4,   6.6
30-Jun-2018 20:00, 4.516,-9999 ,-9999 , 1014.7, 0.025, 0.037,  123,   7.4,   4.4
30-Jun-2018 21:00, 3.221,-9999 ,-9999 , 1015.4,-0.023,-0.008,  132,   5.6,   4.1
30-Jun-2018 22:00, 2.283,-9999 ,-9999 , 1015.7,-0.114,-0.092,  130,   6.2,   3.4
30-Jun-2018 23:00, 2.320,-9999 ,-9999 , 1016.0,-0.127,-0.102,  137,   6.3,   4.7
01-Jul-2018 00:00, 3.503,-9999 ,-9999 , 1016.4,-0.045,-0.018,  125,   7.4,   5.2
01-Jul-2018 01:00, 5.104,-9999 ,-9999 , 1016.6,-0.014, 0.017,  109,   5.8,   4.3
01-Jul-2018 02:00, 6.722,-9999 ,-9999 , 1016.2,-0.020, 0.012,  100,   7.7,   6.4
01-Jul-2018 03:00, 8.108,-9999 ,-9999 , 1015.5,-0.007, 0.022,  105,   7.9,   7.0
01-Jul-2018 04:00, 8.900,-9999 ,-9999 , 1014.5, 0.031, 0.052,  120,   7.8,   4.1
01-Jul-2018 05:00, 8.673,-9999 ,-9999 , 1013.4, 0.021, 0.032,  145,   3.9,   3.4
01-Jul-2018 06:00, 7.564,-9999 ,-9999 , 1012.8,-0.011,-0.010,  117,   6.7,   5.2
01-Jul-2018 07:00, 6.166,-9999 ,-9999 , 1012.7,-0.012,-0.017,  102,   7.3,   6.4
01-Jul-2018 08:00, 4.645,-9999 ,-9999 , 1012.9,-0.029,-0.035,   99,   7.2,   5.3
01-Jul-2018 09:00, 3.168,-9999 ,-9999 , 1013.2,-0.066,-0.069,  110,   6.8,   5.4
01-Jul-2018 10:00, 2.043,-9999 ,-9999 , 1013.9,-0.112,-0.111,  121,   6.1,   3.6
01-Jul-2018 11:00, 1.757,-9999 ,-9999 , 1014.3,-0.116,-0.109,  152,   5.2,   4.0
01-Jul-2018 12:00, 2.649,-9999 ,-9999 , 1014.9,-0.037,-0.026,  130,   5.4,   2.7
01-Jul-2018 13:00, 4.105,-9999 ,-9999 , 1015.5, 0.015, 0.032,  118,   3.9,   1.6
01-Jul-2018 14:00, 5.664,-9999 ,-9999 , 1016.1, 0.027, 0.050,  151,   3.7,   1.9
01-Jul-2018 15:00, 7.140,-9999 ,-9999 , 1016.1, 0.013, 0.041,  145,   4.8,   4.0
01-Jul-2018 16:00, 8.226,-9999 ,-9999 , 1016.0, 0.008, 0.036,  104,   4.0,   1.5
01-Jul-2018 17:00, 8.456,-9999 ,-9999 , 1015.9,-0.012, 0.015,   91,   4.3,   2.0
01-Jul-2018 18:00, 7.676,-9999 ,-9999 , 1015.6,-0.064,-0.038,  116,   4.0,   3.1
01-Jul-2018 19:00, 6.476,-9999 ,-9999 , 1015.4,-0.051,-0.028,  114,   4.5,   2.7
01-Jul-2018 20:00, 5.177,-9999 ,-9999 , 1015.3,-0.001, 0.020,  115,   4.7,   4.2
01-Jul-2018 21:00, 3.841,-9999 ,-9999 , 1015.1, 0.004, 0.024,  114,   4.3,   3.3
01-Jul-2018 22:00, 2.732,-9999 ,-9999 , 1015.4,-0.041,-0.023,  115,   3.8,   3.2
01-Jul-2018 23:00, 2.285,-9999 ,-9999 , 1015.8,-0.061,-0.040,  103,   5.6,   3.9
02-Jul-2018 00:00, 2.965,-9999 ,-9999 , 1016.4,-0.014, 0.012,   95,   6.7,   5.7
02-Jul-2018 01:00, 4.378,-9999 ,-9999 , 1016.5, 0.010, 0.042,  100,   8.0,   4.9
02-Jul-2018 02:00, 5.938,-9999 ,-9999 , 1016.0,-0.004, 0.028,  112,   7.8,   6.0
02-Jul-2018 03:00, 7.416,-9999 ,-9999 , 1015.1,-0.012, 0.015,  110,   7.0,   6.0
02-Jul-2018 04:00, 8.521,-9999 ,-9999 , 1014.0, 0.031, 0.048,  115,   7.1,   6.2
02-Jul-2018 05:00, 8.788,-9999 ,-9999 , 1013.2, 0.031, 0.038,  118,   6.4,   3.9
02-Jul-2018 06:00, 8.029,-9999 ,-9999 , 1012.5,-0.028,-0.029,  142,   4.5,   3.0
02-Jul-2018 07:00, 6.758,-9999 ,-9999 , 1012.3,-0.047,-0.054,  168,   3.4,   1.7
02-Jul-2018 08:00, 5.347,-9999 ,-9999 , 1012.3,-0.068,-0.077,  253,   3.7,   3.4
02-Jul-2018 09:00, 3.888,-9999 ,-9999 , 1012.6,-0.085,-0.094,  241,   3.7,   3.5
02-Jul-2018 10:00, 2.618,-9999 ,-9999 , 1013.2,-0.112,-0.118,  331,   3.5,   1.9
02-Jul-2018 11:00, 1.922,-9999 ,-9999 , 1013.7,-0.114,-0.114,  324,   4.5,   3.7
02-Jul-2018 12:00, 2.304,-9999 ,-9999 , 1014.2,-0.028,-0.023,  313,   5.0,   3.9
02-Jul-2018 13:00, 3.516,-9999 ,-9999 , 1014.8, 0.022, 0.032,  314,   4.3,   3.1
02-Jul-2018 14:00, 4.947,-9999 ,-9999 , 1015.1, 0.016, 0.032,  321,   4.6,   2.2
02-Jul-2018 15:00, 6.407,-9999 ,-9999 , 1015.0,-0.002, 0.016,  158,   3.4,   1.9
02-Jul-2018 16:00, 7.703,-9999 ,-9999 , 1015.0, 0.014, 0.031,  236,   2.7,   2.3
02-Jul-2018 17:00, 8.407,-9999 ,-9999 , 1014.8, 0.038, 0.055,  237,   3.6,   3.4
02-Jul-2018 18:00, 8.085,-9999 ,-9999 , 1014.6,-0.012, 0.004,  199,   3.9,   3.4
02-Jul-2018 19:00, 7.069,-9999 ,-9999 , 1014.6,-0.011, 0.002,  191,   5.0,   3.9
02-Jul-2018 20:00, 5.861,-9999 ,-9999 , 1014.7, 0.027, 0.041,  176,   4.2,   2.2
02-Jul-2018 21:00, 4.567,-9999 ,-9999 , 1014.9, 0.047, 0.062,  195,   3.6,   3.0
02-Jul-2018 22:00, 3.378,-9999 ,-9999 , 1015.2, 0.044, 0.060,  211,   3.9,   3.6
02-Jul-2018 23:00, 2.617,-9999 ,-9999 , 1016.0, 0.031, 0.052,   99,   6.8,   4.9
03-Jul-2018 00:00, 2.756,-9999 ,-9999 , 1016.3, 0.062, 0.090,   94,   5.2,   1.2
03-Jul-2018 01:00, 3.829,-9999 ,-9999 , 1016.8, 0.073, 0.104,    0,   2.1,   0.0
03-Jul-2018 02:00, 5.228,-9999 ,-9999 , 1016.6, 0.034, 0.069,  181,   2.5,   1.8
03-Jul-2018 03:00, 6.629,-9999 ,-9999 , 1015.8,-0.012, 0.021,  176,   2.9,   1.8
03-Jul-2018 04:00, 7.853,-9999 ,-9999 , 1014.8,-0.015, 0.009,  212,   3.3,   3.0
03-Jul-2018 05:00, 8.541,-9999 ,-9999 , 1013.9, 0.017, 0.031,  240,   4.2,   3.9
03-Jul-2018 06:00, 8.291,-9999 ,-9999 , 1013.2,-0.011,-0.006,  229,   4.7,   3.9
03-Jul-2018 07:00, 7.299,-9999 ,-9999 , 1012.7,-0.008,-0.009,  239,   6.0,   5.3
03-Jul-2018 08:00, 6.051,-9999 ,-9999 , 1012.6, 0.004,-0.002,  251,   7.9,   6.7
03-Jul-2018 09:00, 4.686,-9999 ,-9999 , 1012.8,-0.037,-0.043,  246,   8.3,   6.2
03-Jul-2018 10:00, 3.406,-9999 ,-9999 , 1013.2,-0.034,-0.038,  242,   7.8,   6.5
03-Jul-2018 11:00, 2.460,-9999 ,-9999 , 1013.7,-0.042,-0.042,  237,   7.6,   5.5
03-Jul-2018 12:00, 2.263,-9999 ,-9999 , 1014.3,-0.033,-0.028,  231,   6.5,   5.0
03-Jul-2018 13:00, 3.057,-9999 ,-9999 , 1014.4,-0.002, 0.008,  226,   6.8,   1.3
03-Jul-2018 14:00, 4.344,-9999 ,-9999 , 1014.5, 0.016, 0.028,  128,   3.1,   1.5
03-Jul-2018 15:00, 5.722,-9999 ,-9999 , 1014.3, 0.030, 0.043,  203,   2.0,   0.9
03-Jul-2018 16:00, 7.016,-9999 ,-9999 , 1014.1, 0.009, 0.019,  225,   3.3,   3.0
03-Jul-2018 17:00, 8.043,-9999 ,-9999 , 1014.0, 0.055, 0.064,  194,   3.4,   1.8
03-Jul-2018 18:00,-9999 ,-9999 ,-9999 , 1013.9,-9999 ,-9999 ,  213,   4.0,   3.2
03-Jul-2018 19:00,-9999 ,-9999 ,-9999 ,-9999.0,-9999 ,-9999 ,-9999,   4.1,-9999
03-Jul-2018 20:00,-9999 ,-9999 ,-9999 ,-9999.0,-9999 ,-9999 ,-9999,-9999 ,-9999
03-Jul-2018 21:00,-9999 ,-9999 ,-9999 ,-9999.0,-9999 ,-9999 ,-9999,-9999 ,-9999
03-Jul-2018 22:00,-9999 ,-9999 ,-9999 ,-9999.0,-9999 ,-9999 ,-9999,-9999 ,-9999
03-Jul-2018 23:00,-9999 ,-9999 ,-9999 ,-9999.0,-9999 ,-9999 ,-9999,-9999 ,-9999
04-Jul-2018 00:00,-9999 ,-9999 ,-9999 ,-9999.0,-9999 ,-9999 ,-9999,-9999 ,-9999
04-Jul-2018 01:00,-9999 ,-9999 ,-9999 ,-9999.0,-9999 ,-9999 ,-9999,-9999 ,-9999
04-Jul-2018 02:00,-9999 ,-9999 ,-9999 ,-9999.0,-9999 ,-9999 ,-9999,-9999 ,-9999
04-Jul-2018 03:00,-9999 ,-9999 ,-9999 ,-9999.0,-9999 ,-9999 ,-9999,-9999 ,-9999
04-Jul-2018 04:00,-9999 ,-9999 ,-9999 ,-9999.0,-9999 ,-9999 ,-9999,-9999 ,-9999
04-Jul-2018 05:00,-9999 ,-9999 ,-9999 ,-9999.0,-9999 ,-9999 ,-9999,-9999 ,-9999
04-Jul-2018 06:00,-9999 ,-9999 ,-9999 ,-9999.0,-9999 ,-9999 ,-9999,-9999 ,-9999
04-Jul-2018 07:00,-9999 ,-9999 ,-9999 ,-9999.0,-9999 ,-9999 ,-9999,-9999 ,-9999
04-Jul-2018 08:00,-9999 ,-9999 ,-9999 ,-9999.0,-9999 ,-9999 ,-9999,-9999 ,-9999
04-Jul-2018 09:00,-9999 ,-9999 ,-9999 ,-9999.0,-9999 ,-9999 ,-9999,-9999 ,-9999
04-Jul-2018 10:00,-9999 ,-9999 ,-9999 ,-9999.0,-9999 ,-9999 ,-9999,-9999 ,-9999
04-Jul-2018 11:00,-9999 ,-9999 ,-9999 ,-9999.0,-9999 ,-9999 ,-9999,-9999 ,-9999
04-Jul-2018 12:00,-9999 ,-9999 ,-9999 ,-9999.0,-9999 ,-9999 ,-9999,-9999 ,-9999
04-Jul-2018 13:00,-9999 ,-9999 ,-9999 ,-9999.0,-9999 ,-9999 ,-9999,-9999 ,-9999
04-Jul-2018 14:00,-9999 ,-9999 ,-9999 ,-9999.0,-9999 ,-9999 ,-9999,-9999 ,-9999
04-Jul-2018 15:00,-9999 ,-9999 ,-9999 ,-9999.0,-9999 ,-9999 ,-9999,-9999 ,-9999
04-Jul-2018 16:00,-9999 ,-9999 ,-9999 ,-9999.0,-9999 ,-9999 ,-9999,-9999 ,-9999
04-Jul-2018 17:00,-9999 ,-9999 ,-9999 ,-9999.0,-9999 ,-9999 ,-9999,-9999 ,-9999
04-Jul-2018 18:00,-9999 ,-9999 ,-9999 ,-9999.0,-9999 ,-9999 ,-9999,-9999 ,-9999
04-Jul-2018 19:00,-9999 ,-9999 ,-9999 ,-9999.0,-9999 ,-9999 ,-9999,-9999 ,-9999
04-Jul-2018 20:00,-9999 ,-9999 ,-9999 ,-9999.0,-9999 ,-9999 ,-9999,-9999 ,-9999
04-Jul-2018 21:00,-9999 ,-9999 ,-9999 ,-9999.0,-9999 ,-9999 ,-9999,-9999 ,-9999
04-Jul-2018 22:00,-9999 ,-9999 ,-9999 ,-9999.0,-9999 ,-9999 ,-9999,-9999 ,-9999
04-Jul-2018 23:00,-9999 ,-9999 ,-9999 ,-9999.0,-9999 ,-9999 ,-9999,-9999 ,-9999
05-Jul-2018 00:00,-9999 ,-9999 ,-9999 ,-9999.0,-9999 ,-9999 ,-9999,-9999 ,-9999
05-Jul-2018 01:00,-9999 ,-9999 ,-9999 ,-9999.0,-9999 ,-9999 ,-9999,-9999 ,-9999
05-Jul-2018 02:00,-9999 ,-9999 ,-9999 , 1016.5,-9999 ,-9999 ,-9999,-9999 ,-9999
05-Jul-2018 03:00, 5.022,-9999 ,  23.9, 1015.7,-0.041,-0.009,    0,   0.0,   0.0
05-Jul-2018 04:00, 6.279,-9999 ,  24.6, 1014.5,-0.077,-0.054,  276,   1.9,   1.2
05-Jul-2018 05:00, 7.098,-9999 ,  25.8, 1013.2,-0.070,-0.059,  296,   3.1,   2.7
05-Jul-2018 06:00, 7.733,-9999 ,  24.8, 1012.4,-0.072,-0.073,  279,   7.2,   5.4
05-Jul-2018 07:00, 7.645,-9999 ,  24.3, 1011.9,-0.044,-0.053,  271,   8.3,   7.1
05-Jul-2018 08:00, 7.016,-9999 ,  24.0, 1012.0, 0.041, 0.028,  268,   9.3,   6.9
05-Jul-2018 09:00, 6.031,-9999 ,  24.9, 1012.1, 0.043, 0.031,  266,   9.8,   6.8
05-Jul-2018 10:00, 4.928,-9999 ,  24.0, 1012.5,-0.020,-0.031,  269,  10.0,   6.6
05-Jul-2018 11:00, 3.911,-9999 ,  23.0, 1013.1,-0.037,-0.044,  255,   7.8,   5.2
05-Jul-2018 12:00, 3.175,-9999 ,  24.6, 1013.7,-0.030,-0.030,  192,   5.9,   4.0
05-Jul-2018 13:00, 2.992,-9999 ,  23.5, 1013.9,-0.012,-0.008,  154,   6.5,   5.0
05-Jul-2018 14:00, 3.534,-9999 ,  23.1, 1014.2,-0.007, 0.000,  177,   9.3,   7.7
05-Jul-2018 15:00, 4.477,-9999 ,  23.1, 1014.3,-0.028,-0.019,  174,  12.1,   9.7
05-Jul-2018 16:00, 5.504,-9999 ,  22.8, 1014.3,-0.052,-0.042,  172,  11.4,   8.4
05-Jul-2018 17:00, 6.488,-9999 ,  22.4, 1014.1,-0.105,-0.095,  170,   9.5,   8.0
05-Jul-2018 18:00, 7.244,-9999 ,  21.9, 1014.3,-0.153,-0.145,  164,  10.1,   7.7
05-Jul-2018 19:00, 7.522,-9999 ,  21.7, 1014.3,-0.139,-0.128,  165,  13.3,  11.5
05-Jul-2018 20:00, 7.109,-9999 ,  21.2, 1014.5,-0.139,-0.129,  161,  15.5,  12.0
05-Jul-2018 21:00, 6.266,-9999 ,  20.7, 1015.3,-0.150,-0.137,  138,  14.8,   9.9
05-Jul-2018 22:00, 5.354,-9999 ,  20.1, 1015.6,-0.113,-0.092,  142,  12.1,  10.1
05-Jul-2018 23:00, 4.452,-9999 ,  19.6, 1016.0,-0.079,-0.056,  140,  11.9,   9.2
06-Jul-2018 00:00, 3.725,-9999 ,  19.9, 1016.5,-0.061,-0.033,  138,  12.9,  10.5
06-Jul-2018 01:00, 3.385,-9999 ,  20.8, 1016.4,-0.071,-0.039,  134,  12.2,  10.5
06-Jul-2018 02:00, 3.669,-9999 ,  21.9, 1016.3,-0.099,-0.068,  136,  12.3,   9.1
06-Jul-2018 03:00, 4.444,-9999 ,  22.5, 1015.7,-0.120,-0.090,  144,  10.9,   7.9
06-Jul-2018 04:00, 5.344,-9999 ,  23.4, 1014.4,-0.123,-0.100,  152,   9.0,   7.6
06-Jul-2018 05:00, 6.192,-9999 ,  24.0, 1013.4,-0.151,-0.141,  153,   9.0,   7.1
06-Jul-2018 06:00, 6.904,-9999 ,  24.9, 1012.6,-0.145,-0.144,  159,   9.1,   8.0
06-Jul-2018 07:00, 7.276,-9999 ,  25.3, 1012.2,-0.086,-0.093,  157,   9.5,   7.8
06-Jul-2018 08:00, 7.099,-9999 ,  26.4, 1012.4,-0.027,-0.037,  158,   8.7,   7.5
06-Jul-2018 09:00, 6.436,-9999 ,  25.9, 1012.7,-0.030,-0.038,  152,   8.0,   6.9
06-Jul-2018 10:00, 5.551,-9999 ,  26.5, 1013.5,-0.080,-0.085,  160,   8.5,   7.7
06-Jul-2018 11:00, 4.665,-9999 ,  24.7, 1014.2,-0.090,-0.087,  165,   8.3,   7.4
06-Jul-2018 12:00, 3.901,-9999 ,  23.3, 1015.0,-0.075,-0.064,  165,   8.1,   7.0
06-Jul-2018 13:00, 3.415,-9999 ,  22.8, 1015.3,-0.073,-0.055,  158,   8.3,   7.3
06-Jul-2018 14:00, 3.447,-9999 ,  22.4, 1015.6,-0.080,-0.059,  161,   9.0,   7.0
06-Jul-2018 15:00, 4.005,-9999 ,  21.1, 1015.4,-0.093,-0.071,  160,  10.3,   8.5
06-Jul-2018 16:00, 4.810,-9999 ,  20.5, 1015.4,-0.100,-0.079,  147,   9.3,   6.3
06-Jul-2018 17:00, 5.664,-9999 ,  20.7, 1015.0,-0.143,-0.122,  141,  10.8,   8.8
06-Jul-2018 18:00, 6.448,-9999 ,  20.4, 1014.9,-0.211,-0.193,  128,  13.7,   9.3
06-Jul-2018 19:00, 7.036,-9999 ,  20.0, 1014.8,-0.196,-0.180,  141,  11.9,   9.2
06-Jul-2018 20:00, 7.199,-9999 ,  19.8, 1014.8,-0.101,-0.086,  142,  12.0,  10.0
06-Jul-2018 21:00, 6.794,-9999 ,  18.4, 1015.0,-0.073,-0.057,  114,  11.8,   7.6
06-Jul-2018 22:00, 6.066,-9999 ,  18.1, 1015.5,-0.086,-0.068,  127,  10.2,   8.7
06-Jul-2018 23:00, 5.268,-9999 ,  17.7, 1016.0,-0.071,-0.048,  120,  10.3,   7.5
07-Jul-2018 00:00, 4.542,-9999 ,  17.6, 1016.2,-0.036,-0.009,  123,   9.6,   8.4
07-Jul-2018 01:00, 4.001,-9999 ,  19.1, 1016.2,-0.020, 0.009,  125,  11.5,   8.3
07-Jul-2018 02:00, 3.817,-9999 ,  21.2, 1015.8,-0.035,-0.006,  128,   9.8,   7.1
07-Jul-2018 03:00, 4.128,-9999 ,  23.0, 1014.9,-0.032,-0.007,  121,   8.3,   6.3
07-Jul-2018 04:00, 4.739,-9999 ,  24.9, 1013.6,-0.003, 0.012,  120,   8.3,   7.3
07-Jul-2018 05:00, 5.416,-9999 ,  24.9, 1012.6,-0.012,-0.010,  132,   9.3,   5.7
07-Jul-2018 06:00, 6.065,-9999 ,  25.9, 1011.5,-0.062,-0.069,  137,   7.5,   5.6
07-Jul-2018 07:00, 6.579,-9999 ,  28.5, 1011.2,-0.098,-0.116,  135,   6.8,   6.2
07-Jul-2018 08:00, 6.835,-9999 ,  28.3, 1011.4,-0.061,-0.081,  136,   7.0,   5.3
07-Jul-2018 09:00, 6.699,-9999 ,  29.2, 1011.9,-0.011,-0.029,  131,   6.4,   5.7
07-Jul-2018 10:00, 6.211,-9999 ,  28.8, 1012.6,-0.008,-0.021,  142,   6.3,   5.2
07-Jul-2018 11:00, 5.534,-9999 ,  27.8, 1013.4,-0.017,-0.022,  156,   7.0,   6.7
07-Jul-2018 12:00, 4.832,-9999 ,  24.6, 1014.0,-0.008,-0.005,  156,   8.8,   8.2
07-Jul-2018 13:00, 4.239,-9999 ,  23.3, 1014.2, 0.010, 0.018,  157,   9.5,   8.0
07-Jul-2018 14:00, 3.852,-9999 ,  22.1, 1014.4,-0.033,-0.023,  157,   8.3,   6.0
07-Jul-2018 15:00, 3.848,-9999 ,  21.9, 1014.3,-0.108,-0.097,  151,   6.3,   4.9
07-Jul-2018 16:00, 4.300,-9999 ,  21.2, 1014.1,-0.080,-0.070,  147,   7.5,   6.6
07-Jul-2018 17:00, 5.000,-9999 ,  21.1, 1013.8,-0.029,-0.021,  125,   8.1,   6.1
07-Jul-2018 18:00, 5.750,-9999 ,  20.7, 1013.6,-0.055,-0.049,  118,   7.2,   5.5
07-Jul-2018 19:00, 6.435,-9999 ,  20.6, 1013.6,-0.091,-0.088,  130,   7.9,   6.2
07-Jul-2018 20:00, 6.908,-9999 ,  20.5, 1013.7,-0.076,-0.072,  126,   8.3,   6.8
07-Jul-2018 21:00, 6.977,-9999 ,  20.4, 1014.1,-0.065,-0.061,  132,   8.3,   6.7
07-Jul-2018 22:00, 6.644,-9999 ,  20.6, 1014.8,-0.090,-0.081,  123,   9.3,   8.0
07-Jul-2018 23:00, 6.097,-9999 ,  18.8, 1015.1,-0.065,-0.049,  100,   9.4,   6.5
08-Jul-2018 00:00, 5.472,-9999 ,  19.6, 1015.7,-0.004, 0.015,  104,   9.5,   8.2
08-Jul-2018 01:00, 4.863,-9999 ,  20.6, 1015.6, 0.040, 0.064,   99,  10.2,   7.6
08-Jul-2018 02:00, 4.399,-9999 ,  23.4, 1015.5, 0.069, 0.092,  106,  10.8,   9.4
08-Jul-2018 03:00, 4.193,-9999 ,  24.0, 1015.2, 0.069, 0.092,  106,   9.7,   7.4
08-Jul-2018 04:00, 4.244,-9999 ,  26.4, 1014.0, 0.030, 0.048,  115,   9.1,   8.4
08-Jul-2018 05:00, 4.547,-9999 ,  27.7, 1012.7,-0.005, 0.001,  112,   8.6,   7.3
08-Jul-2018 06:00, 5.074,-9999 ,  28.6, 1012.2,-0.021,-0.028,  119,   7.6,   5.8
08-Jul-2018 07:00, 5.679,-9999 ,  28.2, 1012.2,-0.040,-0.051,  122,   6.4,   3.6
08-Jul-2018 08:00, 6.205,-9999 ,  27.8, 1012.2,-0.049,-0.059,  148,   4.1,   2.4
08-Jul-2018 09:00, 6.533,-9999 ,  29.2, 1012.6,-0.018,-0.028,  162,   2.8,   1.8
08-Jul-2018 10:00, 6.587,-9999 ,  28.2, 1013.2, 0.027, 0.021,  161,   2.6,   2.0
08-Jul-2018 11:00, 6.299,-9999 ,  25.5, 1013.9, 0.032, 0.032,  182,   3.3,   2.2
08-Jul-2018 12:00, 5.748,-9999 ,  24.4, 1014.7, 0.004, 0.012,  173,   3.7,   2.5
08-Jul-2018 13:00, 5.139,-9999 ,  23.7, 1015.1, 0.006, 0.021,  147,   8.4,   7.5
08-Jul-2018 14:00, 4.592,-9999 ,  22.8, 1015.5, 0.018, 0.037,  131,   8.8,   6.8
08-Jul-2018 15:00, 4.200,-9999 ,  22.1, 1015.7,-0.014, 0.008,  121,   7.4,   5.9
08-Jul-2018 16:00, 4.105,-9999 ,  20.9, 1015.8,-0.023, 0.001,  118,   7.8,   5.8
08-Jul-2018 17:00, 4.376,-9999 ,  20.7, 1015.8, 0.026, 0.052,  124,   7.9,   6.6
08-Jul-2018 18:00, 4.892,-9999 ,  20.4, 1015.5, 0.007, 0.032,  124,   9.6,   8.0
08-Jul-2018 19:00, 5.542,-9999 ,  19.9, 1015.5,-0.067,-0.045,  123,   9.8,   8.0
08-Jul-2018 20:00, 6.217,-9999 ,  18.9, 1015.7,-0.095,-0.073,  113,   8.6,   5.8
08-Jul-2018 21:00, 6.735,-9999 ,  18.4, 1016.1,-0.072,-0.047,  111,   6.9,   5.9
08-Jul-2018 22:00, 6.930,-9999 ,  18.0, 1016.6,-0.090,-0.061,  107,   7.9,   7.1
08-Jul-2018 23:00, 6.781,-9999 ,  17.8, 1017.3,-0.113,-0.078,  114,   7.9,   6.8
09-Jul-2018 00:00, 6.378,-9999 ,  17.4, 1017.6,-0.064,-0.024,  113,   7.7,   5.9
09-Jul-2018 01:00, 5.801,-9999 ,  18.1, 1018.0,-0.009, 0.035,  102,   6.7,   4.4
09-Jul-2018 02:00, 5.188,-9999 ,  19.8, 1017.6, 0.054, 0.101,  130,   5.5,   2.1
09-Jul-2018 03:00, 4.625,-9999 ,  22.8, 1016.6, 0.077, 0.119,  110,   3.8,   3.1
09-Jul-2018 04:00, 4.169,-9999 ,  23.7, 1015.6, 0.054, 0.086,  130,   5.2,   3.0
09-Jul-2018 05:00, 3.938,-9999 ,  25.9, 1014.7, 0.027, 0.049,  115,   3.7,   3.2
09-Jul-2018 06:00, 4.072,-9999 ,  26.8, 1013.9, 0.001, 0.015,  149,   3.1,   1.8
09-Jul-2018 07:00, 4.552,-9999 ,  27.6, 1013.3,-0.025,-0.019,  193,   2.6,   1.1
09-Jul-2018 08:00, 5.214,-9999 ,  27.4, 1013.2,-0.051,-0.051,  231,   2.5,   1.6
09-Jul-2018 09:00, 5.891,-9999 ,  28.0, 1013.5,-0.034,-0.034,  197,   2.1,   1.5
09-Jul-2018 10:00, 6.447,-9999 ,  27.4, 1014.1, 0.007, 0.010,  152,   2.0,   1.1
09-Jul-2018 11:00, 6.715,-9999 ,  22.1, 1014.9, 0.013, 0.022,  223,   7.2,   6.0
09-Jul-2018 12:00, 6.603,-9999 ,  22.2, 1015.5, 0.019, 0.035,  216,   7.8,   6.4
09-Jul-2018 13:00, 6.149,-9999 ,  21.9, 1016.0, 0.010, 0.033,  198,   7.4,   4.9
09-Jul-2018 14:00, 5.498,-9999 ,  21.4, 1015.8,-0.003, 0.024,  167,   5.7,   4.7
09-Jul-2018 15:00, 4.850,-9999 ,  20.3, 1015.4,-0.011, 0.013,  153,   9.2,   7.6
09-Jul-2018 16:00, 4.344,-9999 ,  20.4, 1015.3, 0.009, 0.031,  138,   9.7,   6.5
09-Jul-2018 17:00, 4.073,-9999 ,  20.0, 1014.9, 0.071, 0.091,  126,   9.0,   7.4
09-Jul-2018 18:00, 4.113,-9999 ,  19.1, 1014.7, 0.059, 0.075,  135,  10.1,   6.1
09-Jul-2018 19:00, 4.522,-9999 ,  18.3, 1014.4,-0.022,-0.008,  117,   8.4,   4.7
09-Jul-2018 20:00, 5.250,-9999 ,  18.4, 1014.3,-0.078,-0.067,  119,   8.8,   7.7
09-Jul-2018 21:00, 6.079,-9999 ,  18.1, 1014.7,-0.065,-0.054,  126,   9.1,   7.4
09-Jul-2018 22:00, 6.759,-9999 ,  18.1, 1015.2,-0.064,-0.049,  129,   9.1,   6.7
09-Jul-2018 23:00, 7.203,-9999 ,  17.5, 1015.7,-0.072,-0.052,  131,  10.1,   8.2
10-Jul-2018 00:00, 7.299,-9999 ,  17.3, 1016.3,-0.016, 0.010,  133,   9.2,   4.9
10-Jul-2018 01:00, 6.939,-9999 ,  17.8, 1016.4, 0.024, 0.054,  107,   5.5,   4.3
10-Jul-2018 02:00, 6.256,-9999 ,  18.9, 1016.1, 0.056, 0.087,   98,   6.1,   4.3
10-Jul-2018 03:00, 5.451,-9999 ,  22.2, 1015.2, 0.085, 0.113,  111,   5.7,   4.4
10-Jul-2018 04:00, 4.634,-9999 ,  24.1, 1014.3, 0.080, 0.098,  121,   7.2,   5.0
10-Jul-2018 05:00, 3.905,-9999 ,  25.1, 1013.5, 0.102, 0.112,  130,   5.9,   3.2
10-Jul-2018 06:00, 3.444,-9999 ,  26.4, 1012.7, 0.097, 0.098,  139,   3.8,   2.8
10-Jul-2018 07:00, 3.484,-9999 ,  25.0, 1012.6, 0.063, 0.058,  240,   3.5,   3.3
10-Jul-2018 08:00, 4.036,-9999 ,  26.4, 1012.7, 0.016, 0.009,  268,   3.9,   2.6
10-Jul-2018 09:00, 4.868,-9999 ,  24.0, 1013.3,-0.032,-0.036,  283,   4.4,   3.5
10-Jul-2018 10:00, 5.769,-9999 ,  23.0, 1013.6,-0.021,-0.020,  274,   4.7,   2.9
10-Jul-2018 11:00, 6.591,-9999 ,  22.8, 1014.2,-0.003, 0.001,  256,   4.0,   2.3
10-Jul-2018 12:00, 7.144,-9999 ,  22.1, 1015.1, 0.050, 0.061,  240,   4.8,   3.8
10-Jul-2018 13:00, 7.153,-9999 ,  21.3, 1015.3, 0.064, 0.082,  230,   4.9,   4.0
10-Jul-2018 14:00, 6.636,-9999 ,  20.7, 1015.5, 0.042, 0.063,  175,   5.3,   3.7
10-Jul-2018 15:00, 5.858,-9999 ,  21.0, 1015.9, 0.058, 0.081,  133,   4.8,   3.2
10-Jul-2018 16:00, 4.981,-9999 ,  20.9, 1015.8, 0.003, 0.029,  162,   4.1,   1.9
10-Jul-2018 17:00, 4.234,-9999 ,  20.8, 1015.4, 0.035, 0.060,  151,   3.7,   2.2
10-Jul-2018 18:00, 3.766,-9999 ,  20.3, 1015.2, 0.129, 0.150,  121,   3.4,   2.8
10-Jul-2018 19:00, 3.695,-9999 ,  19.1, 1015.3, 0.121, 0.140,  104,   5.5,   4.0
10-Jul-2018 20:00, 4.178,-9999 ,  19.9, 1015.5, 0.065, 0.086,   87,   4.7,   3.8
10-Jul-2018 21:00, 5.087,-9999 ,  20.4, 1015.5, 0.002, 0.024,  101,   5.8,   4.7
10-Jul-2018 22:00, 6.125,-9999 ,  19.9, 1015.9, 0.001, 0.024,   98,   5.5,   4.6
10-Jul-2018 23:00, 7.074,-9999 ,  18.7, 1016.3,-0.001, 0.026,   97,   5.6,   4.1
11-Jul-2018 00:00, 7.718,-9999 ,  18.5, 1016.8,-0.042,-0.011,  113,   4.7,   3.5
11-Jul-2018 01:00, 7.863,-9999 ,  18.8, 1017.1,-0.039,-0.003,  105,   4.4,   3.3
11-Jul-2018 02:00, 7.447,-9999 ,  20.4, 1016.8, 0.017, 0.055,  103,   3.7,   2.9
11-Jul-2018 03:00, 6.587,-9999 ,  23.6, 1016.1, 0.092, 0.126,  120,   4.3,   2.9
11-Jul-2018 04:00, 5.492,-9999 ,  26.4, 1015.1, 0.071, 0.099,  139,   3.9,   1.7
11-Jul-2018 05:00, 4.348,-9999 ,  26.7, 1014.1, 0.029, 0.047,  188,   2.1,   0.8
11-Jul-2018 06:00, 3.346,-9999 ,  26.8, 1013.5, 0.070, 0.078,  221,   2.2,   1.2
11-Jul-2018 07:00, 2.724,-9999 ,  26.3, 1012.8, 0.067, 0.068,  253,   4.9,   2.9
11-Jul-2018 08:00, 2.806,-9999 ,  26.4, 1012.7, 0.055, 0.051,  252,   4.6,   3.1
11-Jul-2018 09:00, 3.582,-9999 ,  25.8, 1012.8, 0.009, 0.003,  252,   5.1,   4.4
11-Jul-2018 10:00, 4.675,-9999 ,  22.4, 1013.3,-0.040,-0.044,  237,   6.6,   5.7
11-Jul-2018 11:00, 5.852,-9999 ,  22.0, 1013.9,-0.036,-0.035,  236,   6.1,   4.0
11-Jul-2018 12:00, 6.936,-9999 ,-9999 ,-9999.0,-0.043,-9999 ,-9999,   4.8,-9999
11-Jul-2018 13:00, 7.609,-9999 ,-9999 ,-9999.0,-0.045,-9999 ,-9999,-9999 ,-9999
11-Jul-2018 14:00, 7.597,-9999 ,-9999 ,-9999.0,-0.031,-9999 ,-9999,-9999 ,-9999
11-Jul-2018 15:00, 6.899,-9999 ,-9999 ,-9999.0,-0.017,-9999 ,-9999,-9999 ,-9999
11-Jul-2018 16:00, 5.875,-9999 ,-9999 ,-9999.0, 0.000,-9999 ,-9999,-9999 ,-9999
11-Jul-2018 17:00, 4.820,-9999 ,-9999 ,-9999.0, 0.019,-9999 ,-9999,-9999 ,-9999
11-Jul-2018 18:00, 3.791,-9999 ,-9999 ,-9999.0, 0.029,-9999 ,-9999,-9999 ,-9999
11-Jul-2018 19:00, 3.053,-9999 ,-9999 ,-9999.0, 0.033,-9999 ,-9999,-9999 ,-9999
11-Jul-2018 20:00, 2.940,-9999 ,-9999 ,-9999.0, 0.022,-9999 ,-9999,-9999 ,-9999
11-Jul-2018 21:00, 3.657,-9999 ,-9999 ,-9999.0, 0.006,-9999 ,-9999,-9999 ,-9999
11-Jul-2018 22:00, 4.908,-9999 ,-9999 ,-9999.0,-0.022,-9999 ,-9999,-9999 ,-9999
11-Jul-2018 23:00, 6.226,-9999 ,-9999 ,-9999.0,-0.058,-9999 ,-9999,-9999 ,-9999
12-Jul-2018 00:00, 7.451,-9999 ,-9999 ,-9999.0,-0.098,-9999 ,-9999,-9999 ,-9999
12-Jul-2018 01:00, 8.300,-9999 ,-9999 ,-9999.0,-0.122,-9999 ,-9999,-9999 ,-9999
12-Jul-2018 02:00, 8.418,-9999 ,-9999 ,-9999.0,-0.113,-9999 ,-9999,-9999 ,-9999
12-Jul-2018 03:00, 7.750,-9999 ,  22.4, 1015.6,-0.063,-0.035,  126,   5.0,   3.7
12-Jul-2018 04:00, 6.647,-9999 ,  24.5, 1014.5, 0.049, 0.077,  129,   4.4,   3.4
12-Jul-2018 05:00, 5.322,-9999 ,  24.8, 1013.3, 0.049, 0.058,  201,   4.0,   1.3
12-Jul-2018 06:00, 3.920,-9999 ,  25.1, 1012.6, 0.022, 0.022,  181,   4.6,   2.2
12-Jul-2018 07:00, 2.714,-9999 ,  26.4, 1012.1, 0.052, 0.045,  141,   8.4,   7.5
12-Jul-2018 08:00, 2.017,-9999 ,  25.7, 1012.1, 0.052, 0.040,  150,   8.6,   6.5
12-Jul-2018 09:00, 2.269,-9999 ,  26.4, 1012.5, 0.054, 0.043,  159,   8.1,   6.9
12-Jul-2018 10:00, 3.349,-9999 ,  21.8, 1013.2, 0.006,-0.001,  234,   7.9,   5.0
12-Jul-2018 11:00, 4.728,-9999 ,  21.7, 1013.9,-0.030,-0.029,  230,   6.0,   5.0
12-Jul-2018 12:00, 6.183,-9999 ,  22.4, 1014.6,-0.029,-0.022,  198,   6.0,   3.4
12-Jul-2018 13:00, 7.483,-9999 ,  22.0, 1014.8,-0.040,-0.026,  148,   6.1,   5.3
12-Jul-2018 14:00, 8.230,-9999 ,  21.7, 1014.9,-0.032,-0.017,  135,   7.7,   6.6
12-Jul-2018 15:00, 8.030,-9999 ,  21.5, 1015.0,-0.055,-0.039,  136,   8.9,   6.7
12-Jul-2018 16:00, 7.109,-9999 ,  20.8, 1015.2, 0.001, 0.019,  117,   7.5,   5.7
12-Jul-2018 17:00, 5.940,-9999 ,  20.6, 1014.9, 0.073, 0.092,  129,   8.3,   5.9
12-Jul-2018 18:00, 4.627,-9999 ,  18.2, 1014.6, 0.032, 0.048,   92,   6.7,   2.5
12-Jul-2018 19:00, 3.389,-9999 ,  18.6, 1014.4, 0.006, 0.019,  116,   3.3,   2.9
12-Jul-2018 20:00, 2.545,-9999 ,  18.3, 1014.3, 0.014, 0.025,  137,   4.0,   3.5
12-Jul-2018 21:00, 2.547,-9999 ,  18.4, 1014.3, 0.058, 0.068,  119,   6.6,   4.7
12-Jul-2018 22:00, 3.570,-9999 ,  16.7, 1014.9, 0.053, 0.064,  108,   6.0,   3.8
12-Jul-2018 23:00, 5.080,-9999 ,  16.7, 1015.6, 0.005, 0.022,  110,   4.9,   3.9
13-Jul-2018 00:00, 6.669,-9999 ,  17.1, 1016.2,-0.004, 0.020,   98,   5.9,   3.2
13-Jul-2018 01:00, 8.093,-9999 ,  17.5, 1016.3,-0.023, 0.007,  101,   5.6,   4.2
13-Jul-2018 02:00, 8.962,-9999 ,  18.9, 1016.0,-0.053,-0.023,  107,   5.0,   2.6
13-Jul-2018 03:00, 8.876,-9999 ,  22.1, 1015.2,-0.090,-0.063,  159,   4.1,   2.9
13-Jul-2018 04:00, 7.899,-9999 ,  24.1, 1014.0,-0.049,-0.031,  128,   9.7,   8.3
13-Jul-2018 05:00, 6.511,-9999 ,  24.5, 1013.0, 0.023, 0.029,  137,  10.2,   7.0
13-Jul-2018 06:00, 4.961,-9999 ,  25.4, 1012.3, 0.009, 0.006,  142,   9.9,   8.0
13-Jul-2018 07:00, 3.403,-9999 ,  25.1, 1011.7, 0.017, 0.007,  148,   9.7,   7.6
13-Jul-2018 08:00, 2.097,-9999 ,  25.8, 1011.4, 0.050, 0.034,  140,   9.1,   7.3
13-Jul-2018 09:00, 1.442,-9999 ,  25.9, 1011.7, 0.050, 0.031,  146,   8.0,   6.8
13-Jul-2018 10:00, 2.003,-9999 ,  24.6, 1012.3, 0.062, 0.048,  158,   7.9,   6.8
13-Jul-2018 11:00, 3.395,-9999 ,  23.8, 1013.1, 0.020, 0.011,  169,   8.6,   7.0
13-Jul-2018 12:00, 4.999,-9999 ,  22.6, 1013.7,-0.031,-0.032,  160,   8.9,   7.7
13-Jul-2018 13:00, 6.644,-9999 ,  23.4, 1014.0,-0.074,-0.070,  160,  10.0,   7.9
13-Jul-2018 14:00, 8.072,-9999 ,  23.7, 1014.1,-0.078,-0.071,  156,   9.4,   7.1
13-Jul-2018 15:00, 8.715,-9999 ,  21.8, 1014.3,-0.071,-0.062,  145,   9.2,   7.0
13-Jul-2018 16:00, 8.209,-9999 ,  21.5, 1014.3,-0.081,-0.070,  153,  10.4,   6.7
13-Jul-2018 17:00, 7.051,-9999 ,  20.6, 1014.1, 0.004, 0.015,  150,   8.5,   6.8
13-Jul-2018 18:00, 5.684,-9999 ,  19.8, 1013.7, 0.054, 0.062,  155,   8.3,   6.4
13-Jul-2018 19:00, 4.196,-9999 ,  20.0, 1013.4, 0.017, 0.021,  163,   9.0,   7.0
13-Jul-2018 20:00, 2.829,-9999 ,  17.7, 1013.6,-0.011,-0.009,  124,   9.4,   5.3
13-Jul-2018 21:00, 1.957,-9999 ,  17.9, 1013.7, 0.004, 0.007,  125,   7.0,   4.8
13-Jul-2018 22:00, 2.219,-9999 ,  16.7, 1014.1, 0.060, 0.065,  115,   5.4,   3.3
13-Jul-2018 23:00, 3.597,-9999 ,  16.3, 1014.7, 0.046, 0.055,  124,   4.7,   3.8
14-Jul-2018 00:00, 5.359,-9999 ,-9999 , 1015.3,-0.007, 0.008,  117,   4.7,   3.3
14-Jul-2018 01:00, 7.157,-9999 ,-9999 , 1015.3,-0.021,-0.001,  115,   5.9,   4.5
14-Jul-2018 02:00, 8.674,-9999 ,  19.6, 1014.9,-0.048,-0.027,  116,   5.4,   3.7
14-Jul-2018 03:00, 9.437,-9999 ,  21.2, 1013.9,-0.074,-0.058,  160,   4.4,   3.1
14-Jul-2018 04:00, 9.064,-9999 ,  22.9, 1012.8,-0.066,-0.060,  174,   4.3,   2.6
14-Jul-2018 05:00, 7.792,-9999 ,  25.0, 1011.8,-0.019,-0.024,  202,   3.6,   2.4
14-Jul-2018 06:00, 6.221,-9999 ,  25.6, 1010.8, 0.021, 0.006,  225,   4.5,   4.0
14-Jul-2018 07:00, 4.546,-9999 ,  23.0, 1010.3, 0.030, 0.005,  248,   5.2,   4.5
14-Jul-2018 08:00, 2.904,-9999 ,  22.4, 1010.2, 0.049, 0.020,  248,   8.6,   7.1
14-Jul-2018 09:00, 1.574,-9999 ,  21.3, 1010.5, 0.074, 0.044,  255,   9.2,   7.6
14-Jul-2018 10:00, 1.177,-9999 ,  20.9, 1011.0, 0.112, 0.085,  250,   9.4,   7.1
14-Jul-2018 11:00, 2.108,-9999 ,  21.1, 1011.7, 0.112, 0.090,  252,   8.6,   6.7
14-Jul-2018 12:00, 3.697,-9999 ,  20.8, 1012.3, 0.031, 0.017,  245,   7.8,   5.9
14-Jul-2018 13:00, 5.491,-9999 ,  20.5, 1012.7,-0.012,-0.021,  230,   8.0,   6.7
14-Jul-2018 14:00, 7.329,-9999 ,  20.5, 1012.8,-0.012,-0.017,  226,   8.2,   6.8
14-Jul-2018 15:00, 8.723,-9999 ,  20.3, 1013.0,-0.024,-0.028,  230,   7.9,   4.7
14-Jul-2018 16:00, 9.021,-9999 ,  20.1, 1013.1,-0.060,-0.063,  222,   7.8,   6.4
14-Jul-2018 17:00, 8.195,-9999 ,  19.7, 1013.2,-0.027,-0.028,  191,   7.9,   4.0
14-Jul-2018 18:00, 6.856,-9999 ,  18.7, 1012.9, 0.051, 0.050,  189,   5.6,   2.7
14-Jul-2018 19:00, 5.317,-9999 ,  19.0, 1012.6, 0.056, 0.052,  203,   4.1,   3.3
14-Jul-2018 20:00, 3.700,-9999 ,  19.6, 1012.8, 0.013, 0.007,  177,   4.7,   3.9
14-Jul-2018 21:00, 2.312,-9999 ,  17.7, 1013.1, 0.031, 0.027,  106,   4.8,   2.8
14-Jul-2018 22:00, 1.602,-9999 ,  18.3, 1013.9, 0.080, 0.079,  129,   3.6,   2.1
14-Jul-2018 23:00, 2.224,-9999 ,  18.1, 1014.5, 0.086, 0.093,  123,   2.8,   2.4
15-Jul-2018 00:00, 3.863,-9999 ,-9999 , 1015.3, 0.025, 0.039,  127,   4.4,   3.2
15-Jul-2018 01:00, 5.788,-9999 ,-9999 , 1015.3,-0.024,-0.003,  175,   3.8,   2.2
15-Jul-2018 02:00, 7.726,-9999 ,  19.3, 1014.8, 0.001, 0.021,  189,   3.4,   2.7
15-Jul-2018 03:00, 9.206,-9999 ,  20.0, 1014.3,-0.019,-0.004,  190,   3.3,   1.3
15-Jul-2018 04:00, 9.643,-9999 ,  21.2, 1013.4,-0.082,-0.072,  222,   2.5,   1.8
15-Jul-2018 05:00, 8.862,-9999 ,  24.5, 1012.3,-0.090,-0.089,    0,   2.5,   0.0
15-Jul-2018 06:00, 7.373,-9999 ,  23.2, 1011.7,-0.079,-0.089,  260,   6.0,   3.1
15-Jul-2018 07:00, 5.717,-9999 ,  23.9, 1011.1,-0.061,-0.077,  272,   6.4,   4.3
15-Jul-2018 08:00, 3.980,-9999 ,  22.7, 1011.1,-0.044,-0.065,  272,   8.1,   4.8
15-Jul-2018 09:00, 2.356,-9999 ,  21.9, 1011.4, 0.004,-0.017,  266,   8.5,   4.9
15-Jul-2018 10:00, 1.186,-9999 ,  21.8, 1011.8, 0.066, 0.047,  261,   8.2,   6.6
15-Jul-2018 11:00, 1.190,-9999 ,  21.6, 1012.7, 0.097, 0.083,  266,   8.0,   5.6
15-Jul-2018 12:00, 2.454,-9999 ,  21.2, 1013.2, 0.078, 0.074,  269,   6.4,   4.6
15-Jul-2018 13:00, 4.171,-9999 ,  21.0, 1013.5,-0.006,-0.006,  257,   6.3,   4.9
15-Jul-2018 14:00, 6.051,-9999 ,  20.6, 1013.7,-0.066,-0.064,  233,   6.2,   4.8
15-Jul-2018 15:00, 7.885,-9999 ,  20.8, 1013.8,-0.094,-0.089,  229,   5.8,   3.9
15-Jul-2018 16:00, 9.074,-9999 ,  20.4, 1013.6,-0.095,-0.090,  217,   4.8,   2.9
15-Jul-2018 17:00, 8.960,-9999 ,  20.2, 1013.5,-0.108,-0.105,  173,   3.1,   1.8
15-Jul-2018 18:00, 7.831,-9999 ,  18.8, 1013.2,-0.095,-0.092,  190,   4.3,   3.8
15-Jul-2018 19:00, 6.409,-9999 ,  18.3, 1013.0,-0.021,-0.022,  151,   6.0,   4.2
15-Jul-2018 20:00, 4.809,-9999 ,  18.4, 1013.1, 0.004, 0.002,  130,   5.7,   4.4
15-Jul-2018 21:00, 3.178,-9999 ,  17.3, 1013.2,-0.001,-0.002,  115,   6.7,   2.9
15-Jul-2018 22:00, 1.840,-9999 ,  18.1, 1013.3, 0.030, 0.029,  135,   5.2,   4.5
15-Jul-2018 23:00, 1.443,-9999 ,  17.9, 1013.6, 0.044, 0.045,  139,   8.2,   6.4
16-Jul-2018 00:00, 2.517,-9999 ,  17.9, 1014.2, 0.058, 0.062,  116,   7.4,   4.0
16-Jul-2018 01:00, 4.342,-9999 ,  18.7, 1014.7, 0.019, 0.029,  103,   7.6,   5.8
16-Jul-2018 02:00, 6.335,-9999 ,  19.9, 1014.5, 0.006, 0.020,  109,   6.6,   4.6
16-Jul-2018 03:00, 8.207,-9999 ,  21.6, 1013.7, 0.007, 0.019,  100,   4.8,   2.8
16-Jul-2018 04:00, 9.406,-9999 ,  23.8, 1012.5,-0.084,-0.081,  147,   3.2,   1.4
16-Jul-2018 05:00, 9.439,-9999 ,  25.2, 1011.3,-0.133,-0.142,  180,   2.9,   1.7
16-Jul-2018 06:00, 8.393,-9999 ,  26.0, 1010.5,-0.092,-0.112,  198,   3.5,   1.8
16-Jul-2018 07:00, 6.885,-9999 ,  26.3, 1009.9,-0.059,-0.087,  203,   3.7,   2.7
16-Jul-2018 08:00, 5.242,-9999 ,  23.4, 1010.0,-0.028,-0.062,  230,   5.6,   4.8
16-Jul-2018 09:00, 3.532,-9999 ,  24.5, 1010.4,-0.003,-0.036,  248,   5.2,   4.0
16-Jul-2018 10:00, 2.025,-9999 ,  22.6, 1011.2, 0.072, 0.045,  251,   6.5,   5.4
16-Jul-2018 11:00, 1.146,-9999 ,  21.6, 1012.0, 0.104, 0.084,  243,   6.4,   5.1
16-Jul-2018 12:00, 1.563,-9999 ,  21.9, 1012.8, 0.055, 0.044,  249,   5.9,   4.9
16-Jul-2018 13:00, 3.033,-9999 ,  21.8, 1013.1, 0.023, 0.019,  232,   5.9,   3.9
16-Jul-2018 14:00, 4.819,-9999 ,  21.8, 1013.1,-0.020,-0.021,  222,   7.8,   5.4
16-Jul-2018 15:00, 6.709,-9999 ,  21.2, 1012.8,-0.060,-0.062,  217,   8.1,   6.0
16-Jul-2018 16:00, 8.384,-9999 ,  20.6, 1012.7,-0.109,-0.114,  207,   7.2,   4.0
16-Jul-2018 17:00, 9.209,-9999 ,  20.1, 1012.6,-0.078,-0.084,  170,   5.5,   3.0
16-Jul-2018 18:00, 8.713,-9999 ,  19.9, 1012.4,-0.044,-0.050,  142,   4.3,   3.1
16-Jul-2018 19:00, 7.420,-9999 ,  19.9, 1012.1,-0.053,-0.062,  112,   4.3,   3.5
16-Jul-2018 20:00, 5.946,-9999 ,  18.6, 1012.1,-0.015,-0.027,  117,   5.5,   3.9
16-Jul-2018 21:00, 4.337,-9999 ,  18.6, 1012.3, 0.013, 0.002,  112,   5.0,   4.4
16-Jul-2018 22:00, 2.807,-9999 ,  18.5, 1012.9, 0.070, 0.061,  122,   7.0,   5.4
16-Jul-2018 23:00, 1.709,-9999 ,  17.5, 1013.4, 0.119, 0.116,  108,   5.8,   4.2
17-Jul-2018 00:00, 1.747,-9999 ,  16.8, 1014.0, 0.071, 0.073,  106,   5.7,   4.6
17-Jul-2018 01:00, 3.082,-9999 ,  18.6, 1014.1, 0.034, 0.042,  102,   5.4,   4.1
17-Jul-2018 02:00, 4.880,-9999 ,  20.0, 1013.6,-0.029,-0.021,  110,   7.5,   5.6
17-Jul-2018 03:00, 6.756,-9999 ,  23.2, 1012.9,-0.048,-0.045,  108,   5.9,   4.0
17-Jul-2018 04:00, 8.407,-9999 ,  25.3, 1012.0,-0.074,-0.079,  109,   7.4,   5.7
17-Jul-2018 05:00, 9.311,-9999 ,  25.5, 1011.2,-0.101,-0.114,  127,   6.5,   3.7
17-Jul-2018 06:00, 9.017,-9999 ,  26.9, 1010.6,-0.055,-0.076,  138,   5.2,   3.2
17-Jul-2018 07:00, 7.794,-9999 ,  28.3, 1010.1,-0.044,-0.071,  157,   4.4,   2.8
17-Jul-2018 08:00, 6.331,-9999 ,  28.1, 1010.0,-0.019,-0.051,  194,   3.8,   2.4
17-Jul-2018 09:00, 4.747,-9999 ,  22.2, 1010.4, 0.004,-0.027,  236,   5.3,   4.5
17-Jul-2018 10:00, 3.174,-9999 ,  21.7, 1010.8, 0.043, 0.015,  240,   6.4,   5.2
17-Jul-2018 11:00, 1.902,-9999 ,  21.8, 1011.5, 0.120, 0.097,  230,   6.9,   5.6
17-Jul-2018 12:00, 1.440,-9999 ,  22.5, 1012.1, 0.083, 0.066,  233,   6.9,   5.2
17-Jul-2018 13:00, 2.267,-9999 ,  22.1, 1012.8, 0.036, 0.026,  219,   5.4,   1.4
17-Jul-2018 14:00, 3.795,-9999 ,  21.7, 1012.8, 0.006, 0.002,    0,   1.1,   0.0
17-Jul-2018 15:00, 5.522,-9999 ,  22.0, 1012.4,-0.019,-0.023,  222,   1.8,   1.6
17-Jul-2018 16:00, 7.266,-9999 ,  21.7, 1012.1,-0.059,-0.067,  155,   1.7,   1.0
17-Jul-2018 17:00, 8.655,-9999 ,  21.7, 1011.7,-0.083,-0.095,    0,   1.3,   0.0
17-Jul-2018 18:00, 9.048,-9999 ,  21.2, 1011.4,-0.009,-0.024,  182,   2.3,   1.2
17-Jul-2018 19:00, 8.245,-9999 ,  20.2, 1011.4, 0.008,-0.010,  147,   3.5,   2.2
17-Jul-2018 20:00, 6.947,-9999 ,  20.1, 1011.5, 0.011,-0.008,  152,   2.6,   1.4
17-Jul-2018 21:00, 5.513,-9999 ,  19.0, 1011.7, 0.057, 0.040,  111,   4.1,   3.1
17-Jul-2018 22:00, 3.996,-9999 ,  17.8, 1012.2, 0.089, 0.074,  109,   5.2,   3.8
17-Jul-2018 23:00, 2.661,-9999 ,  17.4, 1012.9, 0.168, 0.158,   96,   4.5,   2.8
18-Jul-2018 00:00, 1.916,-9999 ,  18.3, 1013.4, 0.164, 0.161,   81,   3.6,   2.2
18-Jul-2018 01:00, 2.389,-9999 ,  20.5, 1013.9, 0.093, 0.095,    0,   3.0,   0.0
18-Jul-2018 02:00, 3.809,-9999 ,  21.0, 1013.8, 0.050, 0.056,  150,   1.6,   1.1
18-Jul-2018 03:00, 5.471,-9999 ,  22.4, 1013.3, 0.009, 0.014,  150,   2.7,   2.2
18-Jul-2018 04:00, 7.114,-9999 ,  23.5, 1012.6, 0.002, 0.001,  215,   2.5,   1.7
18-Jul-2018 05:00, 8.401,-9999 ,  24.5, 1012.0,-0.068,-0.075,  275,   3.1,   2.6
18-Jul-2018 06:00, 8.878,-9999 ,  24.5, 1011.7,-0.093,-0.105,  277,   3.7,   3.3
18-Jul-2018 07:00, 8.301,-9999 ,  24.7, 1011.6,-0.044,-0.059,  291,   4.5,   3.6
18-Jul-2018 08:00, 7.098,-9999 ,  25.0, 1011.6,-0.031,-0.048,  306,   4.4,   3.5
18-Jul-2018 09:00, 5.726,-9999 ,  23.5, 1012.1,-0.019,-0.035,  308,   4.5,   3.2
18-Jul-2018 10:00, 4.297,-9999 ,  22.9, 1012.3, 0.006,-0.005,  306,   3.8,   3.5
18-Jul-2018 11:00, 2.990,-9999 ,  22.6, 1013.0, 0.075, 0.066,  288,   3.9,   1.6
18-Jul-2018 12:00, 2.061,-9999 ,  22.8, 1013.6, 0.108, 0.106,  271,   4.9,   4.2
18-Jul-2018 13:00, 2.049,-9999 ,  22.1, 1013.9, 0.020, 0.024,  258,   4.9,   2.7
18-Jul-2018 14:00, 3.087,-9999 ,  22.1, 1014.0,-0.014,-0.008,  271,   3.0,   1.1
18-Jul-2018 15:00, 4.538,-9999 ,  20.8, 1013.9,-0.037,-0.030,  170,   2.2,   1.6
18-Jul-2018 16:00, 6.096,-9999 ,  20.5, 1013.7,-0.048,-0.041,   73,   2.3,   0.1
18-Jul-2018 17:00, 7.592,-9999 ,  19.5, 1013.5,-0.058,-0.054,  101,   2.6,   2.3
18-Jul-2018 18:00, 8.596,-9999 ,  18.5, 1013.2,-0.039,-0.037,  110,   3.4,   2.9
18-Jul-2018 19:00, 8.559,-9999 ,  18.6, 1012.9, 0.010, 0.009,  115,   3.7,   2.7
18-Jul-2018 20:00, 7.620,-9999 ,  18.9, 1012.8,-0.006,-0.009,  105,   3.5,   2.9
18-Jul-2018 21:00, 6.404,-9999 ,  19.2, 1012.7, 0.020, 0.015,  121,   3.5,   2.0
18-Jul-2018 22:00, 5.071,-9999 ,  19.1, 1013.4, 0.056, 0.051,  128,   2.6,   2.2
18-Jul-2018 23:00, 3.744,-9999 ,  18.7, 1014.2, 0.079, 0.081,  126,   4.2,   3.0
19-Jul-2018 00:00, 2.707,-9999 ,  18.8, 1014.6, 0.141, 0.151,   94,   3.5,   2.9
19-Jul-2018 01:00, 2.394,-9999 ,  19.9, 1015.1, 0.108, 0.122,  100,   3.3,   2.2
19-Jul-2018 02:00, 3.115,-9999 ,  20.7, 1014.8, 0.042, 0.061,   94,   2.6,   1.5
19-Jul-2018 03:00, 4.417,-9999 ,  24.8, 1013.9, 0.002, 0.016,   85,   2.8,   2.6
19-Jul-2018 04:00, 5.823,-9999 ,  27.6, 1013.1,-0.023,-0.017,  122,   2.5,   0.5
19-Jul-2018 05:00, 7.124,-9999 ,  28.5, 1012.2,-0.040,-0.042,  227,   2.0,   1.7
19-Jul-2018 06:00, 8.069,-9999 ,  26.6, 1011.8,-0.064,-0.074,  270,   3.9,   2.9
19-Jul-2018 07:00, 8.246,-9999 ,  24.6, 1011.4,-0.025,-0.040,  289,   5.4,   4.7
19-Jul-2018 08:00, 7.549,-9999 ,  24.3, 1011.7,-0.011,-0.029,  290,   6.0,   5.1
19-Jul-2018 09:00, 6.439,-9999 ,  24.4, 1012.2,-0.026,-0.041,  281,   6.3,   5.1
19-Jul-2018 10:00, 5.237,-9999 ,  24.5, 1012.7,-0.004,-0.015,  276,   7.0,   6.2
19-Jul-2018 11:00, 4.046,-9999 ,  22.3, 1013.7, 0.010, 0.006,    0,   7.0,   0.0
19-Jul-2018 12:00, 3.037,-9999 ,  22.1, 1014.0, 0.048, 0.053,  218,   1.7,   1.5
19-Jul-2018 13:00, 2.517,-9999 ,  21.6, 1014.4, 0.040, 0.048,  199,   2.7,   1.3
19-Jul-2018 14:00, 2.870,-9999 ,  22.2, 1014.1,-0.007, 0.004,  236,   2.5,   1.3
19-Jul-2018 15:00, 3.914,-9999 ,  22.5, 1013.7,-0.016,-0.008,  244,   2.4,   1.4
19-Jul-2018 16:00, 5.187,-9999 ,  21.4, 1013.6,-0.027,-0.022,  151,   2.5,   2.2
19-Jul-2018 17:00, 6.504,-9999 ,  22.2, 1013.2,-0.007,-0.005,  247,   2.2,   1.0
19-Jul-2018 18:00, 7.649,-9999 ,  20.8, 1013.2,-0.009,-0.010,  162,   3.5,   2.3
19-Jul-2018 19:00, 8.249,-9999 ,  20.5, 1013.2, 0.026, 0.025,  162,   3.1,   2.4
19-Jul-2018 20:00, 7.935,-9999 ,  20.6, 1013.4, 0.018, 0.017,  149,   4.6,   1.6
19-Jul-2018 21:00, 7.000,-9999 ,  20.4, 1013.2,-0.042,-0.041,  161,   2.0,   0.8
19-Jul-2018 22:00, 5.916,-9999 ,  20.0, 1013.6,-0.008,-0.008,  146,   2.2,   1.5
19-Jul-2018 23:00, 4.794,-9999 ,  19.7, 1014.2, 0.034, 0.038,  109,   4.4,   2.3
20-Jul-2018 00:00, 3.771,-9999 ,  19.9, 1014.6, 0.077, 0.087,  114,   3.7,   3.2
20-Jul-2018 01:00, 3.063,-9999 ,  20.8, 1014.8, 0.091, 0.105,   98,   4.4,   3.4
20-Jul-2018 02:00, 3.035,-9999 ,  22.3, 1014.6, 0.022, 0.037,  111,   5.7,   4.5
20-Jul-2018 03:00, 3.777,-9999 ,  25.9, 1014.0, 0.004, 0.017,   96,   7.4,   5.5
20-Jul-2018 04:00, 4.838,-9999 ,  28.1, 1013.3,-0.017,-0.010,  105,   7.1,   6.3
20-Jul-2018 05:00, 5.908,-9999 ,  29.7, 1012.4,-0.047,-0.047,  105,   7.1,   4.0
20-Jul-2018 06:00, 6.881,-9999 ,  28.8, 1011.7,-0.047,-0.057,   98,   3.7,   1.9
20-Jul-2018 07:00, 7.533,-9999 ,  27.9, 1011.3,-0.017,-0.033,  297,   4.3,   3.0
20-Jul-2018 08:00, 7.536,-9999 ,  27.2, 1011.8, 0.037, 0.018,  298,   5.9,   3.3
20-Jul-2018 09:00, 6.902,-9999 ,  25.9, 1012.1, 0.026, 0.012,  302,   5.2,   3.9
20-Jul-2018 10:00, 5.968,-9999 ,  24.7, 1012.8, 0.005,-0.005,  322,   4.3,   3.2
20-Jul-2018 11:00, 4.964,-9999 ,  24.4, 1013.5,-0.006,-0.010,  345,   4.3,   2.9
20-Jul-2018 12:00, 4.041,-9999 ,  23.9, 1014.3,-0.023,-0.019,  359,   4.6,   1.8
20-Jul-2018 13:00, 3.380,-9999 ,  22.7, 1014.7, 0.010, 0.021,   74,   2.8,   0.7
20-Jul-2018 14:00, 3.198,-9999 ,  23.0, 1014.7,-0.002, 0.013,  334,   1.9,   1.0
20-Jul-2018 15:00, 3.625,-9999 ,  21.9, 1014.5,-0.044,-0.030,  204,   4.1,   3.7
20-Jul-2018 16:00, 4.506,-9999 ,  20.8, 1014.4,-0.042,-0.030,  166,   4.0,   1.8
20-Jul-2018 17:00, 5.545,-9999 ,  20.9, 1014.1,-0.029,-0.017,  130,   2.0,   1.5
20-Jul-2018 18:00, 6.553,-9999 ,  20.5, 1013.7,-0.017,-0.009,  144,   1.5,   1.2
20-Jul-2018 19:00, 7.357,-9999 ,  19.3, 1013.7,-0.013,-0.009,  104,   1.5,   1.2
20-Jul-2018 20:00, 7.710,-9999 ,  19.5, 1013.8, 0.055, 0.059,   97,   3.0,   2.7
20-Jul-2018 21:00, 7.410,-9999 ,  19.9, 1014.3, 0.078, 0.084,  113,   4.2,   3.6
20-Jul-2018 22:00, 6.646,-9999 ,  19.6, 1014.5, 0.044, 0.054,   92,   4.5,   1.7
20-Jul-2018 23:00, 5.723,-9999 ,  19.7, 1014.7, 0.042, 0.054,  101,   2.1,   1.1
21-Jul-2018 00:00, 4.808,-9999 ,  19.6, 1015.1, 0.030, 0.045,  111,   2.9,   1.6
21-Jul-2018 01:00, 4.047,-9999 ,  19.3, 1015.5, 0.046, 0.065,  114,   2.5,   2.2
21-Jul-2018 02:00, 3.579,-9999 ,  21.2, 1015.3, 0.013, 0.035,  124,   4.3,   3.7
21-Jul-2018 03:00, 3.628,-9999 ,  24.6, 1014.5,-0.039,-0.020,  122,   5.9,   4.1
21-Jul-2018 04:00, 4.206,-9999 ,  25.7, 1013.7,-0.002, 0.009,  128,   4.2,   1.9
21-Jul-2018 05:00, 4.981,-9999 ,  28.1, 1012.7, 0.006, 0.009,  208,   2.3,   1.7
21-Jul-2018 06:00, 5.764,-9999 ,  26.4, 1012.3,-0.002,-0.008,  296,   5.4,   4.7
21-Jul-2018 07:00, 6.471,-9999 ,  26.4, 1011.8, 0.001,-0.009,  294,   5.4,   4.5
21-Jul-2018 08:00, 6.941,-9999 ,  25.9, 1012.0, 0.055, 0.040,  293,   5.1,   4.5
21-Jul-2018 09:00, 6.939,-9999 ,  25.4, 1012.4, 0.094, 0.082,  293,   5.6,   4.9
21-Jul-2018 10:00, 6.452,-9999 ,  25.2, 1012.7, 0.039, 0.031,  290,   6.6,   5.9
21-Jul-2018 11:00, 5.748,-9999 ,  24.8, 1013.3, 0.014, 0.009,  288,   6.5,   4.8
21-Jul-2018 12:00, 5.009,-9999 ,  24.6, 1013.8,-0.002,-0.001,  300,   5.2,   4.5
21-Jul-2018 13:00, 4.371,-9999 ,  24.9, 1014.0,-0.001, 0.005,  304,   5.0,   4.1
21-Jul-2018 14:00, 3.979,-9999 ,  22.4, 1014.3, 0.039, 0.047,  337,   4.6,   2.2
21-Jul-2018 15:00, 3.916,-9999 ,  21.2, 1014.3, 0.035, 0.045,  133,   2.3,   0.7
21-Jul-2018 16:00, 4.250,-9999 ,  20.4, 1014.5, 0.035, 0.046,   80,   3.4,   2.4
21-Jul-2018 17:00, 4.884,-9999 ,  20.0, 1014.1, 0.041, 0.052,    0,   1.7,   0.0
21-Jul-2018 18:00, 5.636,-9999 ,  19.7, 1013.9, 0.037, 0.045,  109,   2.6,   1.3
21-Jul-2018 19:00, 6.367,-9999 ,  19.4, 1013.7, 0.023, 0.029,   88,   2.0,   1.6
21-Jul-2018 20:00, 6.937,-9999 ,  19.0, 1013.8, 0.018, 0.023,   77,   2.3,   1.4
21-Jul-2018 21:00, 7.221,-9999 ,  19.1, 1013.9, 0.095, 0.100,  125,   1.9,   1.0
21-Jul-2018 22:00, 7.052,-9999 ,  19.3, 1014.3, 0.119, 0.126,  195,   4.1,   3.7
21-Jul-2018 23:00, 6.470,-9999 ,  16.6, 1015.3, 0.058, 0.069,   96,   5.5,   4.2
22-Jul-2018 00:00, 5.754,-9999 ,  18.0, 1016.2, 0.021, 0.043,   79,   4.3,   3.5
22-Jul-2018 01:00, 5.063,-9999 ,  20.1, 1016.6, 0.012, 0.042,   89,   3.9,   2.3
22-Jul-2018 02:00, 4.466,-9999 ,  21.0, 1016.6, 0.003, 0.036,  102,   3.0,   2.2
22-Jul-2018 03:00, 4.067,-9999 ,  22.0, 1016.1,-0.033, 0.000,   75,   2.5,   0.9
22-Jul-2018 04:00, 3.995,-9999 ,  23.6, 1015.2,-0.044,-0.016,  249,   3.0,   2.5
22-Jul-2018 05:00, 4.292,-9999 ,  23.1, 1014.0, 0.001, 0.019,  267,   3.9,   2.6
22-Jul-2018 06:00, 4.818,-9999 ,  22.0, 1013.2, 0.049, 0.056,  258,   6.8,   5.5
22-Jul-2018 07:00, 5.413,-9999 ,  22.1, 1012.7, 0.056, 0.055,  262,   7.4,   6.2
22-Jul-2018 08:00, 5.973,-9999 ,  21.9, 1013.0, 0.038, 0.033,  263,   6.9,   4.8
22-Jul-2018 09:00, 6.364,-9999 ,  21.9, 1013.0, 0.031, 0.028,  263,   6.1,   4.4
22-Jul-2018 10:00, 6.509,-9999 ,  21.6, 1013.1, 0.061, 0.059,  262,   7.5,   6.2
22-Jul-2018 11:00, 6.324,-9999 ,  21.5, 1013.7, 0.066, 0.065,  260,   7.1,   5.5
22-Jul-2018 12:00, 5.848,-9999 ,  21.4, 1014.6, 0.011, 0.016,  260,   7.1,   4.9
22-Jul-2018 13:00, 5.314,-9999 ,  21.3, 1015.0,-0.012, 0.002,  254,   6.1,   5.1
22-Jul-2018 14:00, 4.838,-9999 ,  21.2, 1014.9, 0.001, 0.018,  266,   6.1,   3.8
22-Jul-2018 15:00, 4.501,-9999 ,  21.1, 1014.7, 0.025, 0.041,  275,   4.4,   1.3
22-Jul-2018 16:00, 4.371,-9999 ,  21.1, 1014.7, 0.057, 0.071,  217,   1.8,   0.9
22-Jul-2018 17:00, 4.473,-9999 ,  20.7, 1014.7, 0.053, 0.068,  204,   3.1,   1.5
22-Jul-2018 18:00, 4.853,-9999 ,  19.7, 1014.3, 0.063, 0.077,  160,   3.5,   2.9
22-Jul-2018 19:00, 5.438,-9999 ,  19.4, 1014.2, 0.094, 0.104,  143,   3.4,   1.9
22-Jul-2018 20:00, 6.015,-9999 ,  19.5, 1014.3, 0.046, 0.055,  159,   2.7,   1.0
22-Jul-2018 21:00, 6.513,-9999 ,  19.5, 1014.6, 0.014, 0.025,  129,   3.1,   2.2
22-Jul-2018 22:00, 6.857,-9999 ,  19.1, 1014.8, 0.054, 0.067,  116,   3.5,   2.6
22-Jul-2018 23:00, 6.885,-9999 ,  18.8, 1015.7, 0.072, 0.088,  180,   5.5,   3.0
23-Jul-2018 00:00, 6.564,-9999 ,  18.8, 1015.8, 0.036, 0.061,   89,   3.5,   1.8
23-Jul-2018 01:00, 6.045,-9999 ,  19.1, 1016.3, 0.009, 0.035,  139,   2.7,   1.8
23-Jul-2018 02:00, 5.436,-9999 ,  19.2, 1016.2,-0.009, 0.022,  178,   2.7,   1.4
23-Jul-2018 03:00, 4.822,-9999 ,  19.8, 1015.3,-0.043,-0.014,  207,   2.6,   1.6
23-Jul-2018 04:00, 4.336,-9999 ,  21.3, 1014.1,-0.024,-0.005,  263,   4.2,   3.2
23-Jul-2018 05:00, 4.059,-9999 ,  21.8, 1013.0, 0.010, 0.018,  280,   5.9,   4.5
23-Jul-2018 06:00, 4.051,-9999 ,  21.4, 1012.3, 0.014, 0.011,  281,   7.6,   6.4
23-Jul-2018 07:00, 4.397,-9999 ,  22.5, 1011.8, 0.058, 0.048,  287,   7.9,   6.2
23-Jul-2018 08:00, 4.953,-9999 ,  22.7, 1011.8, 0.067, 0.052,  286,   7.9,   6.1
23-Jul-2018 09:00, 5.518,-9999 ,  22.4, 1012.1, 0.014, 0.000,  286,   7.0,   5.0
23-Jul-2018 10:00, 6.063,-9999 ,  22.1, 1012.5, 0.027, 0.016,  288,   6.1,   4.4
23-Jul-2018 11:00, 6.468,-9999 ,  22.0, 1013.3, 0.093, 0.087,  272,   5.7,   3.7
23-Jul-2018 12:00, 6.495,-9999 ,  22.0, 1013.8, 0.059, 0.060,  295,   5.2,   4.1
23-Jul-2018 13:00, 6.203,-9999 ,  22.1, 1014.1,-0.002, 0.004,  287,   6.5,   5.0
23-Jul-2018 14:00, 5.758,-9999 ,  21.8, 1014.1,-0.003, 0.006,  279,   5.2,   3.0
23-Jul-2018 15:00, 5.230,-9999 ,  21.8, 1014.3,-0.025,-0.017,  300,   4.3,   2.5
23-Jul-2018 16:00, 4.769,-9999 ,  21.8, 1014.1,-0.006, 0.005,  305,   3.0,   2.6
23-Jul-2018 17:00, 4.495,-9999 ,  21.9, 1013.7, 0.087, 0.095,  301,   3.5,   2.6
23-Jul-2018 18:00, 4.411,-9999 ,  22.1, 1013.2, 0.128, 0.132,  275,   3.4,   2.4
23-Jul-2018 19:00, 4.599,-9999 ,  20.2, 1012.8, 0.135, 0.134,  111,   3.1,   2.3
23-Jul-2018 20:00, 5.106,-9999 ,  18.8, 1012.8, 0.139, 0.134,  116,   2.9,   1.7
23-Jul-2018 21:00, 5.747,-9999 ,  18.3, 1013.0, 0.110, 0.106,  104,   5.2,   3.7
23-Jul-2018 22:00, 6.334,-9999 ,  17.6, 1013.8, 0.052, 0.050,  129,   4.5,   2.8
23-Jul-2018 23:00, 6.813,-9999 ,  17.9, 1014.6, 0.039, 0.045,  166,   4.7,   3.6
24-Jul-2018 00:00, 7.073,-9999 ,  18.7, 1015.1, 0.068, 0.082,  180,   5.0,   2.5
24-Jul-2018 01:00, 6.948,-9999 ,  19.3, 1015.5, 0.058, 0.077,  211,   3.9,   3.1
24-Jul-2018 02:00, 6.449,-9999 ,  19.1, 1015.7, 0.023, 0.046,  168,   3.1,   2.0
24-Jul-2018 03:00, 5.757,-9999 ,  19.7, 1015.0,-0.001, 0.023,  141,   2.4,   0.1
24-Jul-2018 04:00, 4.996,-9999 ,  21.8, 1014.1,-0.011, 0.005,  268,   2.0,   1.4
24-Jul-2018 05:00, 4.284,-9999 ,  21.8, 1013.4, 0.017, 0.025,  301,   5.2,   4.3
24-Jul-2018 06:00, 3.773,-9999 ,  22.9, 1012.7, 0.040, 0.041,  297,   6.5,   5.6
24-Jul-2018 07:00, 3.629,-9999 ,  23.2, 1012.3, 0.069, 0.064,  303,   7.2,   5.7
24-Jul-2018 08:00, 3.952,-9999 ,  23.0, 1012.0, 0.087, 0.077,  293,   6.9,   5.4
24-Jul-2018 09:00, 4.595,-9999 ,  22.6, 1012.1, 0.062, 0.049,  278,   6.8,   5.5
24-Jul-2018 10:00, 5.339,-9999 ,  22.4, 1012.7, 0.023, 0.012,  268,   6.9,   4.9
24-Jul-2018 11:00, 6.072,-9999 ,  22.2, 1013.4, 0.015, 0.010,  266,   6.3,   4.8
24-Jul-2018 12:00, 6.649,-9999 ,  22.1, 1014.0, 0.021, 0.023,  257,   6.4,   5.0
24-Jul-2018 13:00, 6.879,-9999 ,  22.1, 1014.5, 0.008, 0.017,  256,   5.9,   4.9
24-Jul-2018 14:00, 6.651,-9999 ,  22.0, 1014.6,-0.009, 0.004,  262,   5.8,   3.7
24-Jul-2018 15:00, 6.101,-9999 ,  21.8, 1014.7,-0.009, 0.004,  246,   4.4,   1.4
24-Jul-2018 16:00, 5.432,-9999 ,  21.3, 1014.5,-0.009, 0.006,  175,   1.8,   1.2
24-Jul-2018 17:00, 4.758,-9999 ,  20.5, 1014.0, 0.010, 0.022,  181,   3.3,   2.9
24-Jul-2018 18:00, 4.219,-9999 ,  20.5, 1013.7, 0.035, 0.042,  178,   3.3,   2.5
24-Jul-2018 19:00, 3.981,-9999 ,  20.3, 1013.8, 0.098, 0.103,  171,   7.0,   2.3
24-Jul-2018 20:00, 4.162,-9999 ,  20.1, 1013.8, 0.127, 0.132,  209,   5.6,   2.4
24-Jul-2018 21:00, 4.738,-9999 ,  20.0, 1013.9, 0.072, 0.078,  191,   3.9,   2.8
24-Jul-2018 22:00, 5.540,-9999 ,  19.8, 1014.1, 0.027, 0.034,  203,   3.5,   2.4
24-Jul-2018 23:00, 6.377,-9999 ,  20.4, 1014.3, 0.018, 0.026,  200,   3.6,   2.8
25-Jul-2018 00:00, 7.077,-9999 ,  20.6, 1014.8, 0.023, 0.034,  198,   4.6,   2.2
25-Jul-2018 01:00, 7.464,-9999 ,  20.8, 1015.0, 0.020, 0.036,  191,   4.0,   2.7
25-Jul-2018 02:00, 7.329,-9999 ,  20.6, 1014.9, 0.009, 0.026,   88,   3.1,   1.6
25-Jul-2018 03:00, 6.692,-9999 ,  22.1, 1014.4,-0.006, 0.010,   23,   2.8,   0.8
25-Jul-2018 04:00, 5.805,-9999 ,  23.2, 1013.5,-0.011,-0.001,  278,   3.4,   2.5
25-Jul-2018 05:00, 4.807,-9999 ,  23.7, 1012.7,-0.007,-0.005,  299,   5.2,   4.3
25-Jul-2018 06:00, 3.852,-9999 ,  23.6, 1011.9,-0.021,-0.027,  291,   7.0,   5.7
25-Jul-2018 07:00, 3.178,-9999 ,  23.3, 1011.2,-0.022,-0.037,  283,   9.0,   7.2
25-Jul-2018 08:00, 3.049,-9999 ,  23.3, 1011.2, 0.012,-0.009,  278,   9.5,   7.6
25-Jul-2018 09:00, 3.558,-9999 ,  23.0, 1011.6, 0.021, 0.001,  272,  10.0,   6.2
25-Jul-2018 10:00, 4.450,-9999 ,  22.7, 1012.0, 0.018, 0.002,  261,   9.5,   6.9
25-Jul-2018 11:00, 5.464,-9999 ,  22.7, 1012.5, 0.027, 0.015,  257,  10.2,   7.1
25-Jul-2018 12:00, 6.415,-9999 ,  22.6, 1013.1, 0.024, 0.017,  243,   8.5,   6.6
25-Jul-2018 13:00, 7.115,-9999 ,  22.6, 1013.5,-0.023,-0.024,  259,   7.4,   5.2
25-Jul-2018 14:00, 7.341,-9999 ,  22.5, 1013.6,-0.040,-0.038,  255,   8.3,   5.1
25-Jul-2018 15:00, 6.966,-9999 ,  22.4, 1013.7,-0.015,-0.012,  252,   6.6,   5.1
25-Jul-2018 16:00, 6.200,-9999 ,  22.2, 1013.9,-0.010,-0.005,  185,   6.4,   1.5
25-Jul-2018 17:00, 5.303,-9999 ,  22.0, 1013.6,-0.006, 0.000,  211,   3.9,   1.5
25-Jul-2018 18:00, 4.414,-9999 ,  21.4, 1013.3,-0.013,-0.010,  135,   2.6,   0.9
25-Jul-2018 19:00, 3.727,-9999 ,  20.6, 1012.9, 0.013, 0.013,  114,   1.9,   1.2
25-Jul-2018 20:00, 3.460,-9999 ,  19.5, 1012.9, 0.089, 0.085,   76,   2.7,   1.3
25-Jul-2018 21:00, 3.810,-9999 ,  19.2, 1012.9, 0.102, 0.098,  103,   2.5,   1.2
25-Jul-2018 22:00, 4.685,-9999 ,  19.7, 1013.3, 0.084, 0.081,  107,   2.8,   2.0
25-Jul-2018 23:00, 5.774,-9999 ,  18.9, 1013.8, 0.086, 0.087,   69,   3.5,   1.7
26-Jul-2018 00:00, 6.833,-9999 ,  19.3, 1014.5, 0.097, 0.103,   71,   2.5,   1.2
26-Jul-2018 01:00, 7.630,-9999 ,  19.3, 1015.3, 0.049, 0.062,  153,   2.4,   1.8
26-Jul-2018 02:00, 7.937,-9999 ,  19.9, 1015.2,-0.021, 0.000,  171,   2.3,   1.1
26-Jul-2018 03:00, 7.596,-9999 ,  21.8, 1014.6,-0.006, 0.013,  242,   6.3,   5.8
26-Jul-2018 04:00, 6.708,-9999 ,  22.8, 1013.8, 0.011, 0.024,  244,  11.0,   9.1
26-Jul-2018 05:00, 5.530,-9999 ,  22.7, 1012.8,-0.021,-0.017,  245,  11.2,   9.6
26-Jul-2018 06:00, 4.323,-9999 ,  22.8, 1012.0,-0.017,-0.022,  247,  11.1,   8.8
26-Jul-2018 07:00, 3.290,-9999 ,  22.8, 1011.5, 0.006,-0.007,  252,  11.1,   8.0
26-Jul-2018 08:00, 2.629,-9999 ,  22.6, 1011.6, 0.027, 0.010,  242,  11.1,   7.7
26-Jul-2018 09:00, 2.677,-9999 ,  22.9, 1012.1, 0.007,-0.010,  244,  10.8,   9.1
26-Jul-2018 10:00, 3.472,-9999 ,-9999 , 1012.6,-0.018,-0.029,  241,  11.1,   9.3
26-Jul-2018 11:00, 4.599,-9999 ,-9999 , 1013.0,-0.042,-0.048,  236,  10.2,   8.3
26-Jul-2018 12:00, 5.811,-9999 ,-9999 , 1013.6,-0.045,-0.047,  239,   9.0,   6.2
26-Jul-2018 13:00, 6.947,-9999 ,  22.4, 1014.0,-0.029,-0.025,  245,   7.1,   5.7
26-Jul-2018 14:00, 7.700,-9999 ,  22.2, 1014.1,-0.042,-0.034,  241,   6.3,   5.0
26-Jul-2018 15:00, 7.708,-9999 ,  22.1, 1014.0,-0.035,-0.027,  238,   6.3,   4.9
26-Jul-2018 16:00, 6.998,-9999 ,  21.9, 1013.8,-0.025,-0.018,  222,   6.2,   5.5
26-Jul-2018 17:00, 5.997,-9999 ,  21.5, 1013.6,-0.002, 0.004,  218,   6.4,   4.9
26-Jul-2018 18:00, 4.903,-9999 ,  21.4, 1013.2, 0.004, 0.007,  213,   6.1,   4.4
26-Jul-2018 19:00, 3.862,-9999 ,  21.3, 1013.0,-0.031,-0.031,  206,   6.4,   5.3
26-Jul-2018 20:00, 3.122,-9999 ,  20.8, 1013.0, 0.006, 0.004,  205,   6.4,   4.7
26-Jul-2018 21:00, 3.011,-9999 ,  20.1, 1013.0, 0.063, 0.060,  199,   6.5,   4.8
26-Jul-2018 22:00, 3.717,-9999 ,  20.0, 1013.8, 0.069, 0.067,  193,   6.5,   5.4
26-Jul-2018 23:00, 4.911,-9999 ,  20.1, 1014.3, 0.065, 0.070,  185,   5.2,   3.3
27-Jul-2018 00:00, 6.193,-9999 ,  20.0, 1014.7, 0.037, 0.048,  192,   4.6,   2.8
27-Jul-2018 01:00, 7.362,-9999 ,  20.0, 1014.9, 0.016, 0.030,  149,   3.5,   1.8
27-Jul-2018 02:00, 8.181,-9999 ,  20.6, 1014.8,-0.018,-0.001,  113,   2.5,   1.4
27-Jul-2018 03:00, 8.265,-9999 ,  22.3, 1013.8,-0.051,-0.036,  128,   1.6,   1.2
27-Jul-2018 04:00, 7.516,-9999 ,  25.2, 1013.0,-0.061,-0.056,    0,   2.3,   0.0
27-Jul-2018 05:00, 6.326,-9999 ,  26.7, 1012.1,-0.052,-0.056,    0,   0.0,   0.0
27-Jul-2018 06:00, 4.995,-9999 ,  26.9, 1011.3,-0.019,-0.031,  257,   2.2,   1.5
27-Jul-2018 07:00, 3.687,-9999 ,  26.2, 1011.0,-0.007,-0.027,  282,   4.9,   4.4
27-Jul-2018 08:00, 2.605,-9999 ,  25.6, 1011.0,-0.011,-0.034,  280,   6.1,   5.2
27-Jul-2018 09:00, 2.104,-9999 ,  25.3, 1011.4,-0.021,-0.043,  279,   6.3,   5.3
27-Jul-2018 10:00, 2.606,-9999 ,  24.2, 1011.9,-0.003,-0.021,  269,   6.4,   4.7
27-Jul-2018 11:00, 3.810,-9999 ,  23.7, 1012.2, 0.042, 0.029,  257,   6.0,   4.7
27-Jul-2018 12:00, 5.202,-9999 ,  22.8, 1012.6, 0.058, 0.047,  231,   5.2,   2.9
27-Jul-2018 13:00, 6.561,-9999 ,  22.2, 1013.1, 0.048, 0.042,  209,   4.2,   1.9
27-Jul-2018 14:00, 7.691,-9999 ,  22.1, 1013.3, 0.010, 0.008,  269,   3.7,   3.1
27-Jul-2018 15:00, 8.206,-9999 ,  22.1, 1013.2,-0.013,-0.013,  243,   3.9,   2.6
27-Jul-2018 16:00, 7.761,-9999 ,  22.0, 1012.9,-0.033,-0.034,  190,   3.0,   2.8
27-Jul-2018 17:00, 6.738,-9999 ,  21.7, 1012.6,-0.017,-0.020,  173,   3.3,   2.6
27-Jul-2018 18:00, 5.566,-9999 ,  21.5, 1012.3, 0.045, 0.038,  179,   3.9,   3.1
27-Jul-2018 19:00, 4.344,-9999 ,  21.4, 1012.2, 0.044, 0.034,  200,   5.2,   3.8
27-Jul-2018 20:00, 3.255,-9999 ,  21.1, 1012.2, 0.020, 0.010,  182,   5.5,   4.1
27-Jul-2018 21:00, 2.601,-9999 ,  20.1, 1012.7, 0.044, 0.034,  157,   4.3,   2.5
27-Jul-2018 22:00, 2.877,-9999 ,  19.9, 1013.0, 0.072, 0.066,  171,   4.6,   3.1
27-Jul-2018 23:00, 4.009,-9999 ,  20.3, 1013.7, 0.081, 0.079,  136,   3.8,   1.5
28-Jul-2018 00:00, 5.437,-9999 ,  20.4, 1014.3, 0.048, 0.053,  169,   4.1,   3.0
28-Jul-2018 01:00, 6.890,-9999 ,  20.2, 1014.8, 0.047, 0.058,  162,   4.1,   2.3
28-Jul-2018 02:00, 8.114,-9999 ,  20.8, 1014.8, 0.057, 0.073,  133,   3.7,   2.7
28-Jul-2018 03:00, 8.704,-9999 ,  21.3, 1014.2, 0.016, 0.031,  160,   2.8,   2.0
28-Jul-2018 04:00, 8.309,-9999 ,  23.8, 1013.4,-0.030,-0.022,  158,   2.8,   1.0
28-Jul-2018 05:00, 7.156,-9999 ,  26.1, 1012.4,-0.063,-0.063,  206,   1.6,   0.2
28-Jul-2018 06:00, 5.745,-9999 ,  26.3, 1011.7,-0.053,-0.063,  234,   1.8,   1.0
28-Jul-2018 07:00, 4.266,-9999 ,  25.7, 1011.4,-0.046,-0.062,  276,   4.1,   3.6
28-Jul-2018 08:00, 2.913,-9999 ,  25.3, 1011.4,-0.063,-0.081,  288,   4.6,   4.1
28-Jul-2018 09:00, 1.951,-9999 ,  23.8, 1011.8,-0.061,-0.079,  261,   7.8,   6.2
28-Jul-2018 10:00, 1.909,-9999 ,  22.8, 1012.4,-0.038,-0.052,  261,   8.0,   5.3
28-Jul-2018 11:00, 2.921,-9999 ,  22.6, 1012.9, 0.012, 0.004,  255,   6.0,   4.5
28-Jul-2018 12:00, 4.367,-9999 ,  22.4, 1013.3, 0.023, 0.021,  235,   5.7,   4.2
28-Jul-2018 13:00, 5.895,-9999 ,  22.4, 1013.5, 0.017, 0.018,  225,   6.5,   4.7
28-Jul-2018 14:00, 7.323,-9999 ,  21.9, 1013.7, 0.014, 0.017,  173,   6.1,   4.5
28-Jul-2018 15:00, 8.309,-9999 ,  21.9, 1013.6,-0.006,-0.002,  165,   9.2,   7.7
28-Jul-2018 16:00, 8.343,-9999 ,  22.3, 1013.5,-0.037,-0.034,  161,   9.4,   7.9
28-Jul-2018 17:00, 7.467,-9999 ,  20.6, 1013.1,-0.038,-0.036,  159,   8.5,   6.7
28-Jul-2018 18:00, 6.239,-9999 ,  20.9, 1012.9, 0.006, 0.004,  158,   9.6,   8.2
28-Jul-2018 19:00, 4.905,-9999 ,  20.7, 1012.9, 0.035, 0.032,  155,   9.3,   7.3
28-Jul-2018 20:00, 3.582,-9999 ,  20.3, 1013.1,-0.016,-0.020,  137,   8.2,   5.7
28-Jul-2018 21:00, 2.536,-9999 ,  19.2, 1013.4,-0.033,-0.034,  141,   6.4,   3.9
28-Jul-2018 22:00, 2.223,-9999 ,  19.4, 1013.9,-0.025,-0.023,  132,   5.4,   4.3
28-Jul-2018 23:00, 3.038,-9999 ,  18.5, 1014.7,-0.009,-0.002,  138,   8.1,   6.8
29-Jul-2018 00:00, 4.497,-9999 ,  18.3, 1015.2,-0.023,-0.008,  120,   9.0,   5.5
29-Jul-2018 01:00, 6.102,-9999 ,  20.0, 1015.7,-0.043,-0.023,  115,   6.8,   4.5
29-Jul-2018 02:00, 7.612,-9999 ,  21.3, 1015.4,-0.018, 0.006,   67,   6.0,   2.0
29-Jul-2018 03:00, 8.686,-9999 ,  24.5, 1014.6, 0.007, 0.028,  104,   7.2,   6.1
29-Jul-2018 04:00, 8.821,-9999 ,  24.3, 1013.7,-0.020,-0.008,  130,   6.9,   4.2
29-Jul-2018 05:00, 7.929,-9999 ,  24.8, 1012.9,-0.052,-0.048,  145,   4.7,   3.4
29-Jul-2018 06:00, 6.561,-9999 ,  26.0, 1012.1,-0.039,-0.043,  179,   4.3,   2.8
29-Jul-2018 07:00, 5.052,-9999 ,  26.9, 1011.4,-0.003,-0.015,  200,   3.9,   2.1
29-Jul-2018 08:00, 3.532,-9999 ,  26.8, 1011.0,-0.013,-0.032,  194,   4.6,   3.8
29-Jul-2018 09:00, 2.234,-9999 ,  24.6, 1011.4,-0.050,-0.072,  223,   6.3,   5.3
29-Jul-2018 10:00, 1.573,-9999 ,  23.4, 1012.2,-0.082,-0.099,  259,   5.9,   3.8
29-Jul-2018 11:00, 2.139,-9999 ,  22.5, 1012.9,-0.037,-0.047,  244,   6.2,   4.8
29-Jul-2018 12:00, 3.545,-9999 ,  22.4, 1013.2, 0.011, 0.008,  225,   8.1,   7.0
29-Jul-2018 13:00, 5.147,-9999 ,  22.4, 1013.5, 0.004, 0.004,  216,   8.1,   5.8
29-Jul-2018 14:00, 6.771,-9999 ,  21.7, 1013.7, 0.023, 0.026,  209,   6.5,   3.7
29-Jul-2018 15:00, 8.118,-9999 ,  21.9, 1013.7, 0.038, 0.043,  211,   4.7,   2.6
29-Jul-2018 16:00, 8.688,-9999 ,  21.4, 1013.4, 0.024, 0.029,  227,   4.9,   2.2
29-Jul-2018 17:00, 8.162,-9999 ,  21.3, 1012.9, 0.008, 0.009,  202,   4.0,   3.4
29-Jul-2018 18:00, 6.955,-9999 ,  20.6, 1012.5, 0.001,-0.003,  128,   4.2,   3.3
29-Jul-2018 19:00, 5.582,-9999 ,  20.1, 1012.3, 0.032, 0.025,   98,   3.8,   3.2
29-Jul-2018 20:00, 4.165,-9999 ,  18.9, 1012.1, 0.037, 0.027,   80,   3.7,   2.0
29-Jul-2018 21:00, 2.891,-9999 ,  19.4, 1012.5, 0.014, 0.002,   99,   2.3,   1.7
29-Jul-2018 22:00, 2.096,-9999 ,  19.5, 1013.1, 0.014, 0.008,   93,   2.5,   1.5
29-Jul-2018 23:00, 2.395,-9999 ,  18.9, 1013.4, 0.045, 0.044,  107,   3.2,   2.2
30-Jul-2018 00:00, 3.732,-9999 ,  18.4, 1014.0, 0.080, 0.082,   99,   3.3,   2.4
30-Jul-2018 01:00, 5.388,-9999 ,  19.7, 1014.5, 0.062, 0.070,  109,   3.6,   3.0
30-Jul-2018 02:00, 7.058,-9999 ,  20.9, 1014.2, 0.064, 0.077,  122,   5.2,   3.9
30-Jul-2018 03:00, 8.432,-9999 ,  23.2, 1013.5, 0.076, 0.085,  118,   4.3,   3.2
30-Jul-2018 04:00, 9.062,-9999 ,  26.2, 1012.8, 0.058, 0.060,  313,   3.8,   2.3
30-Jul-2018 05:00, 8.576,-9999 ,  24.6, 1012.2, 0.008, 0.003,  313,   8.3,   7.1
30-Jul-2018 06:00, 7.297,-9999 ,  24.0, 1011.5,-0.030,-0.042,  314,   8.2,   6.7
30-Jul-2018 07:00, 5.807,-9999 ,  24.7, 1011.2,-0.017,-0.035,  313,   8.7,   6.4
30-Jul-2018 08:00, 4.244,-9999 ,  24.6, 1011.5, 0.000,-0.020,  310,   8.1,   5.4
30-Jul-2018 09:00, 2.781,-9999 ,  24.2, 1011.8,-0.015,-0.033,  313,   6.1,   4.7
30-Jul-2018 10:00, 1.703,-9999 ,  23.6, 1012.4,-0.060,-0.074,  310,   5.7,   4.6
30-Jul-2018 11:00, 1.629,-9999 ,  23.6, 1013.0,-0.077,-0.085,  312,   5.9,   4.8
30-Jul-2018 12:00, 2.759,-9999 ,  23.6, 1013.4,-0.036,-0.038,  311,   6.3,   5.2
30-Jul-2018 13:00, 4.377,-9999 ,  23.3, 1013.8,-0.009,-0.007,  308,   6.6,   5.6
30-Jul-2018 14:00, 6.090,-9999 ,  22.9, 1014.0, 0.019, 0.025,  301,   6.5,   4.5
30-Jul-2018 15:00, 7.672,-9999 ,  22.9, 1014.0, 0.051, 0.059,  298,   5.1,   3.4
30-Jul-2018 16:00, 8.712,-9999 ,  22.6, 1013.8, 0.080, 0.087,  290,   4.1,   2.3
30-Jul-2018 17:00, 8.659,-9999 ,  22.7, 1013.5, 0.051, 0.056,  281,   3.1,   1.6
30-Jul-2018 18:00, 7.593,-9999 ,  22.7, 1013.1,-0.020,-0.018,  284,   2.9,   2.6
30-Jul-2018 19:00, 6.241,-9999 ,  22.5, 1012.8,-0.008,-0.010,  255,   3.4,   2.3
30-Jul-2018 20:00, 4.810,-9999 ,  21.4, 1012.5, 0.026, 0.021,  133,   2.9,   1.2
30-Jul-2018 21:00, 3.380,-9999 ,  19.8, 1012.5, 0.004,-0.004,   89,   4.1,   1.4
30-Jul-2018 22:00, 2.271,-9999 ,  19.8, 1013.0,-0.001,-0.008,  106,   3.0,   2.6
30-Jul-2018 23:00, 2.019,-9999 ,  19.3, 1013.3, 0.047, 0.045,   82,   3.2,   2.5
31-Jul-2018 00:00, 3.000,-9999 ,  19.9, 1014.0, 0.112, 0.113,   97,   3.2,   2.0
31-Jul-2018 01:00, 4.620,-9999 ,  20.7, 1014.5, 0.129, 0.137,   99,   2.5,   0.9
31-Jul-2018 02:00, 6.323,-9999 ,  22.6, 1014.4, 0.109, 0.122,  242,   2.5,   1.5
31-Jul-2018 03:00, 7.863,-9999 ,  22.8, 1014.0, 0.078, 0.089,  232,   3.3,   1.7
31-Jul-2018 04:00, 8.882,-9999 ,  22.0, 1013.5, 0.050, 0.057,  132,   2.9,   2.3
31-Jul-2018 05:00, 8.867,-9999 ,  23.8, 1012.6,-0.034,-0.033,  269,   5.2,   3.8
31-Jul-2018 06:00, 7.860,-9999 ,  24.1, 1012.1,-0.077,-0.084,  321,   5.7,   3.2
31-Jul-2018 07:00, 6.451,-9999 ,  23.8, 1011.7,-0.068,-0.080,  303,   5.6,   4.3
31-Jul-2018 08:00, 4.929,-9999 ,  23.6, 1011.8,-0.060,-0.075,  281,   5.7,   3.9
31-Jul-2018 09:00, 3.408,-9999 ,  23.6, 1012.1,-0.045,-0.060,  300,   4.6,   3.4
31-Jul-2018 10:00, 2.133,-9999 ,  22.8, 1012.5,-0.048,-0.059,  289,   3.7,   2.3
31-Jul-2018 11:00, 1.550,-9999 ,  22.6, 1013.2,-0.051,-0.058,  271,   2.9,   1.1
31-Jul-2018 12:00, 2.198,-9999 ,  22.5, 1013.5,-0.022,-0.022,  299,   2.1,   1.7
31-Jul-2018 13:00, 3.655,-9999 ,  22.3, 1013.7,-0.026,-0.023,  305,   2.5,   1.5
31-Jul-2018 14:00, 5.315,-9999 ,  22.1, 1013.7,-0.031,-0.026,  335,   1.7,   1.5
31-Jul-2018 15:00, 6.972,-9999 ,  21.8, 1013.5,-0.023,-0.019,  330,   1.6,   0.8
31-Jul-2018 16:00, 8.316,-9999 ,  21.2, 1013.4, 0.000, 0.002,   46,   1.7,   1.3
31-Jul-2018 17:00, 8.833,-9999 ,  21.2, 1013.0, 0.039, 0.041,   45,   2.2,   1.4
31-Jul-2018 18:00, 8.175,-9999 ,  20.9, 1012.6, 0.011, 0.008,   33,   2.2,   1.3
31-Jul-2018 19:00, 6.897,-9999 ,  19.9, 1012.4, 0.001,-0.006,   31,   2.4,   1.7
31-Jul-2018 20:00, 5.509,-9999 ,  19.5, 1012.8, 0.029, 0.021,   59,   3.2,   2.2
31-Jul-2018 21:00, 4.052,-9999 ,  19.5, 1012.9, 0.035, 0.030,   60,   2.8,   1.3
31-Jul-2018 22:00, 2.753,-9999 ,  19.7, 1013.3, 0.030, 0.027,   47,   2.3,   0.3
31-Jul-2018 23:00, 2.008,-9999 ,  19.8, 1013.7, 0.031, 0.032,   89,   2.5,   1.7
01-Aug-2018 00:00, 2.418,-9999 ,  20.4, 1014.2, 0.075, 0.080,   67,   2.5,   1.5
01-Aug-2018 01:00, 3.803,-9999 ,  21.1, 1014.7, 0.078, 0.088,  166,   1.9,   1.3
01-Aug-2018 02:00, 5.443,-9999 ,  21.7, 1014.8, 0.047, 0.061,  195,   2.9,   2.0
01-Aug-2018 03:00, 7.052,-9999 ,  22.6, 1014.6, 0.025, 0.040,  144,   3.2,   1.9
01-Aug-2018 04:00, 8.359,-9999 ,  24.0, 1014.0, 0.009, 0.022,  296,   6.8,   4.3
01-Aug-2018 05:00, 8.886,-9999 ,  24.0, 1013.2,-0.022,-0.015,  282,   6.4,   4.7
01-Aug-2018 06:00, 8.336,-9999 ,  24.0, 1012.5,-0.046,-0.047,  286,   7.2,   4.8
01-Aug-2018 07:00, 7.092,-9999 ,  24.1, 1011.8,-0.024,-0.033,  290,   8.2,   5.8
01-Aug-2018 08:00, 5.658,-9999 ,  24.0, 1011.9,-0.021,-0.035,  286,   8.4,   5.3
01-Aug-2018 09:00, 4.170,-9999 ,  23.8, 1012.2,-0.018,-0.031,  295,   6.8,   4.5
01-Aug-2018 10:00, 2.822,-9999 ,  23.2, 1012.4, 0.021, 0.011,  290,   5.6,   3.5
01-Aug-2018 11:00, 1.895,-9999 ,  23.1, 1013.0, 0.027, 0.019,  290,   4.4,   2.8
01-Aug-2018 12:00, 1.959,-9999 ,  23.0, 1013.4, 0.037, 0.035,  278,   5.1,   3.4
01-Aug-2018 13:00, 3.099,-9999 ,  22.8, 1013.5, 0.019, 0.021,  265,   5.4,   3.5
01-Aug-2018 14:00, 4.640,-9999 ,  22.3, 1013.6,-0.021,-0.019,  285,   4.9,   2.3
01-Aug-2018 15:00, 6.273,-9999 ,  22.6, 1013.5,-0.005,-0.001,  290,   6.1,   3.0
01-Aug-2018 16:00, 7.770,-9999 ,  22.8, 1013.3, 0.014, 0.017,  294,   7.0,   4.7
01-Aug-2018 17:00, 8.737,-9999 ,  23.1, 1013.0, 0.081, 0.081,  297,   6.6,   5.5
01-Aug-2018 18:00, 8.614,-9999 ,  22.3, 1013.0, 0.094, 0.091,  272,   9.6,   5.1
01-Aug-2018 19:00, 7.559,-9999 ,  22.7, 1012.9, 0.085, 0.082,  266,   9.8,   6.0
01-Aug-2018 20:00, 6.257,-9999 ,  23.0, 1012.9, 0.125, 0.122,  280,  12.2,   9.0
01-Aug-2018 21:00, 4.848,-9999 ,  23.0, 1013.4, 0.120, 0.116,  280,  11.8,   7.8
01-Aug-2018 22:00, 3.477,-9999 ,  22.9, 1013.9, 0.119, 0.121,  265,  11.7,   8.7
01-Aug-2018 23:00, 2.443,-9999 ,  22.9, 1014.2, 0.110, 0.116,  264,  11.1,   7.1
02-Aug-2018 00:00, 2.273,-9999 ,  22.7, 1014.9, 0.132, 0.141,  245,  12.6,  10.5
02-Aug-2018 01:00, 3.190,-9999 ,  22.2, 1015.7, 0.094, 0.111,  230,  13.1,  10.8
02-Aug-2018 02:00, 4.638,-9999 ,  22.2, 1015.8, 0.005, 0.030,  231,  12.9,  10.1
02-Aug-2018 03:00, 6.170,-9999 ,  22.1, 1015.2,-0.022, 0.002,  235,  12.8,   9.5
02-Aug-2018 04:00, 7.523,-9999 ,  21.5, 1014.5,-0.088,-0.070,  243,  11.4,   9.3
02-Aug-2018 05:00, 8.379,-9999 ,  21.9, 1013.5,-0.164,-0.153,  249,  11.0,   8.2
02-Aug-2018 06:00, 8.341,-9999 ,  23.0, 1012.7,-0.205,-0.204,  250,   9.3,   7.0
02-Aug-2018 07:00, 7.508,-9999 ,  23.1, 1012.6,-0.097,-0.102,  240,   7.7,   5.2
02-Aug-2018 08:00, 6.332,-9999 ,  23.7, 1012.5, 0.054, 0.047,  207,   8.1,   6.7
02-Aug-2018 09:00, 4.979,-9999 ,  23.8, 1013.2, 0.071, 0.064,  188,  10.1,   7.8
02-Aug-2018 10:00, 3.575,-9999 ,  23.4, 1013.9, 0.036, 0.036,  186,  10.5,   7.8
02-Aug-2018 11:00, 2.367,-9999 ,  22.9, 1014.5,-0.063,-0.057,  183,   9.6,   8.0
02-Aug-2018 12:00, 1.815,-9999 ,  21.8, 1015.7,-0.189,-0.175,  179,  11.5,   9.3
02-Aug-2018 13:00, 2.447,-9999 ,  20.1, 1016.3,-0.220,-0.195,  181,  13.8,  12.0
02-Aug-2018 14:00, 3.825,-9999 ,  19.8, 1016.5,-0.238,-0.207,  179,  15.5,  12.0
02-Aug-2018 15:00, 5.338,-9999 ,  19.4, 1016.6,-0.231,-0.199,  174,  16.3,  13.0
02-Aug-2018 16:00, 6.791,-9999 ,  18.6, 1016.9,-0.242,-0.208,  167,  15.7,  12.2
02-Aug-2018 17:00, 7.941,-9999 ,  18.5, 1016.8,-0.250,-0.214,  167,  15.2,  12.6
02-Aug-2018 18:00, 8.363,-9999 ,  18.1, 1016.5,-0.196,-0.161,  165,  15.3,  12.8
02-Aug-2018 19:00, 7.780,-9999 ,  17.9, 1016.5,-0.144,-0.112,  158,  16.2,  12.1
02-Aug-2018 20:00, 6.612,-9999 ,  17.4, 1017.0,-0.111,-0.078,  157,  14.1,  10.7
02-Aug-2018 21:00, 5.296,-9999 ,  16.7, 1017.5,-0.125,-0.088,  163,  14.9,  11.8
02-Aug-2018 22:00, 3.988,-9999 ,  15.9, 1018.2,-0.112,-0.069,  157,  16.3,  13.4
02-Aug-2018 23:00, 2.816,-9999 ,  14.4, 1019.1,-0.135,-0.085,  141,  16.3,  11.6
03-Aug-2018 00:00, 2.147,-9999 ,  14.3, 1019.3,-0.200,-0.142,  127,  13.7,   8.2
03-Aug-2018 01:00, 2.538,-9999 ,  17.0, 1018.9,-0.192,-0.133,  136,  12.7,  10.3
03-Aug-2018 02:00, 3.756,-9999 ,  18.4, 1018.2,-0.216,-0.160,  137,  12.9,  10.3
03-Aug-2018 03:00, 5.169,-9999 ,  19.6, 1017.2,-0.224,-0.176,  138,  11.9,   8.5
03-Aug-2018 04:00, 6.556,-9999 ,  21.0, 1016.2,-0.181,-0.143,  129,  11.2,   7.1
03-Aug-2018 05:00, 7.689,-9999 ,  21.6, 1015.1,-0.153,-0.125,  147,   9.5,   6.2
03-Aug-2018 06:00, 8.201,-9999 ,  22.0, 1014.2,-0.115,-0.098,  152,   9.3,   5.9
03-Aug-2018 07:00, 7.799,-9999 ,  22.6, 1013.7,-0.073,-0.064,  153,   6.5,   4.9
03-Aug-2018 08:00, 6.741,-9999 ,  23.3, 1013.5,-0.046,-0.042,  144,   5.7,   4.2
03-Aug-2018 09:00, 5.512,-9999 ,  23.2, 1014.0,-0.044,-0.041,  146,   6.4,   4.6
03-Aug-2018 10:00, 4.278,-9999 ,  23.1, 1014.7,-0.033,-0.025,  140,   6.1,   5.2
03-Aug-2018 11:00, 3.168,-9999 ,  22.5, 1015.3,-0.008, 0.007,  150,   7.1,   6.4
03-Aug-2018 12:00, 2.403,-9999 ,  21.6, 1015.8,-0.060,-0.039,  150,   8.3,   6.9
03-Aug-2018 13:00, 2.465,-9999 ,  21.1, 1016.0,-0.112,-0.086,  153,   9.0,   7.8
03-Aug-2018 14:00, 3.452,-9999 ,  20.1, 1015.8,-0.142,-0.115,  156,   9.5,   7.7
03-Aug-2018 15:00, 4.777,-9999 ,  19.2, 1015.5,-0.162,-0.137,  154,   9.2,   7.3
03-Aug-2018 16:00, 6.132,-9999 ,  18.8, 1015.3,-0.138,-0.116,  152,   9.2,   7.4
03-Aug-2018 17:00, 7.364,-9999 ,  18.7, 1015.0,-0.118,-0.098,  153,   9.3,   8.2
03-Aug-2018 18:00, 8.147,-9999 ,  18.5, 1014.6,-0.073,-0.056,  153,   9.1,   7.8
03-Aug-2018 19:00, 8.093,-9999 ,  17.3, 1014.7,-0.012, 0.002,  143,   8.6,   7.1
03-Aug-2018 20:00, 7.239,-9999 ,  16.8, 1014.5, 0.015, 0.029,  142,   8.7,   7.0
03-Aug-2018 21:00, 6.087,-9999 ,  17.0, 1014.6, 0.025, 0.038,  132,   8.1,   5.7
03-Aug-2018 22:00, 4.916,-9999 ,  14.9, 1015.1, 0.052, 0.066,  116,   7.3,   3.8
03-Aug-2018 23:00, 3.803,-9999 ,  15.5, 1015.6, 0.078, 0.097,  121,   4.7,   4.1
04-Aug-2018 00:00, 2.940,-9999 ,  15.2, 1016.2, 0.033, 0.057,  120,   5.2,   4.0
04-Aug-2018 01:00, 2.745,-9999 ,  16.2, 1016.6,-0.018, 0.012,  116,   5.1,   4.1
04-Aug-2018 02:00, 3.452,-9999 ,  17.3, 1016.2,-0.048,-0.015,  113,   4.4,   2.3
04-Aug-2018 03:00, 4.614,-9999 ,  19.1, 1015.3,-0.068,-0.039,  156,   3.4,   1.4
04-Aug-2018 04:00, 5.809,-9999 ,  21.5, 1014.2,-0.048,-0.029,  218,   1.7,   1.2
04-Aug-2018 05:00, 6.881,-9999 ,  21.6, 1013.1,-0.052,-0.043,  257,   4.0,   3.5
04-Aug-2018 06:00, 7.634,-9999 ,  21.7, 1012.3,-0.047,-0.049,  265,   7.5,   5.2
04-Aug-2018 07:00, 7.755,-9999 ,  22.1, 1011.8,-0.007,-0.017,  255,   8.3,   6.9
04-Aug-2018 08:00, 7.119,-9999 ,  22.1, 1011.7, 0.003,-0.012,  260,   8.8,   7.7
04-Aug-2018 09:00, 6.090,-9999 ,  21.9, 1011.9,-0.024,-0.039,  263,   9.3,   7.3
04-Aug-2018 10:00, 5.011,-9999 ,  21.6, 1012.4,-0.035,-0.048,  263,   8.5,   6.3
04-Aug-2018 11:00, 4.020,-9999 ,  21.6, 1013.0, 0.015, 0.007,  250,   8.1,   6.9
04-Aug-2018 12:00, 3.234,-9999 ,  21.4, 1013.6, 0.044, 0.043,  243,   8.3,   6.8
04-Aug-2018 13:00, 2.899,-9999 ,  21.2, 1013.7, 0.007, 0.011,  230,   7.8,   5.9
04-Aug-2018 14:00, 3.326,-9999 ,  20.5, 1013.8,-0.043,-0.039,  225,   9.4,   7.0
04-Aug-2018 15:00, 4.322,-9999 ,  19.8, 1013.8,-0.083,-0.077,  222,   8.3,   6.2
04-Aug-2018 16:00, 5.477,-9999 ,  19.5, 1013.7,-0.072,-0.066,  226,   7.9,   6.6
04-Aug-2018 17:00, 6.574,-9999 ,  19.1, 1013.7,-0.087,-0.083,  217,   8.8,   6.3
04-Aug-2018 18:00, 7.453,-9999 ,  19.0, 1013.5,-0.105,-0.101,  219,   8.2,   7.2
04-Aug-2018 19:00, 7.884,-9999 ,  18.8, 1013.6,-0.015,-0.013,  213,   8.4,   5.8
04-Aug-2018 20:00, 7.554,-9999 ,  18.6, 1013.8, 0.045, 0.048,  201,   8.8,   5.8
04-Aug-2018 21:00, 6.643,-9999 ,  17.9, 1014.2, 0.009, 0.015,  195,   7.6,   5.5
04-Aug-2018 22:00, 5.604,-9999 ,  17.7, 1015.2,-0.004, 0.006,  195,   7.1,   5.8
04-Aug-2018 23:00, 4.615,-9999 ,  17.8, 1016.2, 0.041, 0.062,  196,   8.0,   5.5
05-Aug-2018 00:00, 3.758,-9999 ,  17.3, 1016.7, 0.058, 0.088,  171,   7.7,   4.5
05-Aug-2018 01:00, 3.177,-9999 ,  17.1, 1017.2,-0.044,-0.009,  133,   6.2,   4.8
05-Aug-2018 02:00, 3.254,-9999 ,  18.3, 1017.0,-0.127,-0.087,  115,   5.2,   2.5
05-Aug-2018 03:00, 4.000,-9999 ,  20.1, 1016.4,-0.119,-0.083,  141,   2.8,   0.6
05-Aug-2018 04:00, 4.918,-9999 ,  22.9, 1015.6,-0.122,-0.091,  198,   2.2,   1.7
05-Aug-2018 05:00, 5.793,-9999 ,  23.9, 1014.8,-0.163,-0.141,  237,   3.8,   2.6
05-Aug-2018 06:00, 6.570,-9999 ,  24.1, 1014.0,-0.190,-0.176,  263,   4.8,   3.4
05-Aug-2018 07:00, 7.055,-9999 ,  24.0, 1013.7,-0.154,-0.147,  280,   5.6,   3.9
05-Aug-2018 08:00, 7.043,-9999 ,  24.3, 1013.5,-0.056,-0.052,  282,   6.0,   4.5
05-Aug-2018 09:00, 6.467,-9999 ,  22.9, 1013.7,-0.047,-0.044,  281,   6.6,   5.0
05-Aug-2018 10:00, 5.607,-9999 ,  22.3, 1014.0,-0.103,-0.098,  265,   8.6,   4.4
05-Aug-2018 11:00, 4.735,-9999 ,  23.7, 1014.5,-0.110,-0.102,  188,   7.3,   6.0
05-Aug-2018 12:00, 3.964,-9999 ,  23.1, 1015.0,-0.098,-0.085,  183,   9.5,   7.8
05-Aug-2018 13:00, 3.466,-9999 ,  22.0, 1015.8,-0.087,-0.069,  176,  10.6,   7.8
05-Aug-2018 14:00, 3.409,-9999 ,  21.3, 1016.2,-0.124,-0.098,  174,  14.1,  11.4
05-Aug-2018 15:00, 3.876,-9999 ,  20.8, 1016.0,-0.186,-0.157,  175,  13.7,  11.2
05-Aug-2018 16:00, 4.688,-9999 ,  19.5, 1016.1,-0.202,-0.175,  166,  15.5,  11.7
05-Aug-2018 17:00, 5.573,-9999 ,  19.2, 1016.4,-0.240,-0.211,  160,  16.3,  13.6
05-Aug-2018 18:00, 6.362,-9999 ,  18.6, 1016.5,-0.336,-0.304,  167,  18.0,  14.1
05-Aug-2018 19:00, 6.974,-9999 ,  18.0, 1016.5,-0.332,-0.300,  156,  17.7,  14.2
05-Aug-2018 20:00, 7.168,-9999 ,  17.4, 1016.4,-0.249,-0.217,  166,  18.0,  15.1
05-Aug-2018 21:00, 6.762,-9999 ,  16.8, 1017.2,-0.257,-0.225,  149,  18.0,  13.9
05-Aug-2018 22:00, 6.059,-9999 ,  16.5, 1018.5,-0.248,-0.208,  140,  16.0,  12.2
05-Aug-2018 23:00, 5.264,-9999 ,  16.0, 1019.0,-0.195,-0.141,  128,  14.1,  10.0
06-Aug-2018 00:00, 4.456,-9999 ,  16.0, 1018.8,-0.179,-0.122,  127,  13.7,  10.9
06-Aug-2018 01:00, 3.794,-9999 ,  17.4, 1019.2,-0.211,-0.155,  132,  12.6,  10.1
06-Aug-2018 02:00, 3.486,-9999 ,  18.6, 1018.5,-0.244,-0.185,  130,  11.5,   7.7
06-Aug-2018 03:00, 3.727,-9999 ,  20.2, 1017.6,-0.165,-0.114,  139,   8.7,   6.7
06-Aug-2018 04:00, 4.335,-9999 ,  21.2, 1016.5,-0.028, 0.014,  159,   7.3,   5.3
06-Aug-2018 05:00, 4.964,-9999 ,  22.0, 1015.5,-0.029, 0.002,  167,   5.8,   3.2
06-Aug-2018 06:00, 5.553,-9999 ,  22.5, 1014.7,-0.143,-0.122,  177,   6.0,   3.3
06-Aug-2018 07:00, 6.123,-9999 ,  22.6, 1014.3,-0.174,-0.161,  232,   4.1,   2.8
06-Aug-2018 08:00, 6.478,-9999 ,  22.8, 1014.3,-0.135,-0.125,  242,   3.8,   2.4
06-Aug-2018 09:00, 6.445,-9999 ,  23.3, 1014.2,-0.118,-0.108,  201,   3.4,   2.1
06-Aug-2018 10:00, 6.027,-9999 ,  23.4, 1014.4,-0.183,-0.173,  149,   7.7,   6.8
06-Aug-2018 11:00, 5.448,-9999 ,  22.7, 1015.2,-0.197,-0.185,  144,   8.6,   7.2
06-Aug-2018 12:00, 4.857,-9999 ,  21.0, 1015.9,-0.146,-0.125,  130,   9.6,   7.1
06-Aug-2018 13:00, 4.339,-9999 ,  20.4, 1016.3,-0.103,-0.076,  155,  10.5,   9.0
06-Aug-2018 14:00, 3.983,-9999 ,  19.5, 1016.5,-0.123,-0.093,  155,  11.4,   9.9
06-Aug-2018 15:00, 3.896,-9999 ,  18.7, 1016.2,-0.208,-0.176,  156,  12.1,  10.0
06-Aug-2018 16:00, 4.228,-9999 ,  18.3, 1015.8,-0.188,-0.159,  150,  13.1,  11.1
06-Aug-2018 17:00, 4.850,-9999 ,  17.5, 1015.5,-0.129,-0.104,  147,  13.8,  10.8
06-Aug-2018 18:00, 5.550,-9999 ,  18.2, 1015.4,-0.163,-0.141,  133,  14.6,   9.9
06-Aug-2018 19:00, 6.232,-9999 ,  17.0, 1015.7,-0.183,-0.162,  125,  14.1,   8.6
06-Aug-2018 20:00, 6.728,-9999 ,  16.7, 1015.6,-0.152,-0.128,  127,  12.1,   9.4
06-Aug-2018 21:00, 6.861,-9999 ,  16.3, 1016.0,-0.145,-0.122,  126,  12.7,   9.2
06-Aug-2018 22:00, 6.610,-9999 ,  16.1, 1016.9,-0.198,-0.170,  128,  11.9,   8.6
06-Aug-2018 23:00, 6.092,-9999 ,  15.6, 1017.4,-0.232,-0.195,  131,  11.3,   8.9
07-Aug-2018 00:00, 5.505,-9999 ,  15.9, 1017.8,-0.166,-0.125,  124,  11.1,   7.4
07-Aug-2018 01:00, 4.973,-9999 ,  15.5, 1018.3,-0.046, 0.000,  116,   9.6,   6.0
07-Aug-2018 02:00, 4.478,-9999 ,  20.7, 1017.5,-0.016, 0.033,  105,  11.9,  10.1
07-Aug-2018 03:00, 4.092,-9999 ,  21.6, 1016.9,-0.087,-0.045,  116,  11.3,   7.0
07-Aug-2018 04:00, 3.996,-9999 ,  22.6, 1015.9,-0.069,-0.034,  113,   8.3,   5.7
07-Aug-2018 05:00, 4.206,-9999 ,  23.6, 1014.7, 0.021, 0.046,  123,   7.0,   4.4
07-Aug-2018 06:00, 4.591,-9999 ,  25.2, 1013.8, 0.001, 0.014,  140,   4.9,   3.3
07-Aug-2018 07:00, 5.061,-9999 ,  26.0, 1013.0,-0.098,-0.094,  162,   3.4,   2.2
07-Aug-2018 08:00, 5.575,-9999 ,  27.0, 1013.0,-0.134,-0.134,    0,   2.5,   0.0
07-Aug-2018 09:00, 6.046,-9999 ,  27.7, 1013.1,-0.063,-0.067,  285,   1.0,   0.4
07-Aug-2018 10:00, 6.302,-9999 ,  21.7, 1013.6,-0.015,-0.017,  239,   6.6,   5.7
07-Aug-2018 11:00, 6.239,-9999 ,-9999 ,-9999.0,-0.029,-9999 ,-9999,   6.8,-9999
07-Aug-2018 12:00, 5.905,-9999 ,-9999 ,-9999.0,-0.034,-9999 ,-9999,-9999 ,-9999
07-Aug-2018 13:00, 5.424,-9999 ,-9999 ,-9999.0,-0.032,-9999 ,-9999,-9999 ,-9999
07-Aug-2018 14:00, 4.923,-9999 ,-9999 ,-9999.0,-0.032,-9999 ,-9999,-9999 ,-9999
07-Aug-2018 15:00, 4.529,-9999 ,-9999 ,-9999.0,-0.028,-9999 ,-9999,-9999 ,-9999
07-Aug-2018 16:00, 4.284,-9999 ,-9999 ,-9999.0,-0.025,-9999 ,-9999,-9999 ,-9999
07-Aug-2018 17:00, 4.260,-9999 ,-9999 ,-9999.0,-0.022,-9999 ,-9999,-9999 ,-9999
07-Aug-2018 18:00, 4.581,-9999 ,-9999 ,-9999.0,-0.032,-9999 ,-9999,-9999 ,-9999
07-Aug-2018 19:00, 5.166,-9999 ,-9999 ,-9999.0,-0.061,-9999 ,-9999,-9999 ,-9999
07-Aug-2018 20:00, 5.803,-9999 ,-9999 ,-9999.0,-0.092,-9999 ,-9999,-9999 ,-9999
07-Aug-2018 21:00, 6.326,-9999 ,-9999 ,-9999.0,-0.124,-9999 ,-9999,-9999 ,-9999
07-Aug-2018 22:00, 6.664,-9999 ,-9999 ,-9999.0,-0.169,-9999 ,-9999,-9999 ,-9999
07-Aug-2018 23:00, 6.715,-9999 ,-9999 , 1016.5,-0.225,-0.194,  104,   6.2,   4.7
08-Aug-2018 00:00, 6.511,-9999 ,-9999 , 1017.2,-0.186,-0.153,  106,   6.5,   4.8
08-Aug-2018 01:00, 6.081,-9999 ,  17.7, 1017.4,-0.119,-0.081,  110,   5.4,   4.5
08-Aug-2018 02:00, 5.511,-9999 ,  20.8, 1017.2,-0.062,-0.020,   82,   5.6,   0.9
08-Aug-2018 03:00, 4.925,-9999 ,  22.2, 1016.3,-0.022, 0.017,  145,   4.2,   2.2
08-Aug-2018 04:00, 4.374,-9999 ,  25.0, 1015.1, 0.018, 0.047,  120,   5.5,   4.0
08-Aug-2018 05:00, 3.898,-9999 ,  26.0, 1014.0, 0.047, 0.065,  134,   5.4,   2.9
08-Aug-2018 06:00, 3.653,-9999 ,-9999 , 1013.0,-0.022,-0.016,  184,   3.7,   2.2
08-Aug-2018 07:00, 3.874,-9999 ,-9999 , 1012.4,-0.055,-0.059,  200,   3.2,   2.2
08-Aug-2018 08:00, 4.449,-9999 ,  29.1, 1012.2,-0.053,-0.061,  198,   3.5,   1.8
08-Aug-2018 09:00, 5.126,-9999 ,  28.0, 1012.1,-0.060,-0.071,  161,   2.6,   2.2
08-Aug-2018 10:00, 5.802,-9999 ,  26.8, 1012.4,-0.053,-0.064,  189,   4.5,   3.0
08-Aug-2018 11:00, 6.382,-9999 ,  26.7, 1013.1,-0.029,-0.037,  192,   3.9,   2.1
08-Aug-2018 12:00, 6.644,-9999 ,  24.2, 1013.7,-0.021,-0.022,  168,   2.8,   1.1
08-Aug-2018 13:00, 6.470,-9999 ,  22.8, 1014.1,-0.074,-0.069,  179,   2.9,   1.9
08-Aug-2018 14:00, 6.023,-9999 ,  22.9, 1014.1,-0.072,-0.063,  157,   3.7,   1.7
08-Aug-2018 15:00, 5.469,-9999 ,  22.6, 1014.2,-0.014,-0.005,  137,   6.2,   4.6
08-Aug-2018 16:00, 4.873,-9999 ,  21.6, 1014.1, 0.009, 0.019,  127,   5.4,   3.4
08-Aug-2018 17:00, 4.372,-9999 ,  19.2, 1013.8, 0.086, 0.094,   98,   4.7,   2.9
08-Aug-2018 18:00, 4.093,-9999 ,  18.7, 1013.6, 0.114, 0.119,  126,   3.7,   2.6
08-Aug-2018 19:00, 4.186,-9999 ,  19.4, 1013.6, 0.062, 0.065,  117,   5.0,   3.5
08-Aug-2018 20:00, 4.719,-9999 ,  19.0, 1013.8, 0.031, 0.034,  107,   4.9,   4.4
08-Aug-2018 21:00, 5.455,-9999 ,  17.9, 1014.1,-0.027,-0.021,  112,   5.4,   3.5
08-Aug-2018 22:00, 6.237,-9999 ,  17.9, 1014.6,-0.043,-0.035,  120,   4.1,   3.5
08-Aug-2018 23:00, 6.927,-9999 ,  17.8, 1015.4,-0.053,-0.039,  111,   4.7,   3.2
09-Aug-2018 00:00, 7.314,-9999 ,  17.3, 1016.1,-0.076,-0.054,  109,   4.1,   3.2
09-Aug-2018 01:00, 7.306,-9999 ,  18.0, 1016.6,-0.050,-0.021,  110,   4.2,   2.5
09-Aug-2018 02:00, 6.858,-9999 ,  19.9, 1016.5,-0.015, 0.019,  132,   3.9,   2.8
09-Aug-2018 03:00, 6.114,-9999 ,  24.3, 1015.6, 0.040, 0.071,  121,   3.9,   3.4
09-Aug-2018 04:00, 5.176,-9999 ,  26.5, 1014.7, 0.005, 0.027,  159,   3.5,   2.0
09-Aug-2018 05:00, 4.206,-9999 ,  26.3, 1013.8, 0.005, 0.018,  205,   3.2,   2.3
09-Aug-2018 06:00, 3.403,-9999 ,  25.8, 1013.2, 0.049, 0.054,  253,   5.0,   4.4
09-Aug-2018 07:00, 2.959,-9999 ,  27.5, 1012.8, 0.004, 0.003,  268,   5.4,   3.7
09-Aug-2018 08:00, 3.137,-9999 ,  25.5, 1012.6,-0.029,-0.033,  257,   6.0,   5.5
09-Aug-2018 09:00, 3.877,-9999 ,  25.5, 1012.5,-0.039,-0.046,  247,   6.3,   5.3
09-Aug-2018 10:00, 4.873,-9999 ,  24.7, 1012.7,-0.019,-0.026,  263,   6.8,   5.5
09-Aug-2018 11:00, 5.920,-9999 ,  23.2, 1013.3, 0.000,-0.005,  278,   6.8,   4.8
09-Aug-2018 12:00, 6.828,-9999 ,  23.5, 1014.0, 0.000, 0.002,  318,   5.9,   2.9
09-Aug-2018 13:00, 7.348,-9999 ,  21.9, 1014.4, 0.005, 0.013,  331,   3.8,   1.8
09-Aug-2018 14:00, 7.273,-9999 ,  20.8, 1014.6,-0.002, 0.010,    6,   3.1,   2.0
09-Aug-2018 15:00, 6.658,-9999 ,  21.2, 1014.7, 0.018, 0.032,  343,   3.2,   2.8
09-Aug-2018 16:00, 5.773,-9999 ,  19.8, 1014.5, 0.021, 0.035,   63,   2.8,   1.4
09-Aug-2018 17:00, 4.822,-9999 ,  18.9, 1014.1, 0.021, 0.033,   11,   3.1,   1.8
09-Aug-2018 18:00, 3.977,-9999 ,  18.7, 1013.9, 0.072, 0.080,  359,   2.7,   0.4
09-Aug-2018 19:00, 3.466,-9999 ,  18.7, 1013.7, 0.117, 0.123,  118,   1.4,   1.0
09-Aug-2018 20:00, 3.510,-9999 ,  18.7, 1013.8, 0.140, 0.144,  151,   2.4,   1.9
09-Aug-2018 21:00, 4.185,-9999 ,  17.7, 1014.0, 0.102, 0.107,  114,   3.3,   2.0
09-Aug-2018 22:00, 5.260,-9999 ,  17.7, 1014.8, 0.072, 0.080,  134,   2.3,   1.9
09-Aug-2018 23:00, 6.412,-9999 ,  16.4, 1015.5, 0.060, 0.076,  120,   2.5,   1.6
10-Aug-2018 00:00, 7.440,-9999 ,  18.6, 1016.3, 0.036, 0.059,  184,   3.0,   2.2
10-Aug-2018 01:00, 8.091,-9999 ,  19.7, 1016.5, 0.011, 0.042,  204,   3.4,   2.9
10-Aug-2018 02:00, 8.087,-9999 ,  19.6, 1016.5,-0.036,-0.003,  228,   3.2,   1.6
10-Aug-2018 03:00, 7.428,-9999 ,  21.0, 1015.9,-0.020, 0.012,  262,   4.9,   3.5
10-Aug-2018 04:00, 6.367,-9999 ,  21.8, 1014.7, 0.023, 0.048,  282,   6.8,   5.2
10-Aug-2018 05:00, 5.094,-9999 ,  21.8, 1013.9,-0.004, 0.009,  286,   8.3,   7.0
10-Aug-2018 06:00, 3.805,-9999 ,  22.5, 1013.1, 0.011, 0.017,  287,   9.1,   6.6
10-Aug-2018 07:00, 2.730,-9999 ,  22.6, 1012.4, 0.030, 0.028,  285,   9.1,   7.6
10-Aug-2018 08:00, 2.184,-9999 ,  22.8, 1012.3, 0.029, 0.020,  290,   9.3,   6.6
10-Aug-2018 09:00, 2.537,-9999 ,  22.2, 1012.5, 0.042, 0.032,  282,   8.5,   5.3
10-Aug-2018 10:00, 3.596,-9999 ,  21.7, 1013.1, 0.021, 0.014,  282,   7.2,   4.8
10-Aug-2018 11:00, 4.932,-9999 ,  21.6, 1013.8, 0.022, 0.022,  260,   5.3,   4.1
10-Aug-2018 12:00, 6.320,-9999 ,  21.3, 1014.6, 0.023, 0.029,  234,   5.5,   4.4
10-Aug-2018 13:00, 7.498,-9999 ,  22.4, 1015.2,-0.007, 0.007,  199,   6.6,   5.2
10-Aug-2018 14:00, 8.091,-9999 ,  22.4, 1015.7,-0.056,-0.036,  176,   7.8,   6.6
10-Aug-2018 15:00, 7.780,-9999 ,  22.3, 1016.2,-0.120,-0.096,  170,  13.4,  11.4
10-Aug-2018 16:00, 6.808,-9999 ,  21.2, 1016.5,-0.128,-0.099,  168,  16.4,  11.3
10-Aug-2018 17:00, 5.575,-9999 ,  20.7, 1016.3,-0.159,-0.127,  156,  14.3,   9.4
10-Aug-2018 18:00, 4.269,-9999 ,  20.2, 1016.2,-0.207,-0.177,  151,  12.7,  10.7
10-Aug-2018 19:00, 3.151,-9999 ,  19.5, 1016.7,-0.181,-0.152,  154,  14.3,  11.1
10-Aug-2018 20:00, 2.393,-9999 ,  18.8, 1017.2,-0.174,-0.139,  150,  15.4,  11.3
10-Aug-2018 21:00, 2.435,-9999 ,  18.3, 1017.8,-0.193,-0.153,  144,  14.9,  11.6
10-Aug-2018 22:00, 3.494,-9999 ,  17.7, 1019.0,-0.183,-0.137,  148,  15.2,  12.0
10-Aug-2018 23:00, 4.945,-9999 ,  17.0, 1019.8,-0.223,-0.165,  142,  16.2,  12.8
11-Aug-2018 00:00, 6.414,-9999 ,  16.9, 1020.4,-0.279,-0.213,  141,  18.2,  15.0
11-Aug-2018 01:00, 7.669,-9999 ,  17.8, 1020.7,-0.371,-0.300,  138,  18.6,  14.1
11-Aug-2018 02:00, 8.507,-9999 ,  19.0, 1020.2,-0.350,-0.276,  137,  15.9,  12.4
11-Aug-2018 03:00, 8.490,-9999 ,  19.9, 1019.3,-0.257,-0.189,  140,  15.1,  11.0
11-Aug-2018 04:00, 7.577,-9999 ,  20.7, 1018.2,-0.151,-0.092,  140,  14.2,  10.5
11-Aug-2018 05:00, 6.241,-9999 ,  21.4, 1017.1,-0.067,-0.019,  147,  11.8,   8.7
11-Aug-2018 06:00, 4.726,-9999 ,  22.1, 1016.0,-0.043,-0.005,  149,  10.4,   8.3
11-Aug-2018 07:00, 3.203,-9999 ,  22.6, 1015.3,-0.038,-0.012,  152,   9.9,   7.8
11-Aug-2018 08:00, 1.936,-9999 ,  22.9, 1015.3,-0.036,-0.016,  142,  10.3,   8.2
11-Aug-2018 09:00, 1.365,-9999 ,  22.7, 1015.5,-0.072,-0.052,  144,  10.3,   8.6
11-Aug-2018 10:00, 2.014,-9999 ,  22.1, 1016.2,-0.099,-0.076,  149,  11.3,   7.7
11-Aug-2018 11:00, 3.465,-9999 ,  21.6, 1017.2,-0.110,-0.080,  158,  10.4,   8.7
11-Aug-2018 12:00, 5.115,-9999 ,  20.5, 1018.3,-0.136,-0.096,  158,  12.3,   9.9
11-Aug-2018 13:00, 6.729,-9999 ,  19.7, 1018.8,-0.214,-0.164,  153,  13.5,  11.0
11-Aug-2018 14:00, 8.043,-9999 ,  19.2, 1019.1,-0.292,-0.237,  149,  15.3,  11.4
11-Aug-2018 15:00, 8.560,-9999 ,  18.9, 1019.2,-0.296,-0.238,  146,  14.6,  11.8
11-Aug-2018 16:00, 7.961,-9999 ,  18.3, 1019.1,-0.268,-0.209,  149,  15.0,  11.6
11-Aug-2018 17:00, 6.716,-9999 ,  18.2, 1018.8,-0.214,-0.156,  144,  14.0,  11.6
11-Aug-2018 18:00, 5.290,-9999 ,  16.9, 1018.7,-0.169,-0.114,  145,  14.2,  11.0
11-Aug-2018 19:00, 3.784,-9999 ,  16.4, 1018.4,-0.187,-0.133,  143,  14.9,  11.7
11-Aug-2018 20:00, 2.425,-9999 ,  16.1, 1018.1,-0.197,-0.146,  142,  14.2,  12.0
11-Aug-2018 21:00, 1.601,-9999 ,  15.6, 1018.3,-0.164,-0.116,  142,  13.6,  10.9
11-Aug-2018 22:00, 1.967,-9999 ,  15.4, 1018.5,-0.152,-0.102,  139,  12.2,   9.0
11-Aug-2018 23:00, 3.412,-9999 ,  15.9, 1019.1,-0.189,-0.136,  129,  11.9,   9.7
12-Aug-2018 00:00, 5.189,-9999 ,  18.0, 1019.6,-0.248,-0.190,  122,  16.1,  13.7
12-Aug-2018 01:00, 6.980,-9999 ,  19.0, 1019.8,-0.270,-0.207,  117,  18.7,  14.5
12-Aug-2018 02:00, 8.501,-9999 ,  19.9, 1019.5,-0.276,-0.211,  118,  18.4,  13.8
12-Aug-2018 03:00, 9.276,-9999 ,  21.3, 1018.3,-0.230,-0.169,  118,  15.5,  11.5
12-Aug-2018 04:00, 8.866,-9999 ,  22.4, 1017.4,-0.153,-0.104,  122,  13.0,  10.0
12-Aug-2018 05:00, 7.573,-9999 ,  22.9, 1016.2,-0.075,-0.036,  132,  11.2,   8.7
12-Aug-2018 06:00, 5.977,-9999 ,  24.0, 1015.2,-0.018, 0.010,  126,  11.6,   8.0
12-Aug-2018 07:00, 4.256,-9999 ,  24.4, 1014.6,-0.010, 0.008,  127,   9.6,   7.3
12-Aug-2018 08:00, 2.602,-9999 ,  24.2, 1014.6, 0.000, 0.013,  126,  10.0,   7.9
12-Aug-2018 09:00, 1.283,-9999 ,  24.4, 1014.8, 0.018, 0.031,  122,  11.6,   9.5
12-Aug-2018 10:00, 0.998,-9999 ,  24.7, 1015.6,-0.007, 0.009,  127,  11.3,   8.7
12-Aug-2018 11:00, 2.142,-9999 ,  23.7, 1016.4,-0.001, 0.023,  139,   9.7,   7.1
12-Aug-2018 12:00, 3.895,-9999 ,  23.0, 1017.1,-0.043,-0.010,  142,   8.6,   7.3
12-Aug-2018 13:00, 5.791,-9999 ,  21.7, 1017.6,-0.089,-0.051,  155,   9.6,   6.8
12-Aug-2018 14:00, 7.640,-9999 ,  21.1, 1017.8,-0.138,-0.094,  144,  11.2,   9.2
12-Aug-2018 15:00, 8.937,-9999 ,  20.8, 1017.7,-0.192,-0.147,  142,  13.1,   9.9
12-Aug-2018 16:00, 9.055,-9999 ,  20.0, 1017.6,-0.196,-0.152,  139,  13.5,  11.8
12-Aug-2018 17:00, 8.024,-9999 ,  20.2, 1017.3,-0.171,-0.128,  131,  14.5,  12.3
12-Aug-2018 18:00, 6.547,-9999 ,  19.2, 1017.3,-0.108,-0.068,  124,  14.0,   9.9
12-Aug-2018 19:00, 4.903,-9999 ,  19.1, 1017.5,-0.091,-0.050,  119,  11.8,   9.6
12-Aug-2018 20:00, 3.217,-9999 ,  18.7, 1017.5,-0.122,-0.080,  122,  10.0,   8.2
12-Aug-2018 21:00, 1.783,-9999 ,  17.1, 1018.2,-0.064,-0.021,  111,   9.1,   6.4
12-Aug-2018 22:00, 1.129,-9999 ,  16.8, 1018.8,-0.037, 0.013,  108,   8.4,   7.0
12-Aug-2018 23:00, 1.945,-9999 ,  17.0, 1019.0,-0.078,-0.023,  109,  11.7,   9.7
13-Aug-2018 00:00, 3.714,-9999 ,  18.8, 1019.4,-0.167,-0.110,  103,  12.7,  10.4
13-Aug-2018 01:00, 5.710,-9999 ,  20.7, 1019.5,-0.239,-0.178,  109,  17.0,  13.9
13-Aug-2018 02:00, 7.704,-9999 ,  21.2, 1019.3,-0.225,-0.163,  104,  16.1,  10.8
13-Aug-2018 03:00, 9.271,-9999 ,  22.0, 1018.3,-0.168,-0.109,  107,  14.0,   9.6
13-Aug-2018 04:00, 9.705,-9999 ,  23.2, 1017.4,-0.099,-0.050,  106,  11.0,   8.1
13-Aug-2018 05:00, 8.828,-9999 ,  24.3, 1016.6,-0.028, 0.013,  116,   8.7,   6.2
13-Aug-2018 06:00, 7.263,-9999 ,  24.7, 1015.8, 0.009, 0.041,  130,   6.9,   5.1
13-Aug-2018 07:00, 5.513,-9999 ,  25.6, 1015.4, 0.036, 0.060,  134,   5.3,   3.9
13-Aug-2018 08:00, 3.673,-9999 ,  26.4, 1015.3, 0.015, 0.036,  146,   3.8,   2.5
13-Aug-2018 09:00, 1.970,-9999 ,  26.4, 1015.6, 0.038, 0.058,  179,   2.2,   1.9
13-Aug-2018 10:00, 0.787,-9999 ,  25.9, 1016.1, 0.028, 0.052,  148,   2.1,   1.5
13-Aug-2018 11:00, 1.022,-9999 ,  25.2, 1016.7,-0.013, 0.016,  129,   2.2,   1.9
13-Aug-2018 12:00, 2.598,-9999 ,  22.9, 1017.4,-0.005, 0.030,  132,   3.0,   1.9
13-Aug-2018 13:00, 4.566,-9999 ,  22.1, 1017.7,-0.041, 0.001,  166,   3.3,   2.1
13-Aug-2018 14:00, 6.642,-9999 ,  20.8, 1017.5,-0.070,-0.026,  180,   2.8,   1.7
13-Aug-2018 15:00, 8.533,-9999 ,  20.1, 1017.7,-0.104,-0.062,  150,   4.3,   2.3
13-Aug-2018 16:00, 9.586,-9999 ,  19.4, 1017.7,-0.064,-0.020,  125,   4.4,   3.4
13-Aug-2018 17:00, 9.211,-9999 ,  18.8, 1017.6,-0.008, 0.036,  133,   4.1,   2.2
13-Aug-2018 18:00, 7.825,-9999 ,  18.5, 1017.5,-0.018, 0.025,  118,   5.7,   4.5
13-Aug-2018 19:00, 6.179,-9999 ,  17.7, 1017.0, 0.006, 0.047,  114,   6.5,   5.8
13-Aug-2018 20:00, 4.385,-9999 ,  17.1, 1017.0,-0.010, 0.027,  106,   7.9,   5.7
13-Aug-2018 21:00, 2.624,-9999 ,  16.8, 1017.3,-0.007, 0.030,  110,   7.8,   5.8
13-Aug-2018 22:00, 1.238,-9999 ,  15.6, 1018.0, 0.049, 0.090,  109,   7.0,   5.5
13-Aug-2018 23:00, 1.014,-9999 ,  15.2, 1018.6, 0.009, 0.057,  103,   6.5,   5.7
14-Aug-2018 00:00, 2.357,-9999 ,  16.6, 1019.0,-0.032, 0.022,  104,   6.9,   5.9
14-Aug-2018 01:00, 4.369,-9999 ,  19.0, 1019.0,-0.086,-0.029,  105,   9.0,   7.7
14-Aug-2018 02:00, 6.542,-9999 ,  21.7, 1018.7,-0.063,-0.006,  112,   9.2,   7.3
14-Aug-2018 03:00, 8.546,-9999 ,  22.8, 1017.8,-0.036, 0.017,  112,   9.2,   7.9
14-Aug-2018 04:00, 9.739,-9999 ,  23.4, 1016.9,-0.070,-0.026,  123,   8.3,   5.6
14-Aug-2018 05:00, 9.611,-9999 ,  24.4, 1016.1,-0.014, 0.021,  140,   6.1,   4.3
14-Aug-2018 06:00, 8.331,-9999 ,  25.7, 1015.2, 0.014, 0.042,  182,   4.1,   3.3
14-Aug-2018 07:00, 6.633,-9999 ,  26.7, 1014.5,-0.003, 0.015,  193,   3.8,   2.8
14-Aug-2018 08:00, 4.832,-9999 ,  26.7, 1014.3, 0.003, 0.015,  212,   3.7,   3.1
14-Aug-2018 09:00, 3.030,-9999 ,  26.8, 1014.5, 0.025, 0.036,  235,   3.7,   3.0
14-Aug-2018 10:00, 1.472,-9999 ,  25.6, 1014.7, 0.101, 0.114,  253,   5.3,   3.2
14-Aug-2018 11:00, 0.749,-9999 ,  24.8, 1015.2, 0.070, 0.084,  249,   4.5,   3.5
14-Aug-2018 12:00, 1.616,-9999 ,  21.2, 1016.0, 0.042, 0.062,  225,   7.0,   5.9
14-Aug-2018 13:00, 3.419,-9999 ,  20.3, 1016.2, 0.012, 0.040,  211,   7.8,   4.3
14-Aug-2018 14:00, 5.459,-9999 ,  19.9, 1016.5,-0.022, 0.008,  196,   5.7,   4.3
14-Aug-2018 15:00, 7.557,-9999 ,  19.7, 1016.3,-0.037,-0.005,  204,   5.8,   3.1
14-Aug-2018 16:00, 9.212,-9999 ,  19.6, 1016.0,-0.073,-0.043,  175,   5.7,   4.5
14-Aug-2018 17:00, 9.703,-9999 ,  19.3, 1016.0,-0.017, 0.011,  182,   5.4,   4.6
14-Aug-2018 18:00, 8.842,-9999 ,  19.9, 1015.6, 0.052, 0.079,  177,   6.3,   4.4
14-Aug-2018 19:00, 7.308,-9999 ,  19.0, 1015.4, 0.044, 0.067,  148,   5.7,   3.2
14-Aug-2018 20:00, 5.588,-9999 ,  19.1, 1015.5, 0.042, 0.063,  143,   5.3,   2.8
14-Aug-2018 21:00, 3.774,-9999 ,  18.7, 1015.7, 0.045, 0.068,  123,   4.6,   4.1
14-Aug-2018 22:00, 2.120,-9999 ,  18.4, 1016.2, 0.136, 0.161,  127,   4.6,   4.0
14-Aug-2018 23:00, 1.038,-9999 ,  16.4, 1016.8, 0.128, 0.158,  124,   4.7,   3.2
15-Aug-2018 00:00, 1.423,-9999 ,  15.8, 1017.4, 0.028, 0.064,  111,   4.6,   3.8
15-Aug-2018 01:00, 3.125,-9999 ,  16.9, 1017.7, 0.004, 0.046,  112,   4.3,   3.0
15-Aug-2018 02:00, 5.193,-9999 ,  19.7, 1017.3,-0.002, 0.043,  117,   3.7,   3.1
15-Aug-2018 03:00, 7.297,-9999 ,  21.8, 1016.3, 0.036, 0.075,  126,   4.2,   3.3
15-Aug-2018 04:00, 9.006,-9999 ,  24.3, 1015.3,-0.006, 0.023,  168,   3.4,   2.0
15-Aug-2018 05:00, 9.679,-9999 ,  26.0, 1014.3,-0.036,-0.017,  195,   2.8,   2.4
15-Aug-2018 06:00, 9.038,-9999 ,  26.7, 1013.2, 0.034, 0.043,  196,   3.6,   3.1
15-Aug-2018 07:00, 7.572,-9999 ,  24.1, 1012.5, 0.032, 0.031,  279,   7.0,   6.0
15-Aug-2018 08:00, 5.918,-9999 ,  23.9, 1012.3, 0.031, 0.023,  268,   6.8,   3.8
15-Aug-2018 09:00, 4.171,-9999 ,  23.9, 1012.4, 0.031, 0.021,  280,   6.9,   4.5
15-Aug-2018 10:00, 2.531,-9999 ,  21.0, 1013.0, 0.099, 0.091,  230,   6.7,   4.9
15-Aug-2018 11:00, 1.318,-9999 ,  22.1, 1013.6, 0.168, 0.166,  222,   8.3,   6.5
15-Aug-2018 12:00, 1.245,-9999 ,  21.3, 1014.4, 0.090, 0.094,  228,   7.8,   4.6
15-Aug-2018 13:00, 2.577,-9999 ,  20.6, 1014.9, 0.061, 0.073,  310,   4.4,   1.7
15-Aug-2018 14:00, 4.437,-9999 ,  20.8, 1014.8, 0.038, 0.054,  243,   3.0,   2.4
15-Aug-2018 15:00, 6.413,-9999 ,  20.3, 1014.7, 0.017, 0.033,  248,   3.1,   1.6
15-Aug-2018 16:00, 8.265,-9999 ,  19.6, 1014.6,-0.042,-0.028,  282,   2.5,   1.6
15-Aug-2018 17:00, 9.419,-9999 ,  19.8, 1014.0,-0.083,-0.070,  266,   2.9,   2.0
15-Aug-2018 18:00, 9.280,-9999 ,  19.5, 1013.9,-0.028,-0.020,  196,   2.5,   1.1
15-Aug-2018 19:00, 8.079,-9999 ,  19.4, 1013.4,-0.009,-0.003,  153,   2.0,   1.6
15-Aug-2018 20:00, 6.554,-9999 ,  19.3, 1012.9, 0.010, 0.011,  186,   2.3,   1.8
15-Aug-2018 21:00, 4.886,-9999 ,  19.3, 1013.0, 0.034, 0.030,  179,   3.1,   2.8
15-Aug-2018 22:00, 3.213,-9999 ,  18.8, 1013.4, 0.096, 0.094,  184,   3.0,   1.8
15-Aug-2018 23:00, 1.823,-9999 ,  16.8, 1014.0, 0.190, 0.192,   26,   2.5,   1.5
16-Aug-2018 00:00, 1.335,-9999 ,  17.8, 1014.5, 0.136, 0.144,   79,   2.2,   1.0
16-Aug-2018 01:00, 2.290,-9999 ,  19.0, 1014.6, 0.052, 0.065,    0,   2.2,   0.0
16-Aug-2018 02:00, 4.016,-9999 ,  19.5, 1014.3,-0.009, 0.005,   96,   0.8,   0.3
16-Aug-2018 03:00, 5.918,-9999 ,  22.2, 1013.5,-0.010, 0.000,   84,   1.4,   0.1
16-Aug-2018 04:00, 7.721,-9999 ,  25.4, 1012.3,-0.014,-0.013,  174,   2.7,   1.1
16-Aug-2018 05:00, 8.986,-9999 ,  24.1, 1011.2,-0.048,-0.059,  248,   5.2,   4.1
16-Aug-2018 06:00, 9.148,-9999 ,  22.2, 1010.3, 0.007,-0.014,  257,   7.4,   6.5
16-Aug-2018 07:00, 8.155,-9999 ,  21.9, 1009.7, 0.045, 0.015,  254,   8.9,   7.2
16-Aug-2018 08:00, 6.697,-9999 ,  21.5, 1009.6, 0.029,-0.006,  248,   8.5,   6.1
16-Aug-2018 09:00, 5.142,-9999 ,  21.4, 1009.9, 0.023,-0.013,  246,   7.7,   6.4
16-Aug-2018 10:00, 3.584,-9999 ,  20.8, 1010.4, 0.038, 0.005,  242,   7.8,   5.5
16-Aug-2018 11:00, 2.252,-9999 ,  20.8, 1011.1, 0.112, 0.085,  242,   6.3,   5.1
16-Aug-2018 12:00, 1.576,-9999 ,  20.7, 1011.9, 0.116, 0.095,  233,   6.0,   4.3
16-Aug-2018 13:00, 2.158,-9999 ,  20.5, 1012.4, 0.055, 0.042,   21,   5.1,   1.3
16-Aug-2018 14:00, 3.637,-9999 ,  19.7, 1012.6, 0.006,-0.002,  327,   4.5,   1.8
16-Aug-2018 15:00, 5.352,-9999 ,  20.1, 1012.4,-0.030,-0.037,  310,   3.5,   2.6
16-Aug-2018 16:00, 7.098,-9999 ,  20.1, 1011.9,-0.042,-0.051,  294,   3.0,   2.4
16-Aug-2018 17:00, 8.575,-9999 ,  20.5, 1011.3,-0.055,-0.070,  254,   4.3,   2.9
16-Aug-2018 18:00, 9.180,-9999 ,  19.7, 1011.5,-0.018,-0.037,  173,   3.0,   0.3
16-Aug-2018 19:00, 8.569,-9999 ,  18.9, 1011.1, 0.021, 0.003,  285,   2.3,   2.0
16-Aug-2018 20:00, 7.270,-9999 ,  19.7, 1011.0, 0.006,-0.015,  219,   3.1,   2.5
16-Aug-2018 21:00, 5.795,-9999 ,  19.9, 1011.1, 0.007,-0.016,  206,   3.5,   3.0
16-Aug-2018 22:00, 4.262,-9999 ,  19.8, 1011.5, 0.031, 0.010,  225,   6.2,   4.9
16-Aug-2018 23:00, 2.864,-9999 ,  20.0, 1012.2, 0.108, 0.091,  197,   5.1,   3.1
17-Aug-2018 00:00, 1.904,-9999 ,  19.8, 1012.6, 0.117, 0.106,  205,   4.2,   2.9
17-Aug-2018 01:00, 2.043,-9999 ,  18.1, 1013.4, 0.040, 0.035,  123,   9.8,   5.0
17-Aug-2018 02:00, 3.301,-9999 ,  20.1, 1013.1, 0.030, 0.031,  123,   7.0,   0.7
17-Aug-2018 03:00, 4.900,-9999 ,  21.3, 1012.5, 0.023, 0.021,  234,   2.5,   1.8
17-Aug-2018 04:00, 6.489,-9999 ,  22.2, 1011.5, 0.021, 0.013,  282,   3.3,   2.9
17-Aug-2018 05:00, 7.855,-9999 ,  22.5, 1010.8,-0.002,-0.020,  276,   6.1,   5.3
17-Aug-2018 06:00, 8.598,-9999 ,  22.5, 1010.1, 0.005,-0.020,  279,   8.5,   6.7
17-Aug-2018 07:00, 8.271,-9999 ,  22.8, 1009.6, 0.029,-0.003,  282,   9.0,   7.0
17-Aug-2018 08:00, 7.160,-9999 ,  23.1, 1009.6, 0.010,-0.026,  275,   8.7,   7.1
17-Aug-2018 09:00, 5.857,-9999 ,  22.5, 1010.4, 0.015,-0.020,  276,   7.8,   3.5
17-Aug-2018 10:00, 4.502,-9999 ,  21.5, 1011.2, 0.012,-0.015,  324,   5.0,   2.7
17-Aug-2018 11:00, 3.250,-9999 ,  22.2, 1012.2, 0.019, 0.000,  275,   4.1,   3.5
17-Aug-2018 12:00, 2.363,-9999 ,  20.7, 1013.0, 0.052, 0.043,    5,   4.1,   3.5
17-Aug-2018 13:00, 2.301,-9999 ,  20.4, 1013.8, 0.027, 0.025,   18,   9.4,   5.2
17-Aug-2018 14:00, 3.244,-9999 ,  20.7, 1013.9,-0.006, 0.000,  358,   5.8,   4.2
17-Aug-2018 15:00, 4.638,-9999 ,  24.9, 1013.6,-0.030,-0.023,  305,   5.1,   3.2
17-Aug-2018 16:00, 6.112,-9999 ,  23.1, 1013.3,-0.035,-0.032,  268,   5.0,   3.2
17-Aug-2018 17:00, 7.496,-9999 ,  22.4, 1013.1,-0.021,-0.020,  253,   4.5,   4.1
17-Aug-2018 18:00, 8.465,-9999 ,  20.9, 1012.9, 0.006, 0.004,  242,   4.9,   3.4
17-Aug-2018 19:00, 8.508,-9999 ,  18.7, 1013.1, 0.022, 0.019,   92,   3.9,   3.2
17-Aug-2018 20:00, 7.646,-9999 ,  17.1, 1013.2,-0.010,-0.012,   92,   4.6,   3.1
17-Aug-2018 21:00, 6.448,-9999 ,  17.4, 1013.3,-0.015,-0.015,  104,   4.8,   2.5
17-Aug-2018 22:00, 5.166,-9999 ,  18.2, 1013.8, 0.017, 0.019,  173,   2.6,   1.9
17-Aug-2018 23:00, 3.916,-9999 ,  18.8, 1014.3, 0.046, 0.051,  186,   3.3,   1.7
18-Aug-2018 00:00, 2.897,-9999 ,  18.9, 1014.8, 0.074, 0.085,  166,   5.1,   3.4
18-Aug-2018 01:00, 2.470,-9999 ,  20.2, 1014.8, 0.024, 0.040,  223,   4.7,   3.1
18-Aug-2018 02:00, 3.035,-9999 ,  21.4, 1014.8,-0.002, 0.013,  235,   4.4,   1.0
18-Aug-2018 03:00, 4.202,-9999 ,  22.3, 1014.1, 0.006, 0.021,  187,   2.5,   0.6
18-Aug-2018 04:00, 5.457,-9999 ,  24.5, 1012.9,-0.013,-0.006,  189,   3.1,   2.7
18-Aug-2018 05:00, 6.655,-9999 ,  24.0, 1011.9,-0.002,-0.007,  220,   5.0,   3.8
18-Aug-2018 06:00, 7.559,-9999 ,  26.1, 1011.3, 0.000,-0.014,  227,   4.7,   2.3
18-Aug-2018 07:00, 7.826,-9999 ,  25.9, 1010.9, 0.017,-0.003,  266,   5.1,   3.3
18-Aug-2018 08:00, 7.278,-9999 ,  26.0, 1011.2, 0.008,-0.015,  255,   5.4,   3.1
18-Aug-2018 09:00, 6.294,-9999 ,  23.7, 1011.5,-0.017,-0.037,  302,   7.2,   6.0
18-Aug-2018 10:00, 5.206,-9999 ,  22.7, 1012.1,-0.015,-0.032,  313,   7.0,   4.9
18-Aug-2018 11:00, 4.156,-9999 ,  22.8, 1012.9,-0.024,-0.035,  303,   6.0,   4.3
18-Aug-2018 12:00, 3.316,-9999 ,  21.4, 1013.8,-0.024,-0.026,   58,   5.4,   0.5
18-Aug-2018 13:00, 2.936,-9999 ,  21.6, 1014.1,-0.015,-0.009,  318,   2.0,   1.4
18-Aug-2018 14:00, 3.298,-9999 ,  22.1, 1014.4,-0.028,-0.019,  260,   4.2,   1.3
18-Aug-2018 15:00, 4.245,-9999 ,  21.7, 1014.3,-0.026,-0.015,  217,   2.4,   1.4
18-Aug-2018 16:00, 5.367,-9999 ,  21.6, 1013.9,-0.037,-0.027,  258,   2.7,   1.9
18-Aug-2018 17:00, 6.475,-9999 ,  20.2, 1013.6,-0.041,-0.035,  173,   3.8,   2.8
18-Aug-2018 18:00, 7.406,-9999 ,  19.9, 1013.3,-0.024,-0.021,  140,   3.4,   1.6
18-Aug-2018 19:00, 7.905,-9999 ,  20.1, 1013.1, 0.032, 0.032,  133,   3.5,   1.8
18-Aug-2018 20:00, 7.649,-9999 ,  20.9, 1013.4, 0.034, 0.033,  141,   5.4,   4.3
18-Aug-2018 21:00, 6.819,-9999 ,  20.8, 1013.9,-0.029,-0.026,  143,   5.6,   2.9
18-Aug-2018 22:00, 5.818,-9999 ,  19.9, 1014.2,-0.031,-0.024,  134,   6.0,   3.7
18-Aug-2018 23:00, 4.783,-9999 ,  19.4, 1014.8,-0.027,-0.018,  111,   5.0,   2.6
19-Aug-2018 00:00, 3.869,-9999 ,  20.4, 1015.6,-0.043,-0.027,   70,   6.9,   5.3
19-Aug-2018 01:00, 3.266,-9999 ,  21.8, 1015.6,-0.066,-0.043,  107,   8.4,   6.9
19-Aug-2018 02:00, 3.292,-9999 ,  24.6, 1015.7,-0.063,-0.039,  107,   9.2,   7.3
19-Aug-2018 03:00, 3.942,-9999 ,  26.2, 1015.1, 0.001, 0.025,  108,   9.4,   7.8
19-Aug-2018 04:00, 4.815,-9999 ,  28.0, 1014.5, 0.034, 0.052,   96,   9.0,   7.3
19-Aug-2018 05:00, 5.676,-9999 ,  29.0, 1013.8, 0.008, 0.020,   88,  10.6,   6.0
19-Aug-2018 06:00, 6.422,-9999 ,  29.2, 1013.1,-0.019,-0.014,  108,   7.2,   3.9
19-Aug-2018 07:00, 6.930,-9999 ,  29.9, 1012.9,-0.004,-0.006,  129,   6.8,   6.1
19-Aug-2018 08:00, 6.964,-9999 ,  31.5, 1013.0, 0.033, 0.030,  112,   7.4,   4.8
19-Aug-2018 09:00, 6.471,-9999 ,  29.6, 1013.2, 0.005, 0.003,  120,   6.5,   4.0
19-Aug-2018 10:00, 5.698,-9999 ,  31.2, 1013.6,-0.053,-0.054,  118,   5.6,   4.3
19-Aug-2018 11:00, 4.918,-9999 ,  28.5, 1014.3,-0.049,-0.045,  325,   5.4,   4.8
19-Aug-2018 12:00, 4.258,-9999 ,  26.2, 1015.1,-0.041,-0.030,  297,   5.0,   0.5
19-Aug-2018 13:00, 3.825,-9999 ,  25.8, 1015.3,-0.037,-0.019,  305,   2.4,   0.7
19-Aug-2018 14:00, 3.807,-9999 ,  26.4, 1015.3,-0.025,-0.005,  227,   2.2,   1.3
19-Aug-2018 15:00, 4.259,-9999 ,  22.8, 1015.3, 0.008, 0.028,  172,   2.0,   1.7
19-Aug-2018 16:00, 4.952,-9999 ,  22.3, 1014.9, 0.025, 0.045,  157,   3.0,   1.6
19-Aug-2018 17:00, 5.705,-9999 ,  22.7, 1014.2, 0.002, 0.017,  152,   2.5,   1.8
19-Aug-2018 18:00, 6.431,-9999 ,  21.0, 1013.7, 0.006, 0.015,  162,   3.4,   2.8
19-Aug-2018 19:00, 6.972,-9999 ,  20.8, 1013.4, 0.021, 0.025,  164,   4.4,   3.7
19-Aug-2018 20:00, 7.163,-9999 ,  20.6, 1013.5, 0.049, 0.050,  126,   4.4,   3.2
19-Aug-2018 21:00, 6.878,-9999 ,  19.6, 1013.8, 0.024, 0.027,  118,   4.5,   3.2
19-Aug-2018 22:00, 6.248,-9999 ,  19.1, 1014.2,-0.049,-0.044,  117,   6.1,   4.6
19-Aug-2018 23:00, 5.510,-9999 ,  18.8, 1014.8,-0.073,-0.064,  114,   7.4,   3.9
20-Aug-2018 00:00, 4.815,-9999 ,  20.0, 1015.7,-0.074,-0.058,  105,   8.1,   4.9
20-Aug-2018 01:00, 4.285,-9999 ,  21.4, 1016.1,-0.061,-0.036,  103,  10.5,   6.7
20-Aug-2018 02:00, 4.030,-9999 ,  24.2, 1016.1,-0.041,-0.012,  104,   9.3,   6.2
20-Aug-2018 03:00, 4.144,-9999 ,  27.4, 1015.5, 0.004, 0.032,   93,   9.4,   7.8
20-Aug-2018 04:00, 4.502,-9999 ,  28.7, 1014.5, 0.050, 0.071,   86,  10.2,   6.2
20-Aug-2018 05:00, 4.974,-9999 ,  30.6, 1013.5, 0.053, 0.064,   74,   8.8,   5.2
20-Aug-2018 06:00, 5.483,-9999 ,  29.8, 1012.5, 0.039, 0.040,  122,   7.5,   3.9
20-Aug-2018 07:00, 5.926,-9999 ,  29.1, 1012.0, 0.014, 0.006,  324,   5.9,   1.9
20-Aug-2018 08:00, 6.230,-9999 ,  27.0, 1012.5, 0.024, 0.012,  317,  10.0,   6.0
20-Aug-2018 09:00, 6.278,-9999 ,  26.1, 1012.8, 0.055, 0.048,  315,   7.5,   6.1
20-Aug-2018 10:00, 6.020,-9999 ,  24.9, 1013.3, 0.029, 0.025,  308,   7.3,   5.9
20-Aug-2018 11:00, 5.580,-9999 ,  23.8, 1013.8,-0.012,-0.011,  290,   6.7,   3.9
20-Aug-2018 12:00, 5.139,-9999 ,  24.4, 1014.5,-0.016,-0.010,  290,   6.0,   4.8
20-Aug-2018 13:00, 4.790,-9999 ,  22.9, 1014.9,-0.006, 0.008,  225,   5.0,   2.8
20-Aug-2018 14:00, 4.603,-9999 ,  22.9, 1014.7, 0.014, 0.030,  248,   5.1,   0.3
20-Aug-2018 15:00, 4.616,-9999 ,  20.7, 1015.0, 0.017, 0.032,  117,   7.3,   4.5
20-Aug-2018 16:00, 4.820,-9999 ,  19.9, 1015.0, 0.036, 0.053,  128,   6.0,   4.2
20-Aug-2018 17:00, 5.156,-9999 ,  20.7, 1014.3, 0.039, 0.056,  126,   3.9,   2.5
20-Aug-2018 18:00, 5.580,-9999 ,  19.6, 1014.0, 0.039, 0.049,  127,   3.7,   2.2
20-Aug-2018 19:00, 6.034,-9999 ,  20.4, 1013.7, 0.067, 0.074,  150,   4.1,   3.6
20-Aug-2018 20:00, 6.358,-9999 ,  19.0, 1014.1, 0.049, 0.054,   34,   7.3,   1.7
20-Aug-2018 21:00, 6.463,-9999 ,  19.3, 1014.3,-0.003, 0.005,  191,   2.2,   0.3
20-Aug-2018 22:00, 6.389,-9999 ,  19.2, 1014.6,-0.011, 0.000,  128,   3.7,   3.3
20-Aug-2018 23:00, 6.131,-9999 ,  18.7, 1015.2,-0.003, 0.011,  108,   5.7,   4.7
21-Aug-2018 00:00, 5.754,-9999 ,  18.9, 1015.6, 0.008, 0.028,  110,   7.7,   5.6
21-Aug-2018 01:00, 5.353,-9999 ,  19.1, 1015.9, 0.020, 0.044,  111,   6.4,   4.8
21-Aug-2018 02:00, 4.997,-9999 ,  21.9, 1015.4, 0.031, 0.057,  119,   6.4,   4.9
21-Aug-2018 03:00, 4.724,-9999 ,  23.9, 1014.3, 0.026, 0.046,  126,   5.1,   1.6
21-Aug-2018 04:00, 4.536,-9999 ,  26.4, 1013.3, 0.008, 0.017,  104,   3.2,   1.4
21-Aug-2018 05:00, 4.488,-9999 ,  27.3, 1012.3,-0.007,-0.008,  203,   2.6,   2.1
21-Aug-2018 06:00, 4.633,-9999 ,  26.8, 1011.8,-0.003,-0.013,  311,   8.6,   6.2
21-Aug-2018 07:00, 4.950,-9999 ,  25.9, 1011.5, 0.031, 0.016,  309,   7.4,   6.5
21-Aug-2018 08:00, 5.304,-9999 ,  24.8, 1011.8, 0.016,-0.001,  306,   7.7,   6.3
21-Aug-2018 09:00, 5.647,-9999 ,  23.9, 1012.1, 0.016, 0.002,  306,   7.8,   6.2
21-Aug-2018 10:00, 5.924,-9999 ,  23.6, 1012.4, 0.066, 0.055,  308,   8.0,   6.7
21-Aug-2018 11:00, 6.007,-9999 ,  23.3, 1013.0, 0.073, 0.065,  316,   7.5,   5.8
21-Aug-2018 12:00, 5.898,-9999 ,  22.8, 1013.7, 0.029, 0.027,  296,   6.3,   4.2
21-Aug-2018 13:00, 5.680,-9999 ,  22.1, 1014.3,-0.009,-0.003,  105,   4.3,   0.4
21-Aug-2018 14:00, 5.448,-9999 ,  22.0, 1014.3, 0.006, 0.017,  152,   2.1,   0.3
21-Aug-2018 15:00, 5.218,-9999 ,  20.4, 1014.5, 0.018, 0.029,  130,   4.8,   4.1
21-Aug-2018 16:00, 4.995,-9999 ,  20.8, 1014.2, 0.011, 0.023,  120,   4.1,   2.1
21-Aug-2018 17:00, 4.866,-9999 ,  19.7, 1013.8, 0.019, 0.028,   42,   2.8,   1.9
21-Aug-2018 18:00, 4.899,-9999 ,  21.0, 1013.5, 0.037, 0.042,  105,   2.4,   1.1
21-Aug-2018 19:00, 5.133,-9999 ,  20.1, 1013.2, 0.095, 0.097,   29,   1.7,   1.2
21-Aug-2018 20:00, 5.481,-9999 ,  20.0, 1013.1, 0.107, 0.106,   46,   1.4,   1.0
21-Aug-2018 21:00, 5.825,-9999 ,  19.7, 1013.3, 0.044, 0.043,   70,   1.2,   0.7
21-Aug-2018 22:00, 6.163,-9999 ,  17.8, 1014.0, 0.028, 0.029,  106,   3.1,   2.6
21-Aug-2018 23:00, 6.387,-9999 ,  16.7, 1014.6, 0.036, 0.044,  107,   4.6,   3.9
22-Aug-2018 00:00, 6.406,-9999 ,  17.1, 1015.2, 0.009, 0.023,  100,   4.4,   3.0
22-Aug-2018 01:00, 6.265,-9999 ,  19.9, 1015.5, 0.013, 0.033,   97,   3.5,   1.8
22-Aug-2018 02:00, 5.950,-9999 ,  20.5, 1015.3, 0.035, 0.057,  120,   2.4,   1.6
22-Aug-2018 03:00, 5.483,-9999 ,  22.8, 1014.6, 0.016, 0.035,  221,   2.2,   0.8
22-Aug-2018 04:00, 4.953,-9999 ,  24.3, 1013.7, 0.004, 0.017,  253,   5.9,   5.1
22-Aug-2018 05:00, 4.474,-9999 ,  24.2, 1012.9, 0.025, 0.028,  266,   8.7,   6.4
22-Aug-2018 06:00, 4.149,-9999 ,  23.7, 1012.2, 0.023, 0.019,  275,  10.3,   6.9
22-Aug-2018 07:00, 4.076,-9999 ,  23.6, 1011.9, 0.011, 0.001,  278,  10.1,   7.6
22-Aug-2018 08:00, 4.336,-9999 ,  23.5, 1012.0, 0.012,-0.001,  277,  10.8,   8.6
22-Aug-2018 09:00, 4.838,-9999 ,  23.4, 1012.1, 0.019, 0.006,  277,  10.0,   7.5
22-Aug-2018 10:00, 5.420,-9999 ,  22.8, 1012.2, 0.032, 0.020,  287,   8.8,   6.8
22-Aug-2018 11:00, 5.939,-9999 ,  22.7, 1012.8, 0.034, 0.024,  288,   8.1,   6.0
22-Aug-2018 12:00, 6.314,-9999 ,  22.5, 1013.3, 0.015, 0.011,  286,   7.8,   5.4
22-Aug-2018 13:00, 6.484,-9999 ,  22.5, 1013.4, 0.016, 0.017,  287,   6.5,   5.2
22-Aug-2018 14:00, 6.334,-9999 ,  22.2, 1013.4, 0.015, 0.016,  273,   6.2,   4.1
22-Aug-2018 15:00, 5.917,-9999 ,  21.5, 1013.7,-0.024,-0.022,  232,   4.6,   2.5
22-Aug-2018 16:00, 5.412,-9999 ,  20.8, 1013.4,-0.034,-0.030,  193,   2.9,   1.4
22-Aug-2018 17:00, 4.916,-9999 ,  20.1, 1012.8, 0.000, 0.001,  169,   2.5,   2.1
22-Aug-2018 18:00, 4.515,-9999 ,  19.9, 1012.6, 0.016, 0.011,  188,   4.1,   2.4
22-Aug-2018 19:00, 4.357,-9999 ,  20.1, 1012.7, 0.065, 0.059,  185,   4.3,   3.6
22-Aug-2018 20:00, 4.523,-9999 ,  20.4, 1012.5, 0.092, 0.087,  204,   6.0,   4.5
22-Aug-2018 21:00, 4.965,-9999 ,  19.6, 1013.0, 0.048, 0.041,  179,   7.0,   3.8
22-Aug-2018 22:00, 5.569,-9999 ,  20.7, 1013.9, 0.000,-0.002,  134,  10.5,   7.2
22-Aug-2018 23:00, 6.188,-9999 ,  19.4, 1014.8,-0.018,-0.010,  139,  10.5,   7.5
23-Aug-2018 00:00, 6.629,-9999 ,  19.7, 1015.8,-0.086,-0.070,  118,  10.2,   6.0
23-Aug-2018 01:00, 6.765,-9999 ,  21.7, 1016.3,-0.221,-0.195,  138,  11.9,  10.2
23-Aug-2018 02:00, 6.613,-9999 ,  22.5, 1016.4,-0.239,-0.208,  134,  11.7,   8.3
23-Aug-2018 03:00, 6.202,-9999 ,  23.4, 1016.1,-0.139,-0.108,  144,   9.6,   6.8
23-Aug-2018 04:00, 5.502,-9999 ,  24.5, 1014.9,-0.105,-0.078,  145,   8.0,   6.8
23-Aug-2018 05:00, 4.675,-9999 ,  26.0, 1014.0,-0.081,-0.066,  158,   7.3,   5.8
23-Aug-2018 06:00, 3.990,-9999 ,  26.4, 1013.2,-0.005, 0.002,  166,   6.0,   5.0
23-Aug-2018 07:00, 3.551,-9999 ,  27.3, 1012.6, 0.060, 0.058,  168,   5.8,   4.9
23-Aug-2018 08:00, 3.464,-9999 ,  25.7, 1012.7, 0.025, 0.018,  235,   4.4,   3.5
23-Aug-2018 09:00, 3.869,-9999 ,  25.5, 1013.0,-0.037,-0.042,  219,   4.6,   3.4
23-Aug-2018 10:00, 4.634,-9999 ,  26.5, 1013.5,-0.045,-0.048,  176,   7.8,   7.3
23-Aug-2018 11:00, 5.505,-9999 ,  25.1, 1014.4,-0.035,-0.030,  180,   8.6,   7.3
23-Aug-2018 12:00, 6.299,-9999 ,  23.9, 1015.0,-0.051,-0.042,  186,   9.2,   2.5
23-Aug-2018 13:00, 6.883,-9999 ,-9999 ,-9999.0,-0.096,-9999 ,-9999,   5.2,-9999
23-Aug-2018 14:00, 7.033,-9999 ,-9999 ,-9999.0,-0.121,-9999 ,-9999,-9999 ,-9999
23-Aug-2018 15:00, 6.647,-9999 ,-9999 ,-9999.0,-0.133,-9999 ,-9999,-9999 ,-9999
23-Aug-2018 16:00, 5.960,-9999 ,-9999 ,-9999.0,-0.133,-9999 ,-9999,-9999 ,-9999
23-Aug-2018 17:00, 5.134,-9999 ,-9999 ,-9999.0,-0.145,-9999 ,-9999,-9999 ,-9999
23-Aug-2018 18:00, 4.337,-9999 ,-9999 ,-9999.0,-0.162,-9999 ,-9999,-9999 ,-9999
23-Aug-2018 19:00, 3.710,-9999 ,-9999 ,-9999.0,-0.164,-9999 ,-9999,-9999 ,-9999
23-Aug-2018 20:00, 3.457,-9999 ,-9999 ,-9999.0,-0.144,-9999 ,-9999,-9999 ,-9999
23-Aug-2018 21:00, 3.810,-9999 ,-9999 ,-9999.0,-0.130,-9999 ,-9999,-9999 ,-9999
23-Aug-2018 22:00, 4.601,-9999 ,-9999 ,-9999.0,-0.169,-9999 ,-9999,-9999 ,-9999
23-Aug-2018 23:00, 5.576,-9999 ,  16.4, 1016.3,-0.173,-0.142,  123,  10.8,   7.6
24-Aug-2018 00:00, 6.513,-9999 ,  17.1, 1016.5,-0.148,-0.118,  125,  14.2,  11.8
24-Aug-2018 01:00, 7.208,-9999 ,  18.1, 1017.0,-0.182,-0.149,  122,  13.6,   5.4
24-Aug-2018 02:00, 7.493,-9999 ,  21.2, 1016.2,-0.160,-0.123,  113,  11.0,   9.4
24-Aug-2018 03:00, 7.164,-9999 ,  21.9, 1015.6,-0.092,-0.063,  124,  11.0,   8.1
24-Aug-2018 04:00, 6.337,-9999 ,  22.9, 1014.8,-0.069,-0.046,  133,   9.2,   6.1
24-Aug-2018 05:00, 5.289,-9999 ,  23.7, 1013.8,-0.039,-0.025,  148,   6.1,   3.4
24-Aug-2018 06:00, 4.181,-9999 ,  24.6, 1012.9,-0.040,-0.036,  196,   3.2,   1.8
24-Aug-2018 07:00, 3.238,-9999 ,  25.3, 1012.2,-0.063,-0.067,  148,   2.3,   1.1
24-Aug-2018 08:00, 2.717,-9999 ,  23.0, 1012.0,-0.073,-0.084,  254,   5.3,   4.4
24-Aug-2018 09:00, 2.926,-9999 ,  22.6, 1012.3,-0.078,-0.091,  258,   7.3,   5.8
24-Aug-2018 10:00, 3.800,-9999 ,  21.6, 1012.7,-0.035,-0.044,  249,   7.0,   5.6
24-Aug-2018 11:00, 4.935,-9999 ,  21.9, 1013.5, 0.008, 0.003,  250,   6.6,   4.6
24-Aug-2018 12:00, 6.082,-9999 ,  21.5, 1014.1, 0.018, 0.021,  235,   5.4,   3.9
24-Aug-2018 13:00, 7.044,-9999 ,  21.7, 1014.2,-0.054,-0.046,  205,   5.2,   3.2
24-Aug-2018 14:00, 7.595,-9999 ,  21.4, 1014.2,-0.126,-0.116,  172,   5.9,   4.5
24-Aug-2018 15:00, 7.490,-9999 ,  20.6, 1013.7,-0.085,-0.076,  154,   7.5,   6.4
24-Aug-2018 16:00, 6.760,-9999 ,  19.9, 1013.3,-0.062,-0.058,  157,   9.7,   8.2
24-Aug-2018 17:00, 5.736,-9999 ,  19.6, 1012.6,-0.075,-0.076,  153,  10.8,   8.8
24-Aug-2018 18:00, 4.661,-9999 ,  19.4, 1012.2,-0.083,-0.089,  150,  11.3,   9.5
24-Aug-2018 19:00, 3.696,-9999 ,  18.7, 1012.0,-0.091,-0.102,  143,  12.1,  10.3
24-Aug-2018 20:00, 3.036,-9999 ,  18.2, 1012.2,-0.065,-0.077,  144,  11.3,   9.1
24-Aug-2018 21:00, 3.020,-9999 ,  18.2, 1012.4,-0.082,-0.092,  134,  10.6,   8.7
24-Aug-2018 22:00, 3.792,-9999 ,  17.5, 1013.1,-0.089,-0.097,  124,  10.6,   6.0
24-Aug-2018 23:00, 4.980,-9999 ,  17.4, 1013.8,-0.068,-0.068,  123,  10.5,   6.6
25-Aug-2018 00:00, 6.242,-9999 ,  17.9, 1014.3,-0.043,-0.037,  128,  10.0,   7.4
25-Aug-2018 01:00, 7.349,-9999 ,  18.9, 1014.4,-0.057,-0.046,  113,   9.4,   5.6
25-Aug-2018 02:00, 8.044,-9999 ,  23.2, 1013.9,-0.106,-0.094,  115,  10.0,   7.1
25-Aug-2018 03:00, 8.019,-9999 ,  23.5, 1012.9,-0.079,-0.073,  120,   9.9,   5.5
25-Aug-2018 04:00, 7.220,-9999 ,  24.4, 1011.9,-0.053,-0.057,  129,   6.8,   5.0
25-Aug-2018 05:00, 6.040,-9999 ,  25.6, 1011.0,-0.026,-0.040,  153,   5.0,   2.7
25-Aug-2018 06:00, 4.736,-9999 ,  27.8, 1010.0, 0.007,-0.016,  199,   3.9,   3.4
25-Aug-2018 07:00, 3.470,-9999 ,  27.7, 1009.5,-0.013,-0.046,  228,   4.3,   3.4
25-Aug-2018 08:00, 2.511,-9999 ,  26.5, 1009.5,-0.010,-0.048,  248,   6.0,   4.3
25-Aug-2018 09:00, 2.231,-9999 ,  23.1, 1010.1,-0.028,-0.065,  249,   8.3,   6.7
25-Aug-2018 10:00, 2.900,-9999 ,  22.9, 1010.7,-0.042,-0.073,  244,   8.3,   6.5
25-Aug-2018 11:00, 4.153,-9999 ,  23.1, 1011.9,-0.005,-0.029,  246,   7.8,   6.2
25-Aug-2018 12:00, 5.552,-9999 ,  22.4, 1012.6, 0.020, 0.008,  235,   8.1,   7.1
25-Aug-2018 13:00, 6.890,-9999 ,  21.6, 1012.7, 0.011, 0.005,  222,   7.7,   6.1
25-Aug-2018 14:00, 7.907,-9999 ,  22.3, 1013.1,-0.045,-0.050,  179,   7.0,   3.7
25-Aug-2018 15:00, 8.211,-9999 ,  21.6, 1013.0,-0.043,-0.045,  134,   7.1,   5.0
25-Aug-2018 16:00, 7.595,-9999 ,  21.3, 1012.9,-0.026,-0.029,  111,   5.5,   4.7
25-Aug-2018 17:00, 6.486,-9999 ,  21.2, 1012.3,-0.012,-0.016,  118,   5.7,   4.3
25-Aug-2018 18:00, 5.232,-9999 ,  20.8, 1012.0,-0.001,-0.011,  112,   6.0,   4.8
25-Aug-2018 19:00, 3.961,-9999 ,  20.4, 1012.0,-0.053,-0.066,  107,   7.0,   6.0
25-Aug-2018 20:00, 2.923,-9999 ,  20.4, 1012.2,-0.042,-0.054,  115,   8.2,   6.1
25-Aug-2018 21:00, 2.424,-9999 ,  19.7, 1012.6,-0.026,-0.036,  110,   6.9,   4.2
25-Aug-2018 22:00, 2.885,-9999 ,  18.4, 1013.3,-0.063,-0.069,  105,   6.5,   4.7
25-Aug-2018 23:00, 4.125,-9999 ,  18.0, 1013.9,-0.059,-0.058,  104,   5.9,   4.6
26-Aug-2018 00:00, 5.596,-9999 ,  17.8, 1014.3,-0.058,-0.051,  124,   5.8,   4.9
26-Aug-2018 01:00, 7.061,-9999 ,  18.8, 1014.5,-0.027,-0.016,  101,   6.1,   3.9
26-Aug-2018 02:00, 8.221,-9999 ,  21.6, 1014.1,-0.032,-0.020,  117,   5.1,   3.0
26-Aug-2018 03:00, 8.644,-9999 ,  26.2, 1013.3,-0.056,-0.048,  109,   8.4,   7.3
26-Aug-2018 04:00, 8.085,-9999 ,  27.1, 1012.2,-0.036,-0.037,  116,   9.0,   6.5
26-Aug-2018 05:00, 6.879,-9999 ,  27.8, 1011.2,-0.007,-0.018,  138,   7.2,   4.6
26-Aug-2018 06:00, 5.459,-9999 ,  28.4, 1010.2, 0.039, 0.018,  152,   5.9,   3.9
26-Aug-2018 07:00, 3.987,-9999 ,  29.7, 1009.8, 0.040, 0.009,  181,   4.5,   4.0
26-Aug-2018 08:00, 2.662,-9999 ,  27.0, 1009.9, 0.009,-0.026,  215,   4.0,   2.4
26-Aug-2018 09:00, 1.824,-9999 ,  25.1, 1010.4,-0.028,-0.060,  348,   7.3,   5.6
26-Aug-2018 10:00, 2.058,-9999 ,  24.0, 1010.9,-0.055,-0.083,  338,   9.4,   7.0
26-Aug-2018 11:00, 3.276,-9999 ,  22.9, 1011.8,-0.029,-0.052,  322,   8.3,   5.4
26-Aug-2018 12:00, 4.846,-9999 ,  22.9, 1013.0, 0.011,-0.002,  312,   7.2,   6.1
26-Aug-2018 13:00, 6.450,-9999 ,  22.3, 1013.3, 0.036, 0.034,  279,   5.8,   4.0
26-Aug-2018 14:00, 7.847,-9999 ,  21.9, 1013.5, 0.016, 0.017,  305,   5.6,   3.7
26-Aug-2018 15:00, 8.662,-9999 ,  21.8, 1013.1, 0.021, 0.023,  299,   4.6,   3.1
26-Aug-2018 16:00, 8.389,-9999 ,  21.7, 1012.8, 0.021, 0.019,  316,   4.8,   1.9
26-Aug-2018 17:00, 7.271,-9999 ,  22.4, 1012.4, 0.005, 0.000,  315,   2.7,   2.1
26-Aug-2018 18:00, 5.949,-9999 ,  23.4, 1011.9, 0.064, 0.055,  298,   4.0,   3.7
26-Aug-2018 19:00, 4.517,-9999 ,  18.3, 1012.0, 0.049, 0.036,  107,   5.5,   4.2
26-Aug-2018 20:00, 3.147,-9999 ,  19.3, 1012.0,-0.015,-0.028,   30,   4.5,   2.3
26-Aug-2018 21:00, 2.184,-9999 ,  18.4, 1012.7, 0.007,-0.005,  110,   4.2,   3.2
26-Aug-2018 22:00, 2.159,-9999 ,  17.9, 1013.3, 0.013, 0.008,  120,   4.9,   3.3
26-Aug-2018 23:00, 3.235,-9999 ,  17.4, 1013.8,-0.006,-0.005,  100,   4.4,   2.8
27-Aug-2018 00:00, 4.822,-9999 ,  18.6, 1014.1,-0.016,-0.011,  106,   3.7,   1.9
27-Aug-2018 01:00, 6.544,-9999 ,  19.8, 1014.8, 0.037, 0.046,   46,   3.3,   2.2
27-Aug-2018 02:00, 8.085,-9999 ,  22.7, 1014.3, 0.081, 0.096,  238,   2.2,   0.6
27-Aug-2018 03:00, 8.959,-9999 ,  24.7, 1013.9, 0.018, 0.028,  279,   4.2,   3.7
27-Aug-2018 04:00, 8.783,-9999 ,  24.9, 1013.1,-0.030,-0.024,  287,   5.4,   4.6
27-Aug-2018 05:00, 7.649,-9999 ,  25.3, 1012.3,-0.057,-0.059,  302,   6.1,   5.6
27-Aug-2018 06:00, 6.147,-9999 ,  25.5, 1011.6,-0.056,-0.066,  305,   7.2,   6.2
27-Aug-2018 07:00, 4.543,-9999 ,  24.6, 1011.2,-0.056,-0.072,  306,   7.4,   6.3
27-Aug-2018 08:00, 3.011,-9999 ,  24.3, 1011.2,-0.072,-0.092,  303,   7.3,   6.1
27-Aug-2018 09:00, 1.823,-9999 ,  23.7, 1011.3,-0.044,-0.065,  304,   7.3,   5.5
27-Aug-2018 10:00, 1.483,-9999 ,  23.3, 1011.8,-0.046,-0.065,  308,   7.8,   6.4
27-Aug-2018 11:00, 2.409,-9999 ,  23.2, 1012.3,-0.040,-0.054,  313,   7.5,   6.3
27-Aug-2018 12:00, 3.994,-9999 ,  22.2, 1013.2,-0.048,-0.056,  339,   7.1,   3.2
27-Aug-2018 13:00, 5.735,-9999 ,  21.6, 1013.5,-0.044,-0.044,   10,   3.5,   1.5
27-Aug-2018 14:00, 7.433,-9999 ,  21.3, 1013.6,-0.016,-0.013,    4,   2.9,   2.1
27-Aug-2018 15:00, 8.697,-9999 ,  21.0, 1013.7, 0.009, 0.013,  132,   2.6,   0.9
27-Aug-2018 16:00, 8.962,-9999 ,  20.5, 1013.3, 0.041, 0.045,  185,   1.6,   0.1
27-Aug-2018 17:00, 8.044,-9999 ,  20.7, 1012.9, 0.012, 0.013,    0,   1.2,   0.0
27-Aug-2018 18:00, 6.642,-9999 ,  20.3, 1012.5, 0.018, 0.014,  140,   2.6,   2.3
27-Aug-2018 19:00, 5.129,-9999 ,  18.3, 1012.6, 0.033, 0.025,   84,   4.0,   2.9
27-Aug-2018 20:00, 3.570,-9999 ,  17.9, 1012.5,-0.027,-0.034,   66,   3.0,   1.9
27-Aug-2018 21:00, 2.241,-9999 ,  17.7, 1012.6,-0.052,-0.060,   79,   2.5,   2.2
27-Aug-2018 22:00, 1.596,-9999 ,  17.6, 1013.0,-0.072,-0.078,   77,   2.4,   1.9
27-Aug-2018 23:00, 2.288,-9999 ,  17.8, 1013.6,-0.054,-0.056,   86,   2.2,   1.1
28-Aug-2018 00:00, 3.900,-9999 ,  18.4, 1014.3,-0.025,-0.021,   83,   1.9,   0.3
28-Aug-2018 01:00, 5.728,-9999 ,  18.5, 1014.6,-0.003, 0.007,  117,   2.1,   1.4
28-Aug-2018 02:00, 7.507,-9999 ,  19.0, 1014.4, 0.034, 0.047,  150,   1.7,   0.7
28-Aug-2018 03:00, 8.864,-9999 ,  23.1, 1013.8, 0.047, 0.058,  245,   2.4,   1.4
28-Aug-2018 04:00, 9.247,-9999 ,  23.5, 1013.1, 0.026, 0.031,  249,   2.9,   2.2
28-Aug-2018 05:00, 8.419,-9999 ,  24.4, 1012.3,-0.014,-0.016,  252,   4.4,   3.6
28-Aug-2018 06:00, 6.929,-9999 ,  25.2, 1011.5,-0.048,-0.058,  257,   5.2,   4.4
28-Aug-2018 07:00, 5.299,-9999 ,  24.2, 1010.9,-0.051,-0.069,  279,   5.7,   4.5
28-Aug-2018 08:00, 3.636,-9999 ,  24.2, 1010.8,-0.065,-0.089,  285,   5.8,   4.4
28-Aug-2018 09:00, 2.171,-9999 ,  23.8, 1010.7,-0.060,-0.085,  291,   5.1,   3.9
28-Aug-2018 10:00, 1.304,-9999 ,  22.8, 1010.7,-0.040,-0.066,  296,   5.1,   4.1
28-Aug-2018 11:00, 1.726,-9999 ,  23.1, 1011.2,-0.004,-0.029,  304,   5.7,   4.8
28-Aug-2018 12:00, 3.211,-9999 ,  22.9, 1011.8, 0.015,-0.005,  292,   5.5,   4.0
28-Aug-2018 13:00, 5.080,-9999 ,  22.8, 1012.1,-0.003,-0.017,  283,   5.6,   4.7
28-Aug-2018 14:00, 6.798,-9999 ,  22.6, 1012.1,-0.012,-0.024,  287,   5.8,   4.7
28-Aug-2018 15:00, 8.491,-9999 ,  22.4, 1012.2, 0.007,-0.004,  292,   5.7,   3.7
28-Aug-2018 16:00,-9999 ,-9999 ,-9999 ,-9999.0,-9999 ,-9999 ,-9999,   4.5,-9999
28-Aug-2018 17:00,-9999 ,-9999 ,-9999 ,-9999.0,-9999 ,-9999 ,-9999,-9999 ,-9999
28-Aug-2018 18:00,-9999 ,-9999 ,-9999 ,-9999.0,-9999 ,-9999 ,-9999,-9999 ,-9999
28-Aug-2018 19:00,-9999 ,-9999 ,-9999 ,-9999.0,-9999 ,-9999 ,-9999,-9999 ,-9999
28-Aug-2018 20:00,-9999 ,-9999 ,-9999 ,-9999.0,-9999 ,-9999 ,-9999,-9999 ,-9999
28-Aug-2018 21:00,-9999 ,-9999 ,-9999 ,-9999.0,-9999 ,-9999 ,-9999,-9999 ,-9999
28-Aug-2018 22:00,-9999 ,-9999 ,-9999 ,-9999.0,-9999 ,-9999 ,-9999,-9999 ,-9999
28-Aug-2018 23:00,-9999 ,-9999 ,-9999 ,-9999.0,-9999 ,-9999 ,-9999,-9999 ,-9999
29-Aug-2018 00:00,-9999 ,-9999 ,-9999 ,-9999.0,-9999 ,-9999 ,-9999,-9999 ,-9999
29-Aug-2018 01:00,-9999 ,-9999 ,-9999 ,-9999.0,-9999 ,-9999 ,-9999,-9999 ,-9999
29-Aug-2018 02:00,-9999 ,-9999 ,-9999 ,-9999.0,-9999 ,-9999 ,-9999,-9999 ,-9999
29-Aug-2018 03:00,-9999 ,-9999 ,-9999 ,-9999.0,-9999 ,-9999 ,-9999,-9999 ,-9999
29-Aug-2018 04:00,-9999 ,-9999 ,-9999 ,-9999.0,-9999 ,-9999 ,-9999,-9999 ,-9999
29-Aug-2018 05:00,-9999 ,-9999 ,-9999 ,-9999.0,-9999 ,-9999 ,-9999,-9999 ,-9999
29-Aug-2018 06:00,-9999 ,-9999 ,-9999 ,-9999.0,-9999 ,-9999 ,-9999,-9999 ,-9999
29-Aug-2018 07:00,-9999 ,-9999 ,-9999 ,-9999.0,-9999 ,-9999 ,-9999,-9999 ,-9999
29-Aug-2018 08:00,-9999 ,-9999 ,-9999 ,-9999.0,-9999 ,-9999 ,-9999,-9999 ,-9999
29-Aug-2018 09:00,-9999 ,-9999 ,-9999 ,-9999.0,-9999 ,-9999 ,-9999,-9999 ,-9999
29-Aug-2018 10:00,-9999 ,-9999 ,-9999 ,-9999.0,-9999 ,-9999 ,-9999,-9999 ,-9999
29-Aug-2018 11:00,-9999 ,-9999 ,-9999 ,-9999.0,-9999 ,-9999 ,-9999,-9999 ,-9999
29-Aug-2018 12:00,-9999 ,-9999 ,-9999 ,-9999.0,-9999 ,-9999 ,-9999,-9999 ,-9999
29-Aug-2018 13:00,-9999 ,-9999 ,-9999 ,-9999.0,-9999 ,-9999 ,-9999,-9999 ,-9999
29-Aug-2018 14:00,-9999 ,-9999 ,-9999 ,-9999.0,-9999 ,-9999 ,-9999,-9999 ,-9999
29-Aug-2018 15:00,-9999 ,-9999 ,-9999 ,-9999.0,-9999 ,-9999 ,-9999,-9999 ,-9999
29-Aug-2018 16:00,-9999 ,-9999 ,-9999 ,-9999.0,-9999 ,-9999 ,-9999,-9999 ,-9999
29-Aug-2018 17:00,-9999 ,-9999 ,-9999 ,-9999.0,-9999 ,-9999 ,-9999,-9999 ,-9999
29-Aug-2018 18:00,-9999 ,-9999 ,-9999 ,-9999.0,-9999 ,-9999 ,-9999,-9999 ,-9999
29-Aug-2018 19:00,-9999 ,-9999 ,-9999 ,-9999.0,-9999 ,-9999 ,-9999,-9999 ,-9999
29-Aug-2018 20:00,-9999 ,-9999 ,-9999 ,-9999.0,-9999 ,-9999 ,-9999,-9999 ,-9999
29-Aug-2018 21:00,-9999 ,-9999 ,-9999 ,-9999.0,-9999 ,-9999 ,-9999,-9999 ,-9999
29-Aug-2018 22:00,-9999 ,-9999 ,-9999 ,-9999.0,-9999 ,-9999 ,-9999,-9999 ,-9999
29-Aug-2018 23:00,-9999 ,-9999 ,-9999 ,-9999.0,-9999 ,-9999 ,-9999,-9999 ,-9999
30-Aug-2018 00:00,-9999 ,-9999 ,  20.3, 1013.8,-9999 ,-9999 ,  237,  10.4,   8.4
30-Aug-2018 01:00, 3.822,-9999 ,  21.1, 1014.5,-0.036,-0.030,  248,  16.1,  10.9
30-Aug-2018 02:00, 5.859,-9999 ,  21.5, 1014.7,-0.102,-0.089,  235,  13.4,  11.2
30-Aug-2018 03:00, 7.462,-9999 ,  21.5, 1014.2,-0.111,-0.097,  235,  13.4,   9.0
30-Aug-2018 04:00, 8.907,-9999 ,  21.4, 1013.4,-0.086,-0.077,  247,  10.9,   7.2
30-Aug-2018 05:00, 9.172,-9999 ,  21.6, 1012.9,-0.047,-0.046,  263,   9.6,   8.0
30-Aug-2018 06:00, 8.265,-9999 ,  21.6, 1012.4,-0.016,-0.020,  276,  10.3,   7.2
30-Aug-2018 07:00, 6.761,-9999 ,  21.6, 1011.8,-0.006,-0.015,  283,  10.2,   7.6
30-Aug-2018 08:00, 5.139,-9999 ,  21.7, 1011.5,-0.032,-0.047,  273,  10.1,   7.7
30-Aug-2018 09:00, 3.477,-9999 ,  21.6, 1011.7,-0.067,-0.084,  287,   9.8,   6.1
30-Aug-2018 10:00, 2.019,-9999 ,  21.2, 1011.8,-0.095,-0.110,  292,   7.7,   4.9
30-Aug-2018 11:00, 1.222,-9999 ,  21.3, 1012.4,-0.136,-0.150,  276,   6.1,   4.8
30-Aug-2018 12:00, 1.805,-9999 ,  21.3, 1013.3,-0.108,-0.116,  274,   6.5,   4.0
30-Aug-2018 13:00, 3.442,-9999 ,  21.4, 1013.7,-0.105,-0.104,  258,   5.3,   4.3
30-Aug-2018 14:00, 5.341,-9999 ,  21.0, 1013.7,-0.065,-0.061,  233,   7.3,   6.6
30-Aug-2018 15:00, 7.210,-9999 ,  20.3, 1013.9,-0.012,-0.008,  224,   7.8,   6.0
30-Aug-2018 16:00, 8.696,-9999 ,  19.5, 1013.8,-0.026,-0.020,  212,   8.2,   4.7
30-Aug-2018 17:00, 9.228,-9999 ,  18.6, 1013.5,-0.071,-0.066,  202,   7.5,   5.2
30-Aug-2018 18:00, 8.529,-9999 ,  18.3, 1013.4,-0.095,-0.092,  196,   6.3,   3.8
30-Aug-2018 19:00, 7.150,-9999 ,  18.1, 1013.5,-0.047,-0.046,  196,   6.0,   4.5
30-Aug-2018 20:00, 5.605,-9999 ,  17.9, 1013.5,-0.042,-0.040,  191,   6.5,   5.2
30-Aug-2018 21:00, 3.977,-9999 ,  17.3, 1014.0,-0.070,-0.067,  175,   6.8,   4.2
30-Aug-2018 22:00, 2.500,-9999 ,  17.5, 1014.4,-0.043,-0.035,  154,   4.8,   3.4
30-Aug-2018 23:00, 1.519,-9999 ,  17.4, 1015.1,-0.046,-0.034,  103,   6.1,   4.4
31-Aug-2018 00:00, 1.725,-9999 ,  18.3, 1015.5,-0.038,-0.019,  118,   6.9,   5.7
31-Aug-2018 01:00, 3.118,-9999 ,  19.4, 1015.6,-0.077,-0.054,  121,   7.1,   6.3
31-Aug-2018 02:00, 4.895,-9999 ,  21.4, 1015.1,-0.101,-0.078,  116,   7.4,   4.8
31-Aug-2018 03:00, 6.711,-9999 ,  24.1, 1014.4,-0.034,-0.016,  144,   5.5,   2.2
31-Aug-2018 04:00, 8.231,-9999 ,  24.3, 1013.5,-0.046,-0.036,  211,   2.9,   1.7
31-Aug-2018 05:00, 8.997,-9999 ,  24.8, 1012.7,-0.065,-0.064,  230,   3.7,   2.9
31-Aug-2018 06:00, 8.598,-9999 ,  22.9, 1011.8,-0.053,-0.059,  243,   6.3,   5.3
31-Aug-2018 07:00, 7.354,-9999 ,  22.8, 1011.2, 0.006,-0.009,  236,   7.0,   5.9
31-Aug-2018 08:00, 5.877,-9999 ,  23.0, 1011.1, 0.035, 0.015,  239,   7.5,   6.5
31-Aug-2018 09:00, 4.310,-9999 ,  22.9, 1011.3,-0.005,-0.026,  239,   8.3,   7.0
31-Aug-2018 10:00, 2.833,-9999 ,  22.8, 1011.6,-0.012,-0.031,  232,   9.2,   7.5
31-Aug-2018 11:00, 1.734,-9999 ,  22.8, 1012.1,-0.066,-0.082,  232,   9.3,   7.2
31-Aug-2018 12:00, 1.676,-9999 ,  22.6, 1012.9,-0.073,-0.083,    6,   8.4,   3.9
31-Aug-2018 13:00, 2.909,-9999 ,  22.9, 1013.4,-0.053,-0.056,  263,   6.4,   2.9
31-Aug-2018 14:00, 4.643,-9999 ,  22.5, 1013.4,-0.073,-0.071,  261,   4.0,   3.2
31-Aug-2018 15:00, 6.431,-9999 ,  22.0, 1013.2,-0.011,-0.010,  257,   3.8,   2.2
31-Aug-2018 16:00, 8.032,-9999 ,  21.4, 1012.8, 0.001, 0.000,  272,   2.9,   2.5
31-Aug-2018 17:00, 9.017,-9999 ,  20.7, 1012.2,-0.022,-0.027,  254,   3.0,   0.6
31-Aug-2018 18:00, 8.853,-9999 ,  20.6, 1012.0,-0.065,-0.076,  196,   2.0,   1.2
31-Aug-2018 19:00, 7.714,-9999 ,  20.6, 1012.0,-0.061,-0.074,  150,   2.8,   2.4
31-Aug-2018 20:00, 6.282,-9999 ,  19.3, 1012.3,-0.018,-0.030,  156,   3.7,   2.9
31-Aug-2018 21:00, 4.759,-9999 ,  18.2, 1012.8,-0.052,-0.061,  140,   4.7,   3.2
31-Aug-2018 22:00, 3.281,-9999 ,  19.7, 1013.6,-0.037,-0.041,  131,   6.1,   5.4
31-Aug-2018 23:00, 2.113,-9999 ,  17.3, 1014.0,-0.015,-0.011,  117,   7.3,   4.4
01-Sep-2018 00:00, 1.751,-9999 ,  17.7, 1014.3,-0.009,-0.001,  110,   5.7,   4.0
01-Sep-2018 01:00, 2.650,-9999 ,  17.8, 1014.8, 0.015, 0.026,  122,   4.4,   2.5
01-Sep-2018 02:00, 4.178,-9999 ,  20.2, 1014.6,-0.064,-0.048,  159,   3.4,   0.9
01-Sep-2018 03:00, 5.778,-9999 ,  23.8, 1013.8,-0.072,-0.060,  149,   2.1,   0.2
01-Sep-2018 04:00, 7.301,-9999 ,  24.9, 1013.2,-0.050,-0.045,  304,   5.6,   4.5
01-Sep-2018 05:00, 8.435,-9999 ,  24.8, 1012.4,-0.025,-0.026,  311,   6.0,   4.8
01-Sep-2018 06:00, 8.605,-9999 ,-9999 , 1011.7,-0.030,-0.039,  339,   7.2,   5.8
01-Sep-2018 07:00, 7.716,-9999 ,  24.2, 1011.2,-0.044,-0.060,  337,   7.6,   6.3
01-Sep-2018 08:00, 6.411,-9999 ,  23.7, 1011.4, 0.001,-0.020,  328,   8.0,   5.3
01-Sep-2018 09:00, 5.010,-9999 ,  22.9, 1011.7,-0.026,-0.044,  318,   7.9,   5.9
01-Sep-2018 10:00, 3.600,-9999 ,  22.1, 1012.1,-0.069,-0.084,  316,   7.0,   4.0
01-Sep-2018 11:00, 2.440,-9999 ,  22.0, 1012.9,-0.085,-0.095,  332,   4.7,   3.7
01-Sep-2018 12:00, 1.959,-9999 ,  21.9, 1013.6,-0.081,-0.084,  341,   4.6,   3.0
01-Sep-2018 13:00, 2.618,-9999 ,  21.6, 1014.0,-0.041,-0.036,  336,   4.2,   3.2
01-Sep-2018 14:00, 4.043,-9999 ,  21.6, 1013.9,-0.094,-0.087,  333,   3.9,   3.1
01-Sep-2018 15:00, 5.652,-9999 ,  21.3, 1014.0,-0.067,-0.060,   19,   3.7,   1.7
01-Sep-2018 16:00, 7.177,-9999 ,  19.7, 1013.5,-0.020,-0.013,   39,   2.1,   1.2
01-Sep-2018 17:00, 8.347,-9999 ,  18.9, 1013.0,-0.049,-0.047,   69,   2.1,   1.8
01-Sep-2018 18:00, 8.756,-9999 ,  19.0, 1012.7,-0.048,-0.051,   19,   3.1,   1.8
01-Sep-2018 19:00, 8.101,-9999 ,  18.8, 1012.6,-0.052,-0.057,   26,   2.8,   1.5
01-Sep-2018 20:00, 6.850,-9999 ,  19.8, 1012.4,-0.023,-0.030,   14,   3.1,   2.7
01-Sep-2018 21:00, 5.508,-9999 ,  20.3, 1013.0,-0.006,-0.014,   10,   3.5,   1.9
01-Sep-2018 22:00, 4.144,-9999 ,  19.6, 1013.5,-0.017,-0.019,    6,   3.0,   1.4
01-Sep-2018 23:00, 2.945,-9999 ,  18.6, 1014.0, 0.007, 0.010,   79,   2.9,   1.8
02-Sep-2018 00:00, 2.194,-9999 ,  18.6, 1014.5,-0.034,-0.026,   97,   3.7,   2.9
02-Sep-2018 01:00, 2.466,-9999 ,  20.7, 1014.7,-0.007, 0.006,   99,   3.7,   2.1
02-Sep-2018 02:00, 3.635,-9999 ,  22.5, 1014.5,-0.022,-0.007,  130,   2.4,   2.1
02-Sep-2018 03:00, 5.005,-9999 ,  24.6, 1013.6,-0.067,-0.056,  238,   2.9,   1.0
02-Sep-2018 04:00, 6.336,-9999 ,  23.6, 1012.7,-0.046,-0.043,  289,   4.9,   4.3
02-Sep-2018 05:00, 7.487,-9999 ,  24.0, 1011.8,-0.041,-0.048,  312,   7.4,   6.4
02-Sep-2018 06:00, 8.126,-9999 ,  24.2, 1011.2,-0.012,-0.027,  325,   8.8,   7.7
02-Sep-2018 07:00, 7.815,-9999 ,  23.8, 1011.0,-0.029,-0.049,  313,   9.6,   7.9
02-Sep-2018 08:00, 6.799,-9999 ,  23.7, 1011.1,-0.036,-0.058,  315,  10.1,   8.7
02-Sep-2018 09:00, 5.625,-9999 ,  23.6, 1011.5,-0.023,-0.044,  319,  10.3,   7.3
02-Sep-2018 10:00, 4.417,-9999 ,  23.1, 1012.2,-0.059,-0.075,  322,   8.8,   4.3
02-Sep-2018 11:00, 3.311,-9999 ,  22.8, 1012.7,-0.086,-0.096,  313,   5.2,   4.1
02-Sep-2018 12:00, 2.579,-9999 ,  22.6, 1013.5,-0.128,-0.132,  332,   5.0,   3.9
02-Sep-2018 13:00, 2.660,-9999 ,  22.1, 1013.8,-0.116,-0.113,  347,   4.7,   3.7
02-Sep-2018 14:00, 3.646,-9999 ,  22.4, 1013.8,-0.099,-0.093,  350,   4.8,   3.2
02-Sep-2018 15:00, 4.978,-9999 ,  22.0, 1013.5,-0.117,-0.112,  316,   3.4,   2.3
02-Sep-2018 16:00, 6.315,-9999 ,  21.6, 1013.3,-0.063,-0.061,  318,   3.3,   1.1
02-Sep-2018 17:00, 7.500,-9999 ,  21.2, 1012.7,-0.025,-0.025,    0,   1.3,   0.0
02-Sep-2018 18:00, 8.253,-9999 ,  21.5, 1012.2, 0.008, 0.002,  315,   2.9,   1.6
02-Sep-2018 19:00, 8.176,-9999 ,  20.5, 1012.3, 0.015, 0.005,  161,   4.0,   3.4
02-Sep-2018 20:00, 7.296,-9999 ,  20.2, 1012.3,-0.004,-0.014,  155,   3.9,   2.7
02-Sep-2018 21:00, 6.152,-9999 ,  20.3, 1012.6, 0.010, 0.001,  190,   3.3,   2.8
02-Sep-2018 22:00, 4.966,-9999 ,  20.5, 1013.3,-0.010,-0.016,  171,   3.6,   2.7
02-Sep-2018 23:00, 3.836,-9999 ,  20.5, 1014.1,-0.033,-0.031,  157,   3.5,   3.1
03-Sep-2018 00:00, 2.984,-9999 ,  21.5, 1014.4,-0.056,-0.048,  181,   3.0,   0.8
03-Sep-2018 01:00, 2.752,-9999 ,  22.5, 1014.7,-0.058,-0.046,  223,   1.9,   0.9
03-Sep-2018 02:00, 3.374,-9999 ,  23.5, 1014.7,-0.010, 0.005,  241,   3.0,   2.3
03-Sep-2018 03:00, 4.414,-9999 ,  24.6, 1013.8,-0.030,-0.016,  280,   4.0,   3.4
03-Sep-2018 04:00, 5.437,-9999 ,  25.0, 1013.0,-0.070,-0.065,  290,   4.9,   4.3
03-Sep-2018 05:00, 6.398,-9999 ,  25.1, 1012.2,-0.090,-0.093,  300,   6.1,   5.6
03-Sep-2018 06:00, 7.160,-9999 ,  25.4, 1011.3,-0.079,-0.090,  297,   7.7,   6.7
03-Sep-2018 07:00, 7.399,-9999 ,  25.1, 1010.9,-0.048,-0.068,  295,   8.8,   7.4
03-Sep-2018 08:00, 6.915,-9999 ,  24.7, 1010.9,-0.066,-0.090,  286,   9.3,   7.6
03-Sep-2018 09:00, 6.051,-9999 ,  24.4, 1011.2,-0.075,-0.098,  272,   9.8,   6.9
03-Sep-2018 10:00, 5.108,-9999 ,  23.6, 1011.6,-0.089,-0.109,  258,   9.2,   6.4
03-Sep-2018 11:00, 4.168,-9999 ,  23.2, 1012.4,-0.132,-0.148,  239,   9.0,   5.3
03-Sep-2018 12:00, 3.438,-9999 ,  23.2, 1013.2,-0.160,-0.167,  236,   6.8,   5.8
03-Sep-2018 13:00, 3.173,-9999 ,  23.6, 1013.4,-0.158,-0.158,  231,   6.8,   5.0
03-Sep-2018 14:00, 3.584,-9999 ,  23.5, 1013.2,-0.121,-0.119,  221,   5.7,   4.4
03-Sep-2018 15:00, 4.497,-9999 ,  23.3, 1012.6,-0.106,-0.107,  214,   7.9,   6.8
03-Sep-2018 16:00, 5.552,-9999 ,  22.8, 1012.4,-0.069,-0.076,  208,   7.6,   4.5
03-Sep-2018 17:00, 6.550,-9999 ,  22.5, 1012.2,-0.041,-0.050,  205,   5.0,   3.1
03-Sep-2018 18:00, 7.317,-9999 ,  22.6, 1011.7,-0.052,-0.063,  223,   3.8,   2.4
03-Sep-2018 19:00, 7.677,-9999 ,  22.9, 1011.4,-0.015,-0.031,  239,   4.8,   3.8
03-Sep-2018 20:00, 7.407,-9999 ,  22.9, 1011.5, 0.009,-0.010,  231,   6.1,   4.6
03-Sep-2018 21:00, 6.624,-9999 ,  23.0, 1012.3,-0.023,-0.039,  236,   5.1,   2.5
03-Sep-2018 22:00, 5.689,-9999 ,  22.5, 1012.8,-0.051,-0.060,  228,   6.1,   5.2
03-Sep-2018 23:00, 4.771,-9999 ,  22.3, 1013.5,-0.058,-0.061,  204,   6.1,   3.6
04-Sep-2018 00:00, 3.967,-9999 ,  22.3, 1013.8,-0.079,-0.077,  202,   4.7,   3.4
04-Sep-2018 01:00, 3.459,-9999 ,  22.2, 1014.1,-0.122,-0.116,  194,   3.7,   1.8
04-Sep-2018 02:00, 3.507,-9999 ,  23.1, 1014.1,-0.094,-0.085,  227,   1.9,   1.0
04-Sep-2018 03:00, 4.069,-9999 ,  24.3, 1013.4,-0.021,-0.013,  281,   4.0,   3.3
04-Sep-2018 04:00, 4.759,-9999 ,  24.5, 1012.5,-0.010,-0.010,  288,   5.6,   4.8
04-Sep-2018 05:00, 5.439,-9999 ,  24.5, 1011.8,-0.046,-0.054,  283,   8.8,   7.5
04-Sep-2018 06:00, 6.090,-9999 ,  24.8, 1011.1,-0.065,-0.080,  285,   9.7,   7.9
04-Sep-2018 07:00, 6.568,-9999 ,  24.9, 1010.6,-0.033,-0.055,  279,   9.6,   7.1
04-Sep-2018 08:00, 6.629,-9999 ,  24.8, 1010.8,-0.033,-0.060,  295,   9.5,   6.7
04-Sep-2018 09:00, 6.278,-9999 ,  24.3, 1011.0,-0.059,-0.083,  274,   9.3,   6.6
04-Sep-2018 10:00, 5.690,-9999 ,  24.1, 1011.2,-0.101,-0.123,  264,   8.6,   7.3
04-Sep-2018 11:00, 5.004,-9999 ,  23.7, 1012.1,-0.161,-0.181,  263,   8.5,   6.2
04-Sep-2018 12:00, 4.425,-9999 ,  23.2, 1012.7,-0.162,-0.173,  256,   7.6,   5.1
04-Sep-2018 13:00, 4.087,-9999 ,  23.0, 1013.0,-0.111,-0.116,  259,   5.9,   3.7
04-Sep-2018 14:00, 4.075,-9999 ,  22.9, 1012.7,-0.055,-0.058,  263,   5.2,   3.9
04-Sep-2018 15:00, 4.407,-9999 ,  22.3, 1012.5,-0.026,-0.032,  287,   4.8,   2.8
04-Sep-2018 16:00, 4.984,-9999 ,  22.2, 1012.1, 0.004,-0.004,  306,   3.2,   2.6
04-Sep-2018 17:00, 5.673,-9999 ,  22.2, 1011.6, 0.024, 0.013,  312,   2.9,   2.4
04-Sep-2018 18:00, 6.336,-9999 ,  22.1, 1011.1, 0.008,-0.009,  305,   2.7,   2.2
04-Sep-2018 19:00, 6.807,-9999 ,  22.1, 1011.1,-0.014,-0.035,  285,   2.7,   2.5
04-Sep-2018 20:00, 6.961,-9999 ,  22.2, 1010.8,-0.032,-0.054,  247,   3.5,   2.9
04-Sep-2018 21:00, 6.769,-9999 ,  22.2, 1011.2,-0.045,-0.069,  249,   3.0,   1.9
04-Sep-2018 22:00, 6.305,-9999 ,  22.0, 1011.6,-0.066,-0.086,  240,   2.9,   2.4
04-Sep-2018 23:00, 5.714,-9999 ,  22.2, 1012.2,-0.058,-0.074,  242,   2.8,   2.4
05-Sep-2018 00:00, 5.090,-9999 ,  22.4, 1012.8,-0.061,-0.070,  226,   2.8,   2.5
05-Sep-2018 01:00, 4.605,-9999 ,  22.6, 1013.1,-0.028,-0.032,  239,   5.6,   4.9
05-Sep-2018 02:00, 4.313,-9999 ,  23.2, 1013.2,-0.003,-0.004,  280,   5.2,   3.8
05-Sep-2018 03:00, 4.200,-9999 ,  23.7, 1012.5,-0.035,-0.036,  297,   6.9,   5.1
05-Sep-2018 04:00, 4.298,-9999 ,  24.1, 1011.7,-0.035,-0.044,  315,   7.6,   6.1
05-Sep-2018 05:00, 4.616,-9999 ,  24.0, 1010.9, 0.013,-0.003,  318,   7.8,   6.0
05-Sep-2018 06:00, 5.024,-9999 ,  23.9, 1010.2,-0.007,-0.031,  316,   8.4,   6.6
05-Sep-2018 07:00, 5.410,-9999 ,  24.0, 1009.9,-0.077,-0.108,  313,   9.2,   7.6
05-Sep-2018 08:00, 5.776,-9999 ,  23.9, 1009.8,-0.078,-0.112,  316,   9.2,   6.8
05-Sep-2018 09:00, 6.058,-9999 ,  23.7, 1010.2,-0.005,-0.039,  318,   8.0,   6.3
05-Sep-2018 10:00, 6.051,-9999 ,  23.3, 1010.6,-0.032,-0.062,  316,   7.6,   5.2
05-Sep-2018 11:00, 5.781,-9999 ,  23.1, 1011.4,-0.125,-0.151,  317,   6.5,   5.0
05-Sep-2018 12:00, 5.459,-9999 ,  23.1, 1012.2,-0.138,-0.156,  314,   6.3,   4.6
05-Sep-2018 13:00, 5.171,-9999 ,  22.9, 1012.5,-0.081,-0.091,  308,   5.7,   3.3
05-Sep-2018 14:00, 4.892,-9999 ,  22.8, 1012.4,-0.059,-0.066,  301,   4.7,   3.5
05-Sep-2018 15:00, 4.707,-9999 ,  22.6, 1012.2,-0.059,-0.068,  313,   4.4,   3.3
05-Sep-2018 16:00, 4.723,-9999 ,  22.7, 1011.8, 0.016, 0.005,  313,   4.9,   4.1
05-Sep-2018 17:00, 4.911,-9999 ,  22.6, 1011.2, 0.071, 0.056,  300,   5.0,   3.4
05-Sep-2018 18:00, 5.239,-9999 ,  22.6, 1011.2, 0.032, 0.011,  264,   6.8,   5.3
05-Sep-2018 19:00, 5.636,-9999 ,  22.7, 1011.1,-0.039,-0.060,  247,   6.4,   4.9
05-Sep-2018 20:00, 6.034,-9999 ,  22.5, 1011.3,-0.071,-0.092,  237,   5.9,   4.7
05-Sep-2018 21:00, 6.367,-9999 ,  22.3, 1011.6,-0.060,-0.079,  216,   5.5,   3.3
05-Sep-2018 22:00, 6.534,-9999 ,  21.9, 1011.9,-0.057,-0.073,  227,   3.2,   1.2
05-Sep-2018 23:00, 6.449,-9999 ,  22.1, 1012.2,-0.085,-0.098,    0,   1.1,   0.0
06-Sep-2018 00:00, 6.168,-9999 ,  21.9, 1012.6,-0.095,-0.105,  157,   2.1,   1.5
06-Sep-2018 01:00, 5.789,-9999 ,  21.7, 1013.0,-0.072,-0.078,  159,   2.5,   2.1
06-Sep-2018 02:00, 5.330,-9999 ,  23.1, 1012.7,-0.061,-0.064,  225,   2.4,   0.5
06-Sep-2018 03:00, 4.852,-9999 ,  24.5, 1011.8,-0.072,-0.078,  253,   2.7,   1.1
06-Sep-2018 04:00, 4.430,-9999 ,  23.9, 1010.9,-0.031,-0.046,  283,   5.5,   4.5
06-Sep-2018 05:00, 4.108,-9999 ,  24.9, 1010.0, 0.009,-0.015,  292,   5.6,   4.8
06-Sep-2018 06:00, 4.036,-9999 ,  25.3, 1009.3, 0.007,-0.026,  306,   5.7,   5.1
06-Sep-2018 07:00, 4.257,-9999 ,  25.1, 1009.0,-0.005,-0.044,  306,   6.5,   5.9
06-Sep-2018 08:00, 4.674,-9999 ,  25.0, 1009.0,-0.035,-0.078,  310,   6.9,   5.8
06-Sep-2018 09:00, 5.231,-9999 ,  24.3, 1009.4,-0.036,-0.078,  310,   7.1,   5.7
06-Sep-2018 10:00, 5.784,-9999 ,  23.8, 1009.8,-0.050,-0.088,  309,   6.6,   4.9
06-Sep-2018 11:00, 6.215,-9999 ,  23.5, 1010.7,-0.061,-0.094,  311,   6.2,   2.3
06-Sep-2018 12:00, 6.425,-9999 ,  23.4, 1011.5,-0.047,-0.071,  239,   3.6,   1.7
06-Sep-2018 13:00, 6.298,-9999 ,  23.2, 1011.8,-0.095,-0.112,  254,   3.2,   0.2
06-Sep-2018 14:00, 5.936,-9999 ,  23.3, 1012.0,-0.112,-0.126,  254,   2.8,   1.3
06-Sep-2018 15:00, 5.500,-9999 ,  23.1, 1011.8,-0.053,-0.065,  250,   2.5,   1.9
06-Sep-2018 16:00, 5.027,-9999 ,  23.1, 1011.4, 0.024, 0.009,  252,   3.2,   2.2
06-Sep-2018 17:00, 4.561,-9999 ,  22.3, 1011.2, 0.060, 0.042,    0,   2.0,   0.0
06-Sep-2018 18:00, 4.303,-9999 ,  22.4, 1011.0, 0.032, 0.011,    0,   0.0,   0.0
06-Sep-2018 19:00, 4.410,-9999 ,  21.1, 1011.5, 0.013,-0.009,  187,   8.5,   6.1
06-Sep-2018 20:00, 4.836,-9999 ,  21.9, 1011.5,-0.006,-0.024,  186,   5.8,   3.8
06-Sep-2018 21:00, 5.477,-9999 ,  21.8, 1012.3,-0.012,-0.028,    0,   3.8,   0.0
06-Sep-2018 22:00, 6.180,-9999 ,  19.9, 1013.1,-0.001,-0.010,   48,   2.6,   1.9
06-Sep-2018 23:00, 6.767,-9999 ,  21.3, 1013.9,-0.011,-0.012,   54,   2.2,   0.9
07-Sep-2018 00:00, 7.085,-9999 ,  23.4, 1014.4,-0.030,-0.023,    0,   1.0,   0.0
07-Sep-2018 01:00, 7.038,-9999 ,  22.1, 1014.9,-0.064,-0.051,  138,   2.4,   1.8
07-Sep-2018 02:00, 6.624,-9999 ,  23.0, 1014.3,-0.078,-0.062,  156,   3.8,   3.0
07-Sep-2018 03:00, 5.902,-9999 ,  25.2, 1013.2,-0.109,-0.100,  186,   3.4,   1.8
07-Sep-2018 04:00, 5.030,-9999 ,  28.6, 1012.1,-0.141,-0.143,  203,   2.4,   1.6
07-Sep-2018 05:00, 4.201,-9999 ,  26.4, 1011.2,-0.053,-0.065,  285,   5.0,   4.2
07-Sep-2018 06:00, 3.525,-9999 ,  28.0, 1010.5, 0.012,-0.006,  294,   4.9,   4.2
07-Sep-2018 07:00, 3.175,-9999 ,  28.1, 1010.1,-0.008,-0.039,  301,   5.8,   5.1
07-Sep-2018 08:00, 3.354,-9999 ,  27.4,-9999.0,-0.035,-9999 ,  305,   6.5,   5.7
07-Sep-2018 09:00, 4.045,-9999 ,  27.0,-9999.0,-0.040,-9999 ,  307,   7.0,   5.6
07-Sep-2018 10:00, 4.989,-9999 ,  26.1,-9999.0,-0.038,-9999 ,  303,   6.4,   5.6
07-Sep-2018 11:00, 5.965,-9999 ,  25.5,-9999.0,-0.063,-9999 ,  301,   6.6,   5.6
07-Sep-2018 12:00, 6.797,-9999 ,  24.4,-9999.0,-0.088,-9999 ,  260,   6.5,   3.8
07-Sep-2018 13:00, 7.292,-9999 ,  23.5,-9999.0,-0.080,-9999 ,  236,   4.2,   2.6
07-Sep-2018 14:00, 7.230,-9999 ,  23.4,-9999.0,-0.063,-9999 ,  212,   4.7,   3.9
07-Sep-2018 15:00, 6.608,-9999 ,  23.0,-9999.0,-0.068,-9999 ,  194,   5.5,   3.2
07-Sep-2018 16:00, 5.715,-9999 ,  22.9,-9999.0,-0.081,-9999 ,  178,   3.1,   2.2
07-Sep-2018 17:00, 4.748,-9999 ,  22.7,-9999.0,-0.067,-9999 ,  179,   3.1,   2.5
07-Sep-2018 18:00, 3.912,-9999 ,  22.6,-9999.0,-0.023,-9999 ,  182,   4.6,   3.8
07-Sep-2018 19:00, 3.373,-9999 ,  22.3, 1012.5,-0.025,-0.035,  200,   4.9,   3.9
07-Sep-2018 20:00, 3.337,-9999 ,  22.6, 1012.7,-0.082,-0.090,  178,   5.0,   3.9
07-Sep-2018 21:00, 3.998,-9999 ,  22.4, 1012.9,-0.109,-0.114,  180,   5.1,   2.6
07-Sep-2018 22:00, 5.111,-9999 ,  22.1, 1013.7,-0.060,-0.063,  139,   4.2,   3.0
07-Sep-2018 23:00, 6.289,-9999 ,  22.4, 1014.3,-0.023,-0.018,  120,   5.1,   3.9
08-Sep-2018 00:00, 7.260,-9999 ,  21.9, 1014.8,-0.070,-0.059,  109,   5.7,   4.3
08-Sep-2018 01:00, 7.886,-9999 ,  22.7, 1015.0,-0.102,-0.086,  118,   6.1,   4.2
08-Sep-2018 02:00, 7.943,-9999 ,  26.5, 1014.7,-0.079,-0.062,  118,   5.6,   4.2
08-Sep-2018 03:00, 7.263,-9999 ,  28.3, 1013.8,-0.092,-0.079,  124,   5.6,   3.8
08-Sep-2018 04:00, 6.149,-9999 ,  29.6, 1013.0,-0.125,-0.121,  107,   5.1,   3.0
08-Sep-2018 05:00, 4.908,-9999 ,  31.3, 1012.1,-0.107,-0.111,  156,   2.9,   1.3
08-Sep-2018 06:00, 3.655,-9999 ,  33.3, 1011.2,-0.083,-0.095,    0,   1.3,   0.0
08-Sep-2018 07:00, 2.625,-9999 ,  30.0, 1010.5,-0.087,-0.108,  263,   3.3,   2.2
08-Sep-2018 08:00, 2.122,-9999 ,  26.9, 1010.5,-0.127,-0.154,  252,   7.4,   5.6
08-Sep-2018 09:00, 2.573,-9999 ,  26.1, 1010.8,-0.117,-0.144,  245,   7.6,   5.5
08-Sep-2018 10:00, 3.741,-9999 ,  25.3, 1011.0,-0.080,-0.104,  241,   7.2,   6.4
08-Sep-2018 11:00, 5.116,-9999 ,  25.1, 1011.9,-0.084,-0.106,  234,   8.3,   6.1
08-Sep-2018 12:00, 6.498,-9999 ,  26.0, 1012.6,-0.117,-0.130,  222,   7.5,   6.6
08-Sep-2018 13:00, 7.656,-9999 ,  25.5, 1013.1,-0.149,-0.155,  206,   7.5,   5.5
08-Sep-2018 14:00, 8.218,-9999 ,  25.4, 1013.3,-0.140,-0.141,  206,   6.2,   5.4
08-Sep-2018 15:00, 7.838,-9999 ,  25.8, 1013.3,-0.143,-0.143,  175,   5.8,   2.6
08-Sep-2018 16:00, 6.797,-9999 ,  24.0, 1012.9,-0.137,-0.137,  167,   4.5,   3.4
08-Sep-2018 17:00, 5.567,-9999 ,  24.9, 1012.4,-0.078,-0.082,  124,   4.6,   3.9
08-Sep-2018 18:00, 4.272,-9999 ,  24.0, 1012.2,-0.039,-0.047,  113,   7.1,   5.1
08-Sep-2018 19:00, 3.112,-9999 ,  23.6, 1012.0,-0.021,-0.032,  122,   5.8,   4.1
08-Sep-2018 20:00, 2.346,-9999 ,  24.3, 1012.1,-0.029,-0.041,  133,  10.2,   8.5
08-Sep-2018 21:00, 2.465,-9999 ,  23.4, 1012.5,-0.090,-0.101,  136,  10.2,   4.1
08-Sep-2018 22:00, 3.579,-9999 ,  23.3, 1013.5,-0.125,-0.131,  118,   7.6,   5.7
08-Sep-2018 23:00, 5.101,-9999 ,  22.7, 1014.7,-0.130,-0.126,  106,   5.5,   4.3
09-Sep-2018 00:00, 6.659,-9999 ,  23.5, 1015.3,-0.125,-0.110,  110,   6.1,   4.8
09-Sep-2018 01:00, 8.015,-9999 ,  23.6, 1015.7,-0.127,-0.106,  122,   6.7,   3.5
09-Sep-2018 02:00, 8.827,-9999 ,  27.6, 1015.3,-0.089,-0.065,  120,   7.4,   6.1
09-Sep-2018 03:00, 8.611,-9999 ,  28.3, 1014.7,-0.083,-0.063,  118,   9.0,   7.1
09-Sep-2018 04:00, 7.491,-9999 ,  31.1, 1013.7,-0.109,-0.095,  128,   7.8,   6.3
09-Sep-2018 05:00, 6.062,-9999 ,  32.6, 1012.7,-0.070,-0.067,  129,   6.9,   4.0
09-Sep-2018 06:00, 4.511,-9999 ,  33.2, 1012.0,-0.042,-0.048,  176,   4.0,   2.5
09-Sep-2018 07:00, 2.991,-9999 ,  33.8, 1011.3,-0.051,-0.065,  226,   3.1,   2.9
09-Sep-2018 08:00, 1.740,-9999 ,  33.7, 1011.3,-0.082,-0.102,  250,   3.8,   3.1
09-Sep-2018 09:00, 1.364,-9999 ,  33.9, 1011.6,-0.119,-0.134,  247,   5.0,   4.1
09-Sep-2018 10:00, 2.310,-9999 ,  25.9,-9999.0,-0.089,-9999 ,  239,   8.0,   6.3
09-Sep-2018 11:00, 3.917,-9999 ,  26.2,-9999.0,-0.080,-9999 ,  231,   8.1,   6.0
09-Sep-2018 12:00, 5.692,-9999 ,  26.3,-9999.0,-0.075,-9999 ,  230,   7.7,   6.7
09-Sep-2018 13:00, 7.434,-9999 ,  26.1,-9999.0,-0.077,-9999 ,  220,   7.9,   6.1
09-Sep-2018 14:00, 8.724,-9999 ,  25.4,-9999.0,-0.106,-9999 ,  200,   6.6,   0.5
09-Sep-2018 15:00, 9.023,-9999 ,  26.7,-9999.0,-0.088,-9999 ,  308,   3.5,   1.3
09-Sep-2018 16:00, 8.150,-9999 ,  25.1,-9999.0,-0.093,-9999 ,  297,   3.4,   2.2
09-Sep-2018 17:00, 6.729,-9999 ,  25.8,-9999.0,-0.061,-9999 ,  270,   3.1,   2.0
09-Sep-2018 18:00, 5.195,-9999 ,  23.8,-9999.0, 0.008,-9999 ,  334,   2.7,   2.0
09-Sep-2018 19:00, 3.613,-9999 ,  24.4,-9999.0, 0.006,-9999 ,  242,   4.0,   3.2
09-Sep-2018 20:00, 2.205,-9999 ,  24.4,-9999.0, 0.017,-9999 ,  242,   4.5,   2.7
09-Sep-2018 21:00, 1.446,-9999 ,  23.7,-9999.0, 0.004,-9999 ,   70,   2.7,   0.1
09-Sep-2018 22:00, 2.067,-9999 ,  23.1,-9999.0,-0.015,-9999 ,   66,   2.0,   0.9
09-Sep-2018 23:00, 3.697,-9999 ,  24.1, 1015.5,-0.042,-0.028,  136,   2.5,   1.7
10-Sep-2018 00:00, 5.589,-9999 ,  24.3, 1016.5,-0.059,-0.036,   71,   4.4,   2.7
10-Sep-2018 01:00, 7.499,-9999 ,  25.6, 1016.8,-0.017, 0.016,  102,   4.9,   3.8
10-Sep-2018 02:00, 9.026,-9999 ,  26.9, 1016.8,-0.008, 0.028,  106,   6.0,   4.3
10-Sep-2018 03:00, 9.550,-9999 ,  30.5, 1016.2,-0.047,-0.012,   84,   5.2,   1.1
10-Sep-2018 04:00, 8.804,-9999 ,  26.2, 1015.1,-0.084,-0.056,  292,   4.8,   4.3
10-Sep-2018 05:00, 7.346,-9999 ,  27.1, 1013.9,-0.051,-0.034,  306,   6.5,   5.8
10-Sep-2018 06:00, 5.694,-9999 ,  25.8, 1013.4, 0.028, 0.034,  284,   9.2,   7.3
10-Sep-2018 07:00, 3.920,-9999 ,  25.6, 1012.8, 0.014, 0.015,  275,   9.4,   7.7
10-Sep-2018 08:00, 2.244,-9999 ,  25.3, 1012.7, 0.003,-0.002,  261,   9.6,   6.6
10-Sep-2018 09:00, 1.038,-9999 ,  25.4, 1013.1, 0.007, 0.002,  269,   9.4,   6.4
10-Sep-2018 10:00, 1.100,-9999 ,  24.9, 1013.5,-0.054,-0.055,  258,   8.3,   5.4
10-Sep-2018 11:00, 2.528,-9999 ,  25.7, 1014.1,-0.095,-0.092,  263,   6.3,   4.7
10-Sep-2018 12:00, 4.454,-9999 ,  25.1, 1014.8,-0.134,-0.125,  278,   6.4,   3.1
10-Sep-2018 13:00, 6.536,-9999 ,  24.2, 1014.9,-0.110,-0.095,  268,   4.0,   2.7
10-Sep-2018 14:00, 8.459,-9999 ,  23.5, 1014.9,-0.095,-0.079,  297,   3.3,   0.9
10-Sep-2018 15:00, 9.576,-9999 ,  23.4, 1014.7,-0.090,-0.073,  212,   2.0,   1.7
10-Sep-2018 16:00, 9.302,-9999 ,  23.1, 1014.4,-0.086,-0.071,  204,   2.5,   1.5
10-Sep-2018 17:00, 7.966,-9999 ,  23.0, 1013.8,-0.078,-0.068,  204,   3.8,   2.4
10-Sep-2018 18:00, 6.315,-9999 ,  23.4, 1013.3,-0.011,-0.006,  220,   5.7,   4.8
10-Sep-2018 19:00, 4.525,-9999 ,  22.6, 1013.1,-0.002,-0.002,  206,   6.9,   5.2
10-Sep-2018 20:00, 2.754,-9999 ,  22.7, 1013.0,-0.011,-0.013,  224,   7.7,   5.2
10-Sep-2018 21:00, 1.284,-9999 ,  22.8, 1013.1, 0.024, 0.022,  221,   6.9,   5.0
10-Sep-2018 22:00, 0.864,-9999 ,  23.0, 1013.4,-0.034,-0.035,  233,   5.4,   3.4
10-Sep-2018 23:00, 2.099,-9999 ,  22.8, 1013.5,-0.052,-0.050,  251,   5.1,   4.2
11-Sep-2018 00:00, 4.100,-9999 ,  23.2, 1013.7,-0.088,-0.086,  235,   6.6,   3.3
11-Sep-2018 01:00, 6.264,-9999 ,  23.5, 1013.6,-0.076,-0.072,  238,   4.8,   2.8
11-Sep-2018 02:00, 8.361,-9999 ,  24.3, 1013.5,-0.007,-0.003,  290,   4.8,   2.9
11-Sep-2018 03:00, 9.739,-9999 ,  26.8, 1012.7,-0.010,-0.008,  297,   4.1,   3.0
11-Sep-2018 04:00, 9.745,-9999 ,  28.1, 1011.4,-0.038,-0.044,  305,   4.2,   3.7
11-Sep-2018 05:00, 8.503,-9999 ,  26.9, 1010.5,-0.066,-0.085,  300,   6.1,   5.3
11-Sep-2018 06:00, 6.816,-9999 ,  26.3, 1009.7,-0.029,-0.057,  287,   7.9,   6.3
11-Sep-2018 07:00, 4.997,-9999 ,  26.9, 1008.9, 0.005,-0.032,  280,   9.3,   7.6
11-Sep-2018 08:00, 3.121,-9999 ,  26.9, 1008.8,-0.027,-0.071,  288,   9.9,   7.9
11-Sep-2018 09:00, 1.482,-9999 ,  26.3, 1009.0, 0.029,-0.015,  287,   9.6,   6.6
11-Sep-2018 10:00, 0.624,-9999 ,  25.6, 1009.3, 0.018,-0.024,  278,   9.2,   6.7
11-Sep-2018 11:00, 1.389,-9999 ,  25.6, 1009.7,-0.026,-0.065,  270,   9.4,   6.5
11-Sep-2018 12:00, 3.273,-9999 ,  24.9, 1010.3,-0.044,-0.079,  256,   9.2,   6.9
11-Sep-2018 13:00, 5.433,-9999 ,  24.7, 1010.6,-0.062,-0.091,  260,   8.4,   5.6
11-Sep-2018 14:00, 7.645,-9999 ,  24.4, 1010.5,-0.049,-0.075,  257,   7.2,   4.9
11-Sep-2018 15:00, 9.432,-9999 ,  24.4, 1010.5,-0.052,-0.079,  257,   6.6,   5.2
11-Sep-2018 16:00, 9.994,-9999 ,  24.6, 1010.3,-0.042,-0.069,  238,  10.1,   8.5
11-Sep-2018 17:00, 9.096,-9999 ,  24.2, 1009.9,-0.034,-0.063,  222,   9.6,   6.6
11-Sep-2018 18:00, 7.481,-9999 ,  24.3, 1009.4,-0.010,-0.044,  227,   9.6,   7.0
11-Sep-2018 19:00, 5.691,-9999 ,  23.9, 1009.3, 0.044, 0.006,  233,   9.2,   6.5
11-Sep-2018 20:00, 3.757,-9999 ,  23.6, 1009.3, 0.019,-0.020,  234,   8.1,   5.4
11-Sep-2018 21:00, 1.921,-9999 ,  24.1, 1009.6, 0.034,-0.005,  220,   5.4,   4.6
11-Sep-2018 22:00, 0.629,-9999 ,  23.2, 1010.0, 0.006,-0.030,  186,   5.1,   2.9
11-Sep-2018 23:00, 0.900,-9999 ,  23.9, 1010.4,-0.063,-0.095,  143,   7.5,   6.3
12-Sep-2018 00:00, 2.618,-9999 ,  23.2, 1010.7,-0.114,-0.142,  134,   9.6,   4.7
12-Sep-2018 01:00, 4.780,-9999 ,  24.4, 1010.7,-0.162,-0.188,  128,   6.3,   3.2
12-Sep-2018 02:00, 7.083,-9999 ,  28.1, 1010.4,-0.095,-0.121,  134,   6.4,   5.9
12-Sep-2018 03:00, 9.086,-9999 ,  29.4, 1009.9,-0.038,-0.067,  152,   6.9,   5.2
12-Sep-2018 04:00, 9.957,-9999 ,  30.0, 1008.9,-0.066,-0.100,  166,   7.0,   4.3
12-Sep-2018 05:00, 9.366,-9999 ,  32.5, 1008.1,-0.038,-0.081,  176,   6.4,   4.5
12-Sep-2018 06:00, 7.842,-9999 ,  33.4, 1007.3,-0.021,-0.074,  204,   5.6,   3.5
12-Sep-2018 07:00, 6.076,-9999 ,  32.5, 1007.2, 0.001,-0.058,  252,   6.4,   4.6
12-Sep-2018 08:00, 4.185,-9999 ,  32.1, 1007.1,-0.022,-0.083,  269,   6.9,   4.8
12-Sep-2018 09:00, 2.358,-9999 ,  29.2, 1007.8,-0.016,-0.076,  288,   8.1,   5.5
12-Sep-2018 10:00, 0.928,-9999 ,  26.3, 1008.3, 0.016,-0.038,  354,  11.0,   9.1
12-Sep-2018 11:00, 0.716,-9999 ,  26.3, 1009.1,-0.066,-0.114,  354,  10.3,   8.9
12-Sep-2018 12:00, 2.133,-9999 ,  25.6, 1009.5,-0.101,-0.142,  349,  11.1,   7.1
12-Sep-2018 13:00, 4.228,-9999 ,  25.4, 1009.9,-0.109,-0.145,  340,   8.3,   5.2
12-Sep-2018 14:00, 6.494,-9999 ,  25.6, 1009.7,-0.067,-0.100,  329,   7.3,   5.4
12-Sep-2018 15:00, 8.644,-9999 ,  25.2, 1009.6,-0.032,-0.068,  321,   6.2,   3.7
12-Sep-2018 16:00, 9.931,-9999 ,  25.0, 1009.3,-0.072,-0.109,  304,   5.7,   0.9
12-Sep-2018 17:00, 9.764,-9999 ,  24.5, 1008.4,-0.048,-0.089,    0,   1.6,   0.0
12-Sep-2018 18:00, 8.418,-9999 ,-9999 ,-9999.0,-0.033,-9999 ,-9999,   2.5,-9999
12-Sep-2018 19:00, 6.673,-9999 ,-9999 ,-9999.0,-0.057,-9999 ,-9999,-9999 ,-9999
12-Sep-2018 20:00, 4.798,-9999 ,-9999 ,-9999.0,-0.052,-9999 ,-9999,-9999 ,-9999
12-Sep-2018 21:00, 2.871,-9999 ,-9999 ,-9999.0,-0.034,-9999 ,-9999,-9999 ,-9999
12-Sep-2018 22:00, 1.162,-9999 ,-9999 ,-9999.0,-0.028,-9999 ,-9999,-9999 ,-9999
12-Sep-2018 23:00, 0.534,-9999 ,-9999 ,-9999.0,-0.036,-9999 ,-9999,-9999 ,-9999
13-Sep-2018 00:00, 1.613,-9999 ,-9999 ,-9999.0,-0.058,-9999 ,-9999,-9999 ,-9999
13-Sep-2018 01:00, 3.625,-9999 ,-9999 ,-9999.0,-0.061,-9999 ,-9999,-9999 ,-9999
13-Sep-2018 02:00, 5.810,-9999 ,-9999 ,-9999.0,-0.036,-9999 ,-9999,-9999 ,-9999
13-Sep-2018 03:00, 7.960,-9999 ,  25.4, 1010.1,-0.003,-0.033,  292,   5.8,   3.8
13-Sep-2018 04:00, 9.484,-9999 ,  25.1, 1009.4,-0.038,-0.072,  310,   6.0,   5.2
13-Sep-2018 05:00, 9.699,-9999 ,  26.0, 1009.0,-0.022,-0.058,  324,   8.3,   6.7
13-Sep-2018 06:00, 8.604,-9999 ,  25.3,-9999.0, 0.020,-9999 ,  333,  10.3,   8.4
13-Sep-2018 07:00, 6.937,-9999 ,  25.3,-9999.0,-0.013,-9999 ,  327,  11.6,   9.0
13-Sep-2018 08:00, 5.186,-9999 ,  25.1,-9999.0,-0.022,-9999 ,  327,  12.3,   9.0
13-Sep-2018 09:00, 3.401,-9999 ,  24.7,-9999.0,-0.021,-9999 ,  331,  13.1,  10.0
13-Sep-2018 10:00, 1.806,-9999 ,  24.4,-9999.0, 0.027,-9999 ,  338,  12.8,   9.6
13-Sep-2018 11:00, 0.900,-9999 ,  24.3,-9999.0,-0.006,-9999 ,  351,  12.8,  10.1
13-Sep-2018 12:00, 1.525,-9999 ,  24.2,-9999.0,-0.073,-9999 ,  346,  11.9,   7.6
13-Sep-2018 13:00, 3.308,-9999 ,  23.9,-9999.0,-0.098,-9999 ,    1,  10.3,   5.3
13-Sep-2018 14:00, 5.395,-9999 ,  23.7,-9999.0,-0.084,-9999 ,  352,   6.2,   2.3
13-Sep-2018 15:00, 7.548,-9999 ,  23.6,-9999.0,-0.014,-9999 ,    0,   2.6,   0.0
13-Sep-2018 16:00, 9.284,-9999 ,  23.6,-9999.0,-0.021,-9999 ,  312,   4.5,   3.2
13-Sep-2018 17:00, 9.869,-9999 ,  23.4,-9999.0,-0.047,-9999 ,  246,   4.2,   0.7
13-Sep-2018 18:00, 9.072,-9999 ,  23.3,-9999.0,-0.007,-9999 ,  298,   2.6,   1.3
13-Sep-2018 19:00, 7.513,-9999 ,  23.4, 1010.2,-0.015,-0.049,  277,   4.3,   3.2
13-Sep-2018 20:00, 5.783,-9999 ,  23.0, 1010.7,-0.035,-0.066,   38,   6.9,   4.1
13-Sep-2018 21:00, 3.942,-9999 ,  21.3, 1011.2,-0.059,-0.083,   34,   5.6,   3.3
13-Sep-2018 22:00, 2.205,-9999 ,  21.4, 1011.8,-0.023,-0.043,   19,   4.8,   3.3
13-Sep-2018 23:00, 0.999,-9999 ,  22.5, 1012.8,-0.002,-0.016,   77,   4.4,   0.4
14-Sep-2018 00:00, 1.164,-9999 ,  23.0, 1013.5,-0.040,-0.044,  179,   1.3,   0.2
14-Sep-2018 01:00, 2.696,-9999 ,  23.8, 1014.0,-0.053,-0.050,  159,   3.1,   0.6
14-Sep-2018 02:00, 4.648,-9999 ,  24.8, 1013.8,-0.060,-0.052,  346,   5.7,   4.3
14-Sep-2018 03:00, 6.671,-9999 ,  24.8, 1013.3,-0.015,-0.009,  307,   6.2,   4.8
14-Sep-2018 04:00, 8.423,-9999 ,  24.7, 1012.5,-0.032,-0.032,  303,   7.8,   6.2
14-Sep-2018 05:00, 9.331,-9999 ,  25.5, 1011.7,-0.048,-0.056,  325,   7.8,   4.8
14-Sep-2018 06:00, 8.882,-9999 ,  24.8, 1011.1,-0.033,-0.050,  304,   7.5,   6.3
14-Sep-2018 07:00, 7.484,-9999 ,  24.8, 1010.8,-0.065,-0.086,  301,   8.6,   5.9
14-Sep-2018 08:00, 5.904,-9999 ,  24.6, 1010.9,-0.084,-0.108,  285,   7.2,   5.5
14-Sep-2018 09:00, 4.282,-9999 ,  24.4, 1011.1,-0.096,-0.120,  288,   6.2,   4.9
14-Sep-2018 10:00, 2.733,-9999 ,  24.1, 1011.5,-0.087,-0.108,  288,   6.0,   4.1
14-Sep-2018 11:00, 1.568,-9999 ,  23.9, 1012.0,-0.065,-0.082,  293,   5.4,   4.8
14-Sep-2018 12:00, 1.503,-9999 ,  23.8, 1012.9,-0.060,-0.071,  283,   5.0,   2.6
14-Sep-2018 13:00, 2.784,-9999 ,  23.3, 1013.2,-0.052,-0.055,  346,   2.8,   2.1
14-Sep-2018 14:00, 4.573,-9999 ,  23.2, 1012.9,-0.081,-0.082,  331,   4.0,   3.0
14-Sep-2018 15:00, 6.453,-9999 ,  23.4, 1012.7,-0.058,-0.062,  329,   4.3,   3.4
14-Sep-2018 16:00, 8.194,-9999 ,  23.2, 1012.1,-0.045,-0.051,  336,   4.3,   3.2
14-Sep-2018 17:00, 9.305,-9999 ,  23.2, 1011.5,-0.056,-0.068,  315,   4.2,   2.5
14-Sep-2018 18:00, 9.190,-9999 ,  23.6, 1011.7,-0.054,-0.072,  234,   3.5,   2.9
14-Sep-2018 19:00, 7.971,-9999 ,  21.9, 1011.7,-0.088,-0.103,  168,   4.3,   2.8
14-Sep-2018 20:00, 6.466,-9999 ,  21.5, 1011.8,-0.076,-0.092,    0,   2.8,   0.0
14-Sep-2018 21:00, 4.875,-9999 ,  21.4, 1012.0,-0.071,-0.085,  181,   2.5,   2.0
14-Sep-2018 22:00, 3.270,-9999 ,  22.7, 1012.3,-0.061,-0.074,  176,   2.9,   2.1
14-Sep-2018 23:00, 1.936,-9999 ,  22.9, 1013.5,-0.023,-0.031,  189,   9.2,   6.4
15-Sep-2018 00:00, 1.440,-9999 ,  23.7, 1013.7,-0.030,-0.027,  205,   7.7,   4.9
15-Sep-2018 01:00, 2.300,-9999 ,  24.2, 1013.7,-0.033,-0.029,  206,   7.0,   3.8
15-Sep-2018 02:00, 3.877,-9999 ,  24.4, 1013.4,-0.060,-0.056,  229,   5.4,   2.7
15-Sep-2018 03:00, 5.562,-9999 ,  26.5, 1012.4,-0.072,-0.071,  249,   4.8,   3.9
15-Sep-2018 04:00, 7.175,-9999 ,  28.9, 1011.5,-0.071,-0.080,  293,   4.3,   2.8
15-Sep-2018 05:00, 8.388,-9999 ,  29.1, 1010.5,-0.076,-0.094,  308,   5.0,   4.7
15-Sep-2018 06:00, 8.673,-9999 ,  28.8, 1009.8,-0.035,-0.063,  307,   6.1,   5.2
15-Sep-2018 07:00, 7.840,-9999 ,  27.3, 1009.3,-0.007,-0.042,  302,   7.5,   6.6
15-Sep-2018 08:00, 6.536,-9999 ,  26.2, 1009.3, 0.020,-0.020,  299,   8.6,   7.4
15-Sep-2018 09:00, 5.150,-9999 ,  25.5, 1009.6, 0.023,-0.016,  305,  10.0,   8.0
15-Sep-2018 10:00, 3.750,-9999 ,  25.1, 1009.7,-0.022,-0.058,  302,   9.8,   7.5
15-Sep-2018 11:00, 2.563,-9999 ,  25.2, 1010.2,-0.062,-0.097,  300,   8.5,   7.2
15-Sep-2018 12:00, 2.013,-9999 ,  24.9, 1011.0,-0.087,-0.117,  342,   8.8,   3.4
15-Sep-2018 13:00, 2.630,-9999 ,  25.1, 1011.5,-0.085,-0.107,  324,   5.1,   4.0
15-Sep-2018 14:00, 4.071,-9999 ,  24.6, 1011.3,-0.069,-0.087,  341,   4.7,   1.9
15-Sep-2018 15:00, 5.694,-9999 ,  25.7, 1011.2,-0.013,-0.033,  314,   4.1,   2.3
15-Sep-2018 16:00, 7.231,-9999 ,  26.7, 1011.1, 0.034, 0.014,    0,   2.8,   0.0
15-Sep-2018 17:00, 8.367,-9999 ,  26.2, 1010.6,-0.022,-0.044,  152,   3.7,   2.5
15-Sep-2018 18:00, 8.735,-9999 ,  25.9, 1010.3,-0.092,-0.119,  146,   6.0,   4.8
15-Sep-2018 19:00, 8.097,-9999 ,  25.3, 1010.3,-0.125,-0.154,  147,   7.6,   5.4
15-Sep-2018 20:00, 6.871,-9999 ,  24.8, 1010.3,-0.134,-0.163,  148,   8.7,   6.5
15-Sep-2018 21:00, 5.530,-9999 ,  25.1, 1010.9,-0.123,-0.152,  139,   9.9,   7.6
15-Sep-2018 22:00, 4.165,-9999 ,  24.2, 1011.5,-0.117,-0.139,  130,   9.8,   6.6
15-Sep-2018 23:00, 2.955,-9999 ,  24.1, 1011.8,-0.093,-0.110,  134,  10.9,   8.3
16-Sep-2018 00:00, 2.166,-9999 ,  23.8, 1012.1,-0.108,-0.122,  117,  10.4,   6.2
16-Sep-2018 01:00, 2.374,-9999 ,  26.3, 1012.2,-0.099,-0.110,  134,  10.6,   7.9
16-Sep-2018 02:00, 3.525,-9999 ,  28.6, 1011.6,-0.044,-0.055,  120,   9.1,   7.8
16-Sep-2018 03:00, 4.901,-9999 ,  30.0, 1010.8,-0.017,-0.034,  122,   8.4,   6.4
16-Sep-2018 04:00, 6.225,-9999 ,  31.1, 1009.6,-0.005,-0.030,  129,   7.3,   4.8
16-Sep-2018 05:00, 7.370,-9999 ,  33.9, 1008.5, 0.017,-0.020,  132,   6.9,   5.9
16-Sep-2018 06:00, 8.028,-9999 ,  32.8, 1007.7, 0.060, 0.011,  141,   6.2,   2.8
16-Sep-2018 07:00, 7.769,-9999 ,  27.8, 1007.4, 0.044,-0.011,  258,   7.9,   6.7
16-Sep-2018 08:00, 6.794,-9999 ,  28.9, 1007.3,-0.003,-0.062,  261,  10.1,   8.4
16-Sep-2018 09:00, 5.654,-9999 ,  27.7, 1007.7,-0.014,-0.073,  263,  10.4,   8.0
16-Sep-2018 10:00, 4.523,-9999 ,  26.7, 1008.2,-0.024,-0.079,  262,   9.8,   6.0
16-Sep-2018 11:00, 3.528,-9999 ,  26.1, 1009.1,-0.056,-0.105,  352,   9.1,   4.0
16-Sep-2018 12:00, 2.915,-9999 ,  26.9, 1010.0,-0.057,-0.097,  351,   6.2,   4.7
16-Sep-2018 13:00, 3.055,-9999 ,  25.7, 1010.3,-0.014,-0.045,  353,   6.5,   5.4
16-Sep-2018 14:00, 3.988,-9999 ,  25.6, 1010.3, 0.018,-0.011,  330,   6.7,   4.9
16-Sep-2018 15:00, 5.200,-9999 ,  25.4, 1009.8, 0.025,-0.005,  309,   6.4,   4.4
16-Sep-2018 16:00, 6.369,-9999 ,  25.6, 1009.5, 0.014,-0.021,  279,   5.2,   3.5
16-Sep-2018 17:00, 7.377,-9999 ,  26.5, 1008.9, 0.009,-0.029,  239,   6.8,   5.3
16-Sep-2018 18:00, 8.007,-9999 ,  25.9, 1009.0, 0.024,-0.019,  228,   5.6,   3.7
16-Sep-2018 19:00, 7.914,-9999 ,  25.6, 1009.0, 0.002,-0.040,  195,   4.0,   3.5
16-Sep-2018 20:00, 7.132,-9999 ,  25.4, 1009.2,-0.034,-0.076,  170,   4.3,   3.7
16-Sep-2018 21:00, 6.110,-9999 ,  23.9, 1009.7,-0.022,-0.061,  173,   4.1,   2.4
16-Sep-2018 22:00, 5.037,-9999 ,  24.7, 1010.2,-0.001,-0.036,  141,   2.9,   2.2
16-Sep-2018 23:00, 4.028,-9999 ,  24.1, 1010.9,-0.001,-0.031,   90,   2.8,   1.4
17-Sep-2018 00:00, 3.266,-9999 ,  23.6, 1011.5,-0.023,-0.046,  100,   3.9,   3.0
17-Sep-2018 01:00, 3.059,-9999 ,  24.1, 1012.0,-0.031,-0.048,  146,   3.2,   1.0
17-Sep-2018 02:00, 3.616,-9999 ,  24.7, 1011.8,-0.004,-0.017,  204,   2.5,   2.2
17-Sep-2018 03:00, 4.545,-9999 ,  25.4, 1011.3, 0.013,-0.001,  243,   4.1,   3.1
17-Sep-2018 04:00, 5.474,-9999 ,  27.7, 1010.3,-0.009,-0.029,  275,   4.4,   3.7
17-Sep-2018 05:00, 6.349,-9999 ,  30.2, 1009.4,-0.005,-0.035,  301,   4.0,   3.2
17-Sep-2018 06:00, 7.018,-9999 ,  28.8, 1008.9, 0.035,-0.004,  305,   6.9,   4.2
17-Sep-2018 07:00, 7.187,-9999 ,  27.3, 1008.6, 0.037,-0.007,  288,   6.3,   4.8
17-Sep-2018 08:00, 6.731,-9999 ,  26.9, 1008.6,-0.010,-0.057,  306,   5.9,   4.6
17-Sep-2018 09:00, 5.955,-9999 ,  26.3, 1008.9,-0.038,-0.084,  301,   6.0,   4.5
17-Sep-2018 10:00, 5.119,-9999 ,  26.0, 1009.3,-0.045,-0.088,  308,   5.4,   4.3
17-Sep-2018 11:00, 4.368,-9999 ,  26.0, 1010.3,-0.045,-0.084,  342,   5.3,   3.8
17-Sep-2018 12:00, 3.869,-9999 ,  25.4, 1011.1,-0.032,-0.060,  357,   6.9,   5.4
17-Sep-2018 13:00, 3.758,-9999 ,  26.0, 1011.3,-0.008,-0.029,  350,   7.8,   6.4
17-Sep-2018 14:00, 4.150,-9999 ,  25.1, 1011.3,-0.020,-0.039,    1,   8.8,   5.9
17-Sep-2018 15:00, 4.906,-9999 ,  24.4, 1011.1,-0.021,-0.041,    4,   7.3,   5.7
17-Sep-2018 16:00, 5.742,-9999 ,  23.9, 1011.0, 0.007,-0.014,    6,   7.3,   5.0
17-Sep-2018 17:00, 6.492,-9999 ,  23.3, 1010.3, 0.015,-0.008,    4,   6.4,   3.9
17-Sep-2018 18:00, 7.065,-9999 ,  23.6, 1010.2, 0.050, 0.021,  336,   4.7,   3.3
17-Sep-2018 19:00, 7.301,-9999 ,  23.7, 1010.2, 0.094, 0.064,  324,   4.9,   3.5
17-Sep-2018 20:00, 6.999,-9999 ,  23.9, 1010.3, 0.049, 0.019,  310,   5.1,   3.4
17-Sep-2018 21:00, 6.333,-9999 ,  24.1, 1010.8,-0.015,-0.044,  298,   5.2,   4.3
17-Sep-2018 22:00, 5.583,-9999 ,  24.5, 1011.4,-0.026,-0.049,  274,   5.9,   4.9
17-Sep-2018 23:00, 4.862,-9999 ,  24.8, 1011.7,-0.005,-0.023,  270,   6.0,   3.2
18-Sep-2018 00:00, 4.283,-9999 ,  25.2, 1012.6, 0.005,-0.010,  284,   4.5,   2.7
18-Sep-2018 01:00, 3.953,-9999 ,  26.3, 1013.1,-0.013,-0.019,  308,   4.2,   2.7
18-Sep-2018 02:00, 4.036,-9999 ,  26.2, 1012.9,-0.025,-0.026,  323,   4.2,   2.0
18-Sep-2018 03:00, 4.464,-9999 ,  26.7, 1012.2,-0.023,-0.028,  308,   4.2,   2.8
18-Sep-2018 04:00, 4.984,-9999 ,  27.0, 1011.3,-0.024,-0.036,  343,   5.4,   4.2
18-Sep-2018 05:00, 5.532,-9999 ,  26.3, 1010.2,-0.014,-0.035,  337,   7.5,   6.5
18-Sep-2018 06:00, 6.047,-9999 ,  25.4, 1009.6, 0.036, 0.006,  310,   9.1,   7.5
18-Sep-2018 07:00, 6.396,-9999 ,  25.6, 1009.2, 0.097, 0.061,  308,   9.0,   6.7
18-Sep-2018 08:00, 6.406,-9999 ,  25.7, 1009.1, 0.098, 0.058,  314,   8.4,   7.1
18-Sep-2018 09:00, 6.063,-9999 ,  25.3, 1009.5, 0.037,-0.003,  316,   8.6,   5.8
18-Sep-2018 10:00, 5.574,-9999 ,  25.1, 1010.1,-0.014,-0.051,  317,   7.0,   4.9
18-Sep-2018 11:00, 5.078,-9999 ,  24.9, 1010.8,-0.048,-0.078,  311,   6.7,   4.8
18-Sep-2018 12:00, 4.707,-9999 ,  24.7, 1011.6,-0.066,-0.090,  315,   5.7,   3.9
18-Sep-2018 13:00, 4.572,-9999 ,  24.7, 1011.8,-0.032,-0.048,  339,   5.0,   4.4
18-Sep-2018 14:00, 4.703,-9999 ,  24.6, 1011.8, 0.021, 0.007,  311,   4.6,   3.4
18-Sep-2018 15:00, 5.007,-9999 ,  24.6, 1011.8, 0.020, 0.006,  282,   4.0,   2.3
18-Sep-2018 16:00, 5.375,-9999 ,  24.5, 1011.6, 0.011,-0.004,  243,   3.5,   2.9
18-Sep-2018 17:00, 5.776,-9999 ,  24.6, 1011.2, 0.021, 0.004,  298,   2.9,   1.6
18-Sep-2018 18:00, 6.133,-9999 ,  24.7, 1010.6, 0.037, 0.016,  252,   2.7,   2.4
18-Sep-2018 19:00, 6.364,-9999 ,  25.7, 1010.6, 0.046, 0.020,  204,   5.1,   4.1
18-Sep-2018 20:00, 6.387,-9999 ,  25.9, 1011.1, 0.006,-0.020,  151,   8.3,   6.7
18-Sep-2018 21:00, 6.174,-9999 ,  25.0, 1011.7,-0.067,-0.088,  146,  10.4,   8.5
18-Sep-2018 22:00, 5.800,-9999 ,  24.2, 1012.5,-0.139,-0.153,  142,  12.1,  10.6
18-Sep-2018 23:00, 5.416,-9999 ,  23.4, 1013.0,-0.140,-0.147,  138,  13.4,  10.0
19-Sep-2018 00:00, 5.077,-9999 ,  24.4, 1013.3,-0.111,-0.114,  135,  17.1,  13.1
19-Sep-2018 01:00, 4.786,-9999 ,  26.0, 1013.8,-0.127,-0.125,  133,  15.8,  10.9
19-Sep-2018 02:00, 4.647,-9999 ,  27.4, 1013.2,-0.124,-0.119,  134,  13.5,  10.1
19-Sep-2018 03:00, 4.630,-9999 ,  28.0, 1012.1,-0.145,-0.147,  132,  11.4,   7.0
19-Sep-2018 04:00, 4.726,-9999 ,  29.3, 1011.0,-0.113,-0.125,  115,  10.3,   6.8
19-Sep-2018 05:00, 4.942,-9999 ,  29.8, 1010.2,-0.022,-0.045,  120,   9.7,   6.0
19-Sep-2018 06:00, 5.199,-9999 ,  31.4, 1009.5, 0.043, 0.012,  134,   6.8,   5.6
19-Sep-2018 07:00, 5.442,-9999 ,  32.0, 1009.3, 0.069, 0.032,  141,   5.5,   4.0
19-Sep-2018 08:00, 5.628,-9999 ,  30.7, 1009.2, 0.040, 0.000,  193,   4.7,   4.1
19-Sep-2018 09:00, 5.709,-9999 ,  29.1, 1009.6,-0.013,-0.053,  231,   4.5,   3.7
19-Sep-2018 10:00, 5.663,-9999 ,  27.8, 1010.1,-0.070,-0.105,  231,   5.7,   4.5
19-Sep-2018 11:00, 5.557,-9999 ,  28.8, 1010.9,-0.102,-0.133,  164,   8.5,   7.2
19-Sep-2018 12:00, 5.477,-9999 ,  28.7, 1011.9,-0.085,-0.107,  176,  13.0,  10.9
19-Sep-2018 13:00, 5.369,-9999 ,  27.9, 1012.0,-0.097,-0.110,  164,  12.3,  10.3
19-Sep-2018 14:00, 5.294,-9999 ,  27.6, 1012.3,-0.088,-0.100,  167,  10.9,   8.9
19-Sep-2018 15:00, 5.242,-9999 ,  27.4, 1012.2,-0.092,-0.101,  169,  11.0,   9.1
19-Sep-2018 16:00, 5.177,-9999 ,  26.9, 1011.4,-0.106,-0.117,  167,  12.8,  10.5
19-Sep-2018 17:00, 5.129,-9999 ,  26.7, 1010.9,-0.133,-0.152,  163,  12.3,   9.7
19-Sep-2018 18:00, 5.202,-9999 ,  26.1,-9999.0,-0.102,-0.126,  159,  11.0,   7.5
19-Sep-2018 19:00, 5.392,-9999 ,  25.5, 1010.5,-0.011,-0.038,  161,   9.8,   6.5
19-Sep-2018 20:00, 5.556,-9999 ,  25.6, 1010.8,-0.030,-0.057,  147,   8.6,   7.5
19-Sep-2018 21:00, 5.716,-9999 ,  25.2, 1011.7,-0.089,-0.113,  138,   9.6,   8.6
19-Sep-2018 22:00, 5.855,-9999 ,  24.5, 1012.8,-0.105,-0.119,  157,   9.1,   6.9
19-Sep-2018 23:00, 5.915,-9999 ,  23.8, 1013.6,-0.097,-0.101,  148,  12.1,   9.8
20-Sep-2018 00:00, 5.864,-9999 ,  24.0, 1014.8,-0.113,-0.108,  149,  11.4,   9.9
20-Sep-2018 01:00, 5.674,-9999 ,  25.5, 1014.5,-0.175,-0.160,  138,  11.7,   9.4
20-Sep-2018 02:00, 5.462,-9999 ,  27.1, 1013.8,-0.161,-0.149,  145,  12.6,   9.7
20-Sep-2018 03:00, 5.211,-9999 ,  27.6, 1013.0,-0.123,-0.119,  153,  13.4,  10.8
20-Sep-2018 04:00, 4.872,-9999 ,  27.9, 1012.1,-0.117,-0.120,  150,  11.7,   8.4
20-Sep-2018 05:00, 4.528,-9999 ,  28.7, 1011.2,-0.141,-0.153,  146,  10.1,   9.0
20-Sep-2018 06:00, 4.343,-9999 ,  28.6, 1010.8,-0.147,-0.167,  161,   9.5,   6.7
20-Sep-2018 07:00, 4.426,-9999 ,  27.9, 1010.6,-0.071,-0.096,  173,   8.7,   7.4
20-Sep-2018 08:00, 4.714,-9999 ,  27.9, 1011.3,-0.015,-0.041,  173,  10.1,   7.4
20-Sep-2018 09:00, 5.125,-9999 ,  27.5, 1011.5,-0.002,-0.021,  143,   9.3,   7.3
20-Sep-2018 10:00, 5.518,-9999 ,  26.9, 1012.1,-0.035,-0.052,  129,   8.2,   6.8
20-Sep-2018 11:00, 5.877,-9999 ,  26.6, 1012.9,-0.035,-0.046,  127,   7.6,   5.9
20-Sep-2018 12:00, 6.088,-9999 ,  26.0, 1013.9,-0.096,-0.098,  128,   7.5,   5.3
20-Sep-2018 13:00, 6.085,-9999 ,  25.8, 1014.1,-0.209,-0.202,  131,   6.2,   5.4
20-Sep-2018 14:00, 5.959,-9999 ,  25.9, 1014.1,-0.220,-0.211,  130,   7.4,   6.4
20-Sep-2018 15:00, 5.713,-9999 ,  25.4, 1013.7,-0.179,-0.171,  121,   7.5,   6.4
20-Sep-2018 16:00, 5.317,-9999 ,  24.9, 1013.0,-0.173,-0.169,  104,   8.7,   7.1
20-Sep-2018 17:00, 4.880,-9999 ,  24.8, 1012.7,-0.175,-0.178,  102,   9.3,   8.0
20-Sep-2018 18:00, 4.611,-9999 ,  24.4, 1012.7,-0.112,-0.118,  113,  10.1,   8.0
20-Sep-2018 19:00, 4.544,-9999 ,  23.9, 1012.7,-0.023,-0.028,  111,   9.6,   7.0
20-Sep-2018 20:00, 4.694,-9999 ,  24.1, 1012.8,-0.004,-0.010,  120,   9.7,   7.5
20-Sep-2018 21:00, 5.094,-9999 ,  23.8, 1013.6,-0.016,-0.020,  127,   8.9,   8.0
20-Sep-2018 22:00, 5.604,-9999 ,  23.3, 1014.4,-0.045,-0.041,  131,   9.9,   8.2
20-Sep-2018 23:00, 6.064,-9999 ,  22.4, 1015.3,-0.087,-0.074,  140,   9.6,   7.5
21-Sep-2018 00:00, 6.419,-9999 ,  22.4, 1015.8,-0.116,-0.095,  134,   8.5,   5.9
21-Sep-2018 01:00, 6.574,-9999 ,  24.4, 1015.7,-0.129,-0.104,  127,   9.3,   6.7
21-Sep-2018 02:00, 6.397,-9999 ,  26.2, 1015.2,-0.135,-0.111,  114,   9.5,   7.0
21-Sep-2018 03:00, 5.922,-9999 ,  27.6, 1014.4,-0.152,-0.133,  120,   7.5,   5.2
21-Sep-2018 04:00, 5.291,-9999 ,  28.0, 1013.4,-0.135,-0.125,  147,   5.1,   2.5
21-Sep-2018 05:00, 4.643,-9999 ,  29.7, 1012.3,-0.060,-0.059,  164,   3.6,   1.6
21-Sep-2018 06:00, 4.058,-9999 ,  29.7, 1011.8,-0.046,-0.057,  249,   5.2,   3.5
21-Sep-2018 07:00, 3.714,-9999 ,  26.8, 1011.7,-0.055,-0.070,  255,   7.5,   6.0
21-Sep-2018 08:00, 3.812,-9999 ,  25.5, 1011.9,-0.037,-0.053,  247,   9.0,   6.6
21-Sep-2018 09:00, 4.319,-9999 ,  25.5, 1012.3,-0.029,-0.042,  244,   8.6,   5.9
21-Sep-2018 10:00, 5.062,-9999 ,  25.6, 1012.7,-0.012,-0.021,  243,   7.8,   6.7
21-Sep-2018 11:00, 5.836,-9999 ,  25.7, 1013.5,-0.002,-0.007,  236,   7.4,   5.5
21-Sep-2018 12:00, 6.470,-9999 ,  25.7, 1014.1,-0.054,-0.051,  227,   7.8,   6.5
21-Sep-2018 13:00, 6.888,-9999 ,  25.6, 1014.4,-0.100,-0.091,  221,   8.5,   7.2
21-Sep-2018 14:00, 6.933,-9999 ,  25.4, 1014.5,-0.074,-0.062,  222,   7.8,   4.6
21-Sep-2018 15:00, 6.489,-9999 ,  25.4, 1014.5,-0.105,-0.092,  224,   3.9,   1.4
21-Sep-2018 16:00, 5.781,-9999 ,  25.6, 1014.0,-0.152,-0.140,  246,   3.7,   2.1
21-Sep-2018 17:00, 5.032,-9999 ,  24.6, 1013.5,-0.121,-0.114,  226,   3.7,   2.0
21-Sep-2018 18:00, 4.360,-9999 ,  24.4, 1013.1,-0.075,-0.074,  145,   2.6,   1.1
21-Sep-2018 19:00, 3.899,-9999 ,  24.2, 1013.3,-0.020,-0.021,  238,   4.3,   2.3
21-Sep-2018 20:00, 3.846,-9999 ,  24.0, 1013.4, 0.026, 0.027,  218,   3.2,   2.3
21-Sep-2018 21:00, 4.326,-9999 ,  24.4, 1013.9, 0.065, 0.067,  180,   2.9,   2.4
21-Sep-2018 22:00, 5.119,-9999 ,  24.9, 1014.3, 0.069, 0.076,  138,   5.3,   4.0
21-Sep-2018 23:00, 5.979,-9999 ,  25.1, 1015.3, 0.037, 0.048,  115,   5.8,   4.7
22-Sep-2018 00:00, 6.742,-9999 ,  24.5, 1015.8,-0.016, 0.005,  105,   6.1,   5.1
22-Sep-2018 01:00, 7.200,-9999 ,  25.9, 1016.2,-0.141,-0.115,  108,   6.8,   5.6
22-Sep-2018 02:00, 7.239,-9999 ,  27.0, 1016.1,-0.179,-0.150,  104,   8.7,   6.9
22-Sep-2018 03:00, 6.810,-9999 ,  27.5, 1015.4,-0.112,-0.084,  100,  10.1,   7.6
22-Sep-2018 04:00, 5.984,-9999 ,  28.3, 1014.4,-0.090,-0.070,  100,   9.0,   7.8
22-Sep-2018 05:00, 4.973,-9999 ,  29.3, 1013.4,-0.078,-0.067,  124,   8.1,   5.7
22-Sep-2018 06:00, 4.008,-9999 ,  30.0, 1012.7,-0.055,-0.054,  149,   5.8,   3.6
22-Sep-2018 07:00, 3.291,-9999 ,  31.1, 1012.5,-0.024,-0.030,  191,   3.8,   1.7
22-Sep-2018 08:00, 3.011,-9999 ,  29.8, 1012.7,-0.045,-0.052,  299,   3.7,   3.1
22-Sep-2018 09:00, 3.394,-9999 ,  29.5, 1013.0,-0.089,-0.094,  309,   4.6,   4.0
22-Sep-2018 10:00, 4.320,-9999 ,  28.5, 1013.5,-0.062,-0.064,  321,   4.7,   4.1
22-Sep-2018 11:00, 5.424,-9999 ,  26.1, 1014.3,-0.036,-0.032,    1,   5.1,   4.3
22-Sep-2018 12:00, 6.488,-9999 ,  25.8, 1015.1,-0.041,-0.029,  359,   6.0,   4.6
22-Sep-2018 13:00, 7.328,-9999 ,  25.4, 1015.4,-0.083,-0.064,  355,   6.7,   5.7
22-Sep-2018 14:00, 7.681,-9999 ,  25.0, 1015.3,-0.084,-0.063,  353,   5.9,   5.2
22-Sep-2018 15:00, 7.325,-9999 ,  24.9, 1015.0,-0.069,-0.049,  338,   5.5,   3.4
22-Sep-2018 16:00, 6.459,-9999 ,  24.7, 1014.6,-0.097,-0.080,  291,   4.0,   1.4
22-Sep-2018 17:00, 5.412,-9999 ,  24.6, 1014.5,-0.107,-0.094,  239,   3.8,   3.1
22-Sep-2018 18:00, 4.364,-9999 ,  24.3, 1014.1,-0.103,-0.091,  223,   3.5,   2.9
22-Sep-2018 19:00, 3.516,-9999 ,  23.8, 1013.8,-0.056,-0.048,  212,   3.6,   3.0
22-Sep-2018 20:00, 3.069,-9999 ,  24.3, 1013.8,-0.008,-0.003,  207,   5.0,   4.0
22-Sep-2018 21:00, 3.313,-9999 ,  23.6, 1014.6,-0.027,-0.021,  165,   6.3,   4.2
22-Sep-2018 22:00, 4.241,-9999 ,  23.9, 1014.8,-0.004, 0.009,  183,   4.8,   3.8
22-Sep-2018 23:00, 5.427,-9999 ,  24.1, 1015.3, 0.007, 0.024,  196,   5.0,   4.3
23-Sep-2018 00:00, 6.590,-9999 ,  24.2, 1015.4,-0.027,-0.006,  194,   5.4,   2.4
23-Sep-2018 01:00, 7.540,-9999 ,  24.8, 1015.4,-0.093,-0.071,  165,   3.2,   1.6
23-Sep-2018 02:00, 8.032,-9999 ,-9999 , 1014.9,-0.101,-0.080,  197,   1.5,   0.0
23-Sep-2018 03:00, 7.743,-9999 ,  28.7, 1014.3,-0.066,-0.050,  257,   3.8,   2.9
23-Sep-2018 04:00, 6.787,-9999 ,  28.3, 1013.3,-0.074,-0.065,  255,   4.4,   3.9
23-Sep-2018 05:00, 5.579,-9999 ,  29.1, 1012.4,-0.061,-0.061,  262,   6.7,   5.6
23-Sep-2018 06:00, 4.333,-9999 ,  29.5, 1011.6,-0.023,-0.032,  262,   7.3,   5.7
23-Sep-2018 07:00, 3.199,-9999 ,  29.2, 1011.1,-0.028,-0.045,  262,   8.5,   6.5
23-Sep-2018 08:00, 2.449,-9999 ,  29.1, 1011.0,-0.055,-0.077,  279,   9.8,   6.7
23-Sep-2018 09:00, 2.531,-9999 ,  27.7, 1011.3,-0.087,-0.109,  261,   9.4,   7.1
23-Sep-2018 10:00, 3.509,-9999 ,  26.4, 1012.0,-0.043,-0.061,  248,   9.1,   6.0
23-Sep-2018 11:00, 4.832,-9999 ,  26.8, 1012.7,-0.014,-0.026,  241,   8.2,   6.8
23-Sep-2018 12:00, 6.181,-9999 ,  27.3, 1014.0,-0.044,-0.048,  354,   8.2,   2.8
23-Sep-2018 13:00, 7.395,-9999 ,  25.6, 1014.5,-0.099,-0.091,  356,   6.1,   5.1
23-Sep-2018 14:00, 8.193,-9999 ,  25.0, 1014.5,-0.106,-0.093,  342,   5.6,   2.4
23-Sep-2018 15:00, 8.126,-9999 ,  25.0, 1014.2,-0.082,-0.069,  327,   4.4,   2.9
23-Sep-2018 16:00, 7.242,-9999 ,  25.9, 1013.7,-0.078,-0.069,  313,   4.9,   3.8
23-Sep-2018 17:00, 6.064,-9999 ,  25.5, 1013.2,-0.033,-0.029,  284,   4.5,   2.9
23-Sep-2018 18:00, 4.786,-9999 ,  25.4, 1012.8,-0.004,-0.005,  245,   3.6,   3.0
23-Sep-2018 19:00, 3.546,-9999 ,  25.7, 1012.5,-0.025,-0.030,  244,   3.1,   1.9
23-Sep-2018 20:00, 2.592,-9999 ,  25.4, 1012.6,-0.042,-0.050,  238,   3.1,   2.6
23-Sep-2018 21:00, 2.375,-9999 ,  24.6, 1013.2,-0.094,-0.100,  194,   2.8,   1.2
23-Sep-2018 22:00, 3.216,-9999 ,  22.3, 1013.5,-0.085,-0.085,   98,   3.7,   2.9
23-Sep-2018 23:00, 4.607,-9999 ,  23.4, 1013.9,-0.048,-0.045,  101,   3.4,   2.6
24-Sep-2018 00:00, 6.112,-9999 ,  24.6, 1014.2,-0.030,-0.023,  112,   5.0,   3.7
24-Sep-2018 01:00, 7.509,-9999 ,  26.3, 1014.2,-0.032,-0.023,  116,   6.9,   4.7
24-Sep-2018 02:00, 8.474,-9999 ,  31.1, 1013.7,-0.045,-0.036,  108,   9.4,   8.3
24-Sep-2018 03:00, 8.556,-9999 ,  32.2, 1013.0,-0.044,-0.040,  115,   9.5,   7.3
24-Sep-2018 04:00, 7.662,-9999 ,  33.9, 1011.7,-0.063,-0.067,  128,   8.6,   6.1
24-Sep-2018 05:00, 6.340,-9999 ,  34.6, 1010.7,-0.047,-0.063,  135,   6.9,   4.6
24-Sep-2018 06:00, 4.895,-9999 ,  34.3, 1009.9,-0.014,-0.041,  130,   5.3,   3.5
24-Sep-2018 07:00, 3.464,-9999 ,  35.1, 1009.3,-0.026,-0.060,  127,   6.6,   4.3
24-Sep-2018 08:00, 2.289,-9999 ,  35.9, 1009.2,-0.047,-0.087,  118,   6.1,   3.4
24-Sep-2018 09:00, 1.818,-9999 ,  28.6, 1009.5,-0.102,-0.142,  183,   7.5,   6.5
24-Sep-2018 10:00, 2.540,-9999 ,  27.0, 1010.1,-0.106,-0.143,  224,   7.4,   5.4
24-Sep-2018 11:00, 3.982,-9999 ,  27.9, 1011.2,-0.087,-0.117,  332,   8.6,   4.2
24-Sep-2018 12:00, 5.605,-9999 ,  26.8, 1012.1,-0.073,-0.092,  312,   5.4,   3.5
24-Sep-2018 13:00, 7.202,-9999 ,  27.5,-9999.0,-0.060,-0.070,  283,   6.1,   4.1
24-Sep-2018 14:00, 8.464,-9999 ,  27.2, 1012.8,-0.041,-0.046,  274,   5.4,   3.9
24-Sep-2018 15:00, 8.889,-9999 ,  26.5, 1012.4, 0.011, 0.007,  292,   5.2,   3.2
24-Sep-2018 16:00, 8.166,-9999 ,  26.0, 1011.7, 0.009, 0.000,  267,   4.7,   2.7
24-Sep-2018 17:00, 6.823,-9999 ,  25.8, 1011.5,-0.010,-0.025,  238,   5.5,   3.5
24-Sep-2018 18:00, 5.371,-9999 ,  25.7, 1010.9, 0.020, 0.002,  244,   4.8,   2.4
24-Sep-2018 19:00, 3.884,-9999 ,  25.7, 1010.6, 0.005,-0.019,  248,   4.4,   3.4
24-Sep-2018 20:00, 2.544,-9999 ,  25.7, 1010.8,-0.034,-0.061,  244,   3.7,   2.5
24-Sep-2018 21:00, 1.744,-9999 ,  25.5, 1011.1,-0.109,-0.134,  230,   3.9,   2.9
24-Sep-2018 22:00, 2.187,-9999 ,  25.1, 1011.5,-0.128,-0.149,  184,   3.5,   1.7
24-Sep-2018 23:00, 3.642,-9999 ,  24.9, 1011.9,-0.075,-0.092,  178,   2.2,   1.3
25-Sep-2018 00:00, 5.350,-9999 ,  25.8, 1012.5,-0.055,-0.068,  123,   2.6,   0.7
25-Sep-2018 01:00, 7.094,-9999 ,  25.4, 1012.6,-0.008,-0.016,  158,   2.5,   1.3
25-Sep-2018 02:00, 8.528,-9999 ,  27.7, 1012.3, 0.014, 0.007,  135,   3.5,   2.7
25-Sep-2018 03:00, 9.125,-9999 ,  30.9, 1011.3, 0.004,-0.006,  111,   3.8,   1.7
25-Sep-2018 04:00, 8.540,-9999 ,  34.9, 1010.2,-0.018,-0.039,  106,   3.8,   2.0
25-Sep-2018 05:00, 7.195,-9999 ,  34.3, 1009.3,-0.018,-0.050,    0,   3.5,   0.0
25-Sep-2018 06:00, 5.643,-9999 ,  29.6, 1008.5, 0.007,-0.033,  259,   6.2,   4.8
25-Sep-2018 07:00, 4.027,-9999 ,  29.5, 1008.0, 0.002,-0.046,  265,   9.3,   6.5
25-Sep-2018 08:00, 2.549,-9999 ,  28.2, 1008.1,-0.012,-0.065,  268,   9.2,   6.5
25-Sep-2018 09:00, 1.531,-9999 ,  27.8, 1008.1,-0.063,-0.114,  266,   9.3,   6.0
25-Sep-2018 10:00, 1.687,-9999 ,  27.1, 1008.7,-0.118,-0.169,  259,   7.6,   5.4
25-Sep-2018 11:00, 3.078,-9999 ,  28.1, 1009.8,-0.097,-0.141,  336,   6.5,   4.5
25-Sep-2018 12:00, 4.885,-9999 ,  25.8, 1010.7,-0.063,-0.096,  317,   5.9,   3.3
25-Sep-2018 13:00, 6.743,-9999 ,  25.8, 1011.0,-0.022,-0.047,  309,   5.6,   3.7
25-Sep-2018 14:00, 8.374,-9999 ,  25.7, 1011.0,-0.003,-0.025,  323,   5.2,   3.0
25-Sep-2018 15:00, 9.273,-9999 ,  25.6, 1010.9, 0.010,-0.012,  315,   4.2,   2.9
25-Sep-2018 16:00, 8.934,-9999 ,  25.9, 1010.3,-0.004,-0.028,  297,   4.4,   3.4
25-Sep-2018 17:00, 7.639,-9999 ,  26.0, 1009.4,-0.017,-0.047,  286,   4.8,   4.1
25-Sep-2018 18:00, 6.093,-9999 ,  25.4, 1009.2, 0.018,-0.020,  308,   4.9,   1.4
25-Sep-2018 19:00, 4.455,-9999 ,  25.3, 1009.0, 0.014,-0.026,  151,   3.5,   1.3
25-Sep-2018 20:00, 2.861,-9999 ,-9999 , 1009.5,-0.015,-0.057,  112,   9.1,   5.8
25-Sep-2018 21:00, 1.610,-9999 ,  22.0, 1009.7,-0.053,-0.090,   91,   5.3,   1.5
25-Sep-2018 22:00, 1.443,-9999 ,-9999 , 1010.3,-0.058,-0.092,   56,   3.8,   1.3
25-Sep-2018 23:00, 2.678,-9999 ,-9999 , 1010.9,-0.012,-0.041,  132,   1.7,   1.4
26-Sep-2018 00:00, 4.458,-9999 ,-9999 , 1011.5,-0.033,-0.056,  120,   2.2,   1.9
26-Sep-2018 01:00, 6.364,-9999 ,-9999 , 1011.6,-0.016,-0.033,  141,   2.4,   1.8
26-Sep-2018 02:00, 8.141,-9999 ,-9999 , 1011.0, 0.009,-0.008,  129,   3.6,   2.5
26-Sep-2018 03:00, 9.274,-9999 ,-9999 , 1010.2, 0.010,-0.013,  123,   5.2,   3.6
26-Sep-2018 04:00, 9.193,-9999 ,-9999 , 1009.1,-0.018,-0.049,  134,   5.1,   2.6
26-Sep-2018 05:00, 7.996,-9999 ,-9999 , 1008.3,-0.041,-0.083,  329,   9.6,   7.8
26-Sep-2018 06:00, 6.422,-9999 ,-9999 , 1008.2,-0.009,-0.059,  330,  10.0,   7.2
26-Sep-2018 07:00, 4.749,-9999 ,-9999 , 1007.9, 0.007,-0.044,  335,  12.2,   9.4
26-Sep-2018 08:00, 3.085,-9999 ,-9999 , 1007.8, 0.001,-0.052,  335,  13.4,  10.5
26-Sep-2018 09:00, 1.711,-9999 ,-9999 , 1008.1,-0.006,-0.060,  345,  13.2,   9.9
26-Sep-2018 10:00, 1.225,-9999 ,-9999 , 1008.8,-0.042,-0.093,  349,  12.3,   9.2
26-Sep-2018 11:00, 2.236,-9999 ,-9999 , 1009.7,-0.033,-0.076,  355,  11.4,   9.4
26-Sep-2018 12:00, 4.055,-9999 ,-9999 , 1010.1,-0.047,-0.082,  347,  10.8,   8.6
26-Sep-2018 13:00, 6.038,-9999 ,-9999 , 1011.1,-0.027,-0.057,  318,  10.1,   5.0
26-Sep-2018 14:00, 7.954,-9999 ,-9999 , 1011.6, 0.011,-0.010,  255,   6.7,   1.4
26-Sep-2018 15:00, 9.317,-9999 ,-9999 , 1011.0, 0.018, 0.001,  328,   6.0,   3.9
26-Sep-2018 16:00, 9.488,-9999 ,-9999 , 1010.2,-0.024,-0.047,  295,   4.9,   4.1
26-Sep-2018 17:00, 8.427,-9999 ,-9999 , 1009.5,-0.049,-0.080,  290,   6.4,   4.0
26-Sep-2018 18:00, 6.859,-9999 ,-9999 , 1009.3,-0.008,-0.046,  265,   5.5,   2.6
26-Sep-2018 19:00, 5.169,-9999 ,-9999 , 1009.0, 0.001,-0.039,  316,   4.5,   2.6
26-Sep-2018 20:00, 3.437,-9999 ,-9999 , 1008.9,-0.011,-0.053,  285,   4.5,   3.7
26-Sep-2018 21:00, 1.906,-9999 ,-9999 , 1009.8,-0.002,-0.044,  291,   5.1,   0.8
26-Sep-2018 22:00, 1.082,-9999 ,-9999 , 1010.7,-0.016,-0.050,   19,   5.2,   3.8
26-Sep-2018 23:00, 1.774,-9999 ,-9999 , 1011.7, 0.029, 0.005,   30,   5.5,   3.3
27-Sep-2018 00:00, 3.504,-9999 ,-9999 , 1012.4, 0.010,-0.004,   51,   4.4,   3.2
27-Sep-2018 01:00, 5.441,-9999 ,-9999 , 1012.7,-0.034,-0.042,  103,   4.0,   2.7
27-Sep-2018 02:00, 7.408,-9999 ,-9999 , 1012.3,-0.018,-0.024,  338,   4.8,   3.8
27-Sep-2018 03:00, 8.997,-9999 ,-9999 , 1011.7, 0.000,-0.010,  333,   7.2,   5.9
27-Sep-2018 04:00, 9.523,-9999 ,-9999 , 1011.0,-0.018,-0.034,  337,   8.2,   6.7
27-Sep-2018 05:00, 8.700,-9999 ,-9999 , 1010.0,-0.060,-0.084,  336,   9.6,   8.3
27-Sep-2018 06:00, 7.172,-9999 ,-9999 , 1009.1,-0.042,-0.075,  314,   9.3,   7.9
27-Sep-2018 07:00, 5.489,-9999 ,-9999 , 1008.6,-0.036,-0.077,  329,  10.4,   7.9
27-Sep-2018 08:00, 3.748,-9999 ,-9999 , 1008.5,-0.050,-0.097,  327,   9.8,   8.3
27-Sep-2018 09:00, 2.176,-9999 ,-9999 , 1008.9,-0.030,-0.077,  331,  10.4,   8.9
27-Sep-2018 10:00, 1.171,-9999 ,-9999 , 1009.5,-0.034,-0.077,  336,  10.3,   8.7
27-Sep-2018 11:00, 1.567,-9999 ,-9999 , 1010.3, 0.007,-0.029,  338,  11.6,   9.1
27-Sep-2018 12:00, 3.210,-9999 ,-9999 , 1011.0,-0.014,-0.043,  351,  11.8,   8.4
27-Sep-2018 13:00, 5.200,-9999 ,-9999 , 1012.1,-0.053,-0.073,  332,  10.5,   5.3
27-Sep-2018 14:00, 7.249,-9999 ,-9999 , 1011.6,-0.008,-0.020,  333,   9.2,   7.4
27-Sep-2018 15:00, 8.981,-9999 ,-9999 , 1011.6, 0.010,-0.006,  299,   8.3,   4.1
27-Sep-2018 16:00, 9.741,-9999 ,-9999 , 1010.9,-0.011,-0.028,  315,   7.2,   6.0
27-Sep-2018 17:00, 9.121,-9999 ,-9999 , 1010.3,-0.050,-0.074,  291,   8.0,   5.0
27-Sep-2018 18:00, 7.625,-9999 ,-9999 , 1009.9,-0.032,-0.061,  289,   6.5,   4.3
27-Sep-2018 19:00, 5.943,-9999 ,-9999 , 1009.5,-0.004,-0.038,  269,   5.7,   3.7
27-Sep-2018 20:00, 4.171,-9999 ,-9999 , 1009.8,-0.025,-0.062,  274,   4.4,   2.9
27-Sep-2018 21:00, 2.485,-9999 ,-9999 , 1010.6,-0.001,-0.034,  251,   3.2,   1.7
27-Sep-2018 22:00, 1.223,-9999 ,-9999 , 1011.3, 0.008,-0.017,  268,   3.3,   2.8
27-Sep-2018 23:00, 1.199,-9999 ,-9999 , 1011.9, 0.060, 0.041,  174,   4.3,   2.1
28-Sep-2018 00:00, 2.587,-9999 ,-9999 , 1012.6, 0.048, 0.036,   37,   6.6,   2.9
28-Sep-2018 01:00, 4.479,-9999 ,-9999 , 1012.7,-0.039,-0.045,  234,   4.2,   1.0
28-Sep-2018 02:00, 6.474,-9999 ,  26.5, 1012.5,-0.030,-0.036,  328,   6.1,   4.4
28-Sep-2018 03:00, 8.311,-9999 ,  26.6, 1012.2,-0.025,-0.033,  338,   7.4,   5.2
28-Sep-2018 04:00, 9.409,-9999 ,  27.0, 1011.2,-0.030,-0.042,  334,   7.3,   5.5
28-Sep-2018 05:00, 9.163,-9999 ,  27.2, 1010.5,-0.073,-0.094,  313,   8.4,   6.2
28-Sep-2018 06:00, 7.852,-9999 ,  26.7, 1009.7,-0.073,-0.101,  312,   9.1,   7.6
28-Sep-2018 07:00, 6.257,-9999 ,  26.5, 1009.3,-0.020,-0.055,  309,   9.8,   7.8
28-Sep-2018 08:00, 4.563,-9999 ,  26.8, 1008.7,-0.033,-0.073,  301,  10.3,   8.2
28-Sep-2018 09:00, 2.895,-9999 ,  26.8, 1009.0,-0.031,-0.076,  289,   9.9,   7.0
28-Sep-2018 10:00, 1.550,-9999 ,  26.4, 1009.8,-0.056,-0.097,  277,   8.6,   6.0
28-Sep-2018 11:00, 1.233,-9999 ,  26.1, 1010.6,-0.050,-0.084,  277,   6.8,   5.3
28-Sep-2018 12:00, 2.448,-9999 ,  25.9, 1011.3,-0.010,-0.036,  282,   7.0,   5.9
28-Sep-2018 13:00, 4.361,-9999 ,  25.8, 1011.8,-0.070,-0.089,  287,   6.3,   4.5
28-Sep-2018 14:00, 6.412,-9999 ,  25.7, 1011.8,-0.019,-0.034,  282,   5.4,   4.3
28-Sep-2018 15:00, 8.329,-9999 ,  25.9, 1011.6, 0.025, 0.010,  269,   6.5,   4.1
28-Sep-2018 16:00, 9.551,-9999 ,  25.7, 1011.0,-0.020,-0.037,  265,   6.0,   4.1
28-Sep-2018 17:00, 9.525,-9999 ,  25.2, 1010.8,-0.059,-0.081,  297,   6.5,   3.7
28-Sep-2018 18:00, 8.320,-9999 ,  25.4, 1010.3,-0.047,-0.072,  288,   6.2,   4.8
28-Sep-2018 19:00, 6.698,-9999 ,  25.3, 1010.0, 0.004,-0.026,  270,   6.4,   5.1
28-Sep-2018 20:00, 4.987,-9999 ,  25.3, 1010.3,-0.017,-0.049,  264,   7.0,   4.4
28-Sep-2018 21:00, 3.246,-9999 ,  24.6, 1011.0,-0.028,-0.057,  292,   6.5,   2.8
28-Sep-2018 22:00, 1.745,-9999 ,  25.2, 1011.3,-0.022,-0.044,  321,   3.9,   3.4
28-Sep-2018 23:00, 1.072,-9999 ,  25.4, 1012.0,-0.002,-0.021,  330,   4.1,   3.3
29-Sep-2018 00:00, 1.892,-9999 ,  26.4, 1012.6, 0.061, 0.049,  337,   4.1,   3.1
29-Sep-2018 01:00, 3.611,-9999 ,  27.8, 1012.7,-0.017,-0.023,  302,   4.1,   0.6
29-Sep-2018 02:00, 5.529,-9999 ,  27.1, 1012.3,-0.013,-0.019,  326,   4.4,   1.9
29-Sep-2018 03:00, 7.419,-9999 ,  26.4, 1011.7, 0.031, 0.021,  293,   5.9,   4.6
29-Sep-2018 04:00, 8.870,-9999 ,  26.4, 1010.8, 0.002,-0.014,  305,   6.2,   5.1
29-Sep-2018 05:00, 9.270,-9999 ,  26.5, 1010.2,-0.034,-0.059,  303,   7.0,   6.0
29-Sep-2018 06:00, 8.396,-9999 ,  26.4, 1009.5,-0.059,-0.090,  299,   7.4,   5.9
29-Sep-2018 07:00, 6.932,-9999 ,  26.3,-9999.0,-0.009,-0.047,  287,   8.8,   7.5
29-Sep-2018 08:00, 5.356,-9999 ,  26.3, 1009.0,-0.008,-0.051,  282,   8.9,   7.8
29-Sep-2018 09:00, 3.736,-9999 ,  26.2, 1009.5,-0.027,-0.069,  289,   9.7,   8.0
29-Sep-2018 10:00, 2.300,-9999 ,  26.0, 1009.9,-0.020,-0.057,  296,   9.9,   8.0
29-Sep-2018 11:00, 1.477,-9999 ,  25.9, 1010.9,-0.053,-0.086,  303,   9.7,   7.6
29-Sep-2018 12:00, 2.037,-9999 ,  25.7, 1011.8, 0.014,-0.008,  318,   9.7,   6.3
29-Sep-2018 13:00, 3.699,-9999 ,  25.5, 1012.2,-0.001,-0.015,  310,   7.5,   6.1
29-Sep-2018 14:00, 5.627,-9999 ,  25.4, 1012.2, 0.009,-0.001,  304,   7.9,   5.2
29-Sep-2018 15:00, 7.515,-9999 ,  25.3, 1011.7, 0.085, 0.076,  296,   7.5,   6.2
29-Sep-2018 16:00, 9.030,-9999 ,  25.2, 1011.5, 0.072, 0.054,  273,   8.1,   5.9
29-Sep-2018 17:00, 9.626,-9999 ,-9999 ,-9999.0, 0.046,-9999 ,-9999,   7.0,-9999
29-Sep-2018 18:00, 8.925,-9999 ,-9999 ,-9999.0, 0.048,-9999 ,-9999,-9999 ,-9999
29-Sep-2018 19:00, 7.411,-9999 ,-9999 ,-9999.0, 0.067,-9999 ,-9999,-9999 ,-9999
29-Sep-2018 20:00, 5.803,-9999 ,-9999 ,-9999.0, 0.078,-9999 ,-9999,-9999 ,-9999
29-Sep-2018 21:00, 4.192,-9999 ,-9999 ,-9999.0, 0.078,-9999 ,-9999,-9999 ,-9999
29-Sep-2018 22:00, 2.634,-9999 ,-9999 ,-9999.0, 0.062,-9999 ,-9999,-9999 ,-9999
29-Sep-2018 23:00, 1.574,-9999 ,-9999 ,-9999.0, 0.050,-9999 ,-9999,-9999 ,-9999
30-Sep-2018 00:00, 1.628,-9999 ,-9999 ,-9999.0, 0.057,-9999 ,-9999,-9999 ,-9999
30-Sep-2018 01:00, 2.961,-9999 ,-9999 ,-9999.0, 0.053,-9999 ,-9999,-9999 ,-9999
30-Sep-2018 02:00, 4.720,-9999 ,-9999 ,-9999.0, 0.025,-9999 ,-9999,-9999 ,-9999
30-Sep-2018 03:00, 6.400,-9999 ,  25.8, 1012.2, 0.029, 0.021,  236,   4.5,   3.9
30-Sep-2018 04:00, 7.945,-9999 ,  26.1, 1011.9, 0.029, 0.018,  250,   5.1,   3.6
30-Sep-2018 05:00, 8.844,-9999 ,  26.2, 1011.6,-0.010,-0.022,  273,   6.5,   4.9
30-Sep-2018 06:00, 8.555,-9999 ,  26.3, 1011.0,-0.081,-0.099,  286,   8.0,   6.5
30-Sep-2018 07:00, 7.344,-9999 ,  26.2, 1010.9,-0.107,-0.129,  281,   8.6,   7.1
30-Sep-2018 08:00, 5.952,-9999 ,  26.0, 1010.9,-0.062,-0.086,  285,   8.3,   6.3
30-Sep-2018 09:00, 4.505,-9999 ,  26.3, 1011.4,-0.089,-0.112,  286,   7.5,   4.9
30-Sep-2018 10:00, 3.117,-9999 ,  25.9, 1012.0,-0.087,-0.105,  291,   5.8,   3.9
30-Sep-2018 11:00, 2.111,-9999 ,  25.7, 1012.6,-0.083,-0.094,  288,   6.3,   5.0
30-Sep-2018 12:00, 2.074,-9999 ,  25.7, 1013.4,-0.010,-0.016,  281,   7.6,   5.7
30-Sep-2018 13:00, 3.232,-9999 ,  25.6, 1014.0, 0.036, 0.039,  270,   7.0,   4.9
30-Sep-2018 14:00, 4.878,-9999 ,  25.3, 1013.8,-0.039,-0.032,  253,   9.4,   7.5
30-Sep-2018 15:00, 6.559,-9999 ,  25.0, 1013.4, 0.003, 0.008,  246,   8.5,   6.1
30-Sep-2018 16:00, 8.065,-9999 ,  25.6, 1012.6, 0.024, 0.024,  247,   7.0,   5.1
30-Sep-2018 17:00, 8.998,-9999 ,-9999 , 1012.1,-0.034,-0.041,  231,   6.6,   5.9
30-Sep-2018 18:00, 8.875,-9999 ,-9999 , 1011.7,-0.097,-0.109,  232,   7.3,   5.2
30-Sep-2018 19:00, 7.786,-9999 ,  25.3, 1011.7,-0.082,-0.097,  213,   6.3,   3.1
30-Sep-2018 20:00, 6.383,-9999 ,  25.4, 1011.7,-0.017,-0.033,  215,   4.4,   2.9
30-Sep-2018 21:00, 4.916,-9999 ,  25.0, 1012.4,-0.062,-0.077,  189,   3.5,   1.6
30-Sep-2018 22:00, 3.484,-9999 ,  25.3, 1012.9,-0.083,-0.091,  178,   2.1,   1.3
30-Sep-2018 23:00, 2.353,-9999 ,  24.7, 1013.2,-0.042,-0.046,  102,   2.2,   1.0
01-Oct-2018 00:00, 1.956,-9999 ,  25.4, 1013.8, 0.013, 0.013,  157,   3.1,   2.4
01-Oct-2018 01:00, 2.709,-9999 ,  26.1, 1013.8, 0.100, 0.105,  200,   3.3,   2.3
01-Oct-2018 02:00, 4.067,-9999 ,  25.8, 1013.2, 0.018, 0.023,  241,   4.3,   3.6
01-Oct-2018 03:00, 5.493,-9999 ,  27.0, 1012.8,-0.004,-0.005,  259,   5.2,   3.3
01-Oct-2018 04:00, 6.856,-9999 ,  26.9, 1012.0, 0.018, 0.013,  284,   5.9,   5.2
01-Oct-2018 05:00, 7.925,-9999 ,  26.8, 1011.3,-0.015,-0.028,  293,   7.8,   6.5
01-Oct-2018 06:00, 8.261,-9999 ,  26.7, 1010.5,-0.047,-0.067,  287,   8.9,   7.9
01-Oct-2018 07:00, 7.600,-9999 ,  26.6, 1009.9,-0.086,-0.114,  279,   9.5,   7.6
01-Oct-2018 08:00, 6.474,-9999 ,  26.6, 1009.8,-0.037,-0.071,  274,   9.7,   7.3
01-Oct-2018 09:00, 5.279,-9999 ,  26.4, 1010.4,-0.022,-0.056,  280,   9.4,   6.1
01-Oct-2018 10:00, 4.060,-9999 ,  26.2, 1011.2,-0.060,-0.087,  279,   7.9,   5.9
01-Oct-2018 11:00, 3.028,-9999 ,  26.1, 1012.0,-0.077,-0.097,  295,   7.0,   5.1
01-Oct-2018 12:00, 2.561,-9999 ,  25.8, 1012.5,-0.075,-0.087,  307,   6.9,   4.4
01-Oct-2018 13:00, 3.098,-9999 ,  25.6, 1012.8, 0.008, 0.001,  318,   5.9,   4.7
01-Oct-2018 14:00, 4.377,-9999 ,  25.5, 1012.7, 0.001,-0.003,  303,   5.8,   4.5
01-Oct-2018 15:00, 5.817,-9999 ,  25.9, 1012.3, 0.017, 0.011,  284,   6.4,   5.1
01-Oct-2018 16:00, 7.146,-9999 ,  25.8, 1011.9, 0.073, 0.063,  282,   6.2,   4.0
01-Oct-2018 17:00, 8.158,-9999 ,  26.0, 1011.3, 0.042, 0.028,  261,   6.6,   5.6
01-Oct-2018 18:00, 8.529,-9999 ,  25.9, 1010.6,-0.014,-0.035,  248,   8.1,   6.6
01-Oct-2018 19:00, 7.994,-9999 ,  26.0, 1010.6,-0.059,-0.086,  243,   8.3,   7.1
01-Oct-2018 20:00, 6.900,-9999 ,  25.8, 1010.7,-0.017,-0.043,  242,   8.3,   6.3
01-Oct-2018 21:00, 5.707,-9999 ,  25.8, 1011.2, 0.020,-0.005,  231,   7.6,   5.5
01-Oct-2018 22:00, 4.496,-9999 ,  25.2, 1012.4,-0.016,-0.035,  200,   6.5,   3.1
01-Oct-2018 23:00, 3.438,-9999 ,  25.4, 1013.1, 0.001,-0.006,  217,   4.0,   2.4
02-Oct-2018 00:00, 2.771,-9999 ,  25.8, 1013.8, 0.017, 0.017,  203,   4.2,   2.6
02-Oct-2018 01:00, 2.897,-9999 ,  25.2, 1014.3, 0.087, 0.093,  146,   3.9,   2.7
02-Oct-2018 02:00, 3.753,-9999 ,  26.5, 1013.8, 0.077, 0.087,  247,   3.3,   2.5
02-Oct-2018 03:00, 4.814,-9999 ,  26.4, 1013.0,-0.011,-0.006,  280,   7.3,   6.0
02-Oct-2018 04:00, 5.873,-9999 ,  26.6, 1011.9,-0.005,-0.009,  287,   9.2,   8.0
02-Oct-2018 05:00, 6.869,-9999 ,  26.9, 1010.9, 0.036, 0.021,  287,  10.4,   9.0
02-Oct-2018 06:00, 7.539,-9999 ,  27.0, 1010.2, 0.069, 0.045,  280,  11.6,   9.9
02-Oct-2018 07:00, 7.481,-9999 ,  27.4, 1009.9, 0.024,-0.006,  274,  12.9,   9.8
02-Oct-2018 08:00, 6.775,-9999 ,  27.2, 1009.9,-0.009,-0.042,  273,  13.1,   8.6
02-Oct-2018 09:00, 5.893,-9999 ,  27.0, 1010.2, 0.037, 0.004,  276,  12.3,   8.6
02-Oct-2018 10:00, 4.956,-9999 ,  26.8, 1010.8, 0.017,-0.013,  264,  10.6,   7.4
02-Oct-2018 11:00, 4.070,-9999 ,  26.7, 1011.5,-0.027,-0.050,  257,  10.5,   7.4
02-Oct-2018 12:00, 3.496,-9999 ,  26.6, 1012.0,-0.029,-0.046,  262,   9.0,   6.7
02-Oct-2018 13:00, 3.510,-9999 ,  26.5, 1012.6, 0.021, 0.009,  263,   8.6,   5.1
02-Oct-2018 14:00, 4.171,-9999 ,  26.3, 1012.9, 0.033, 0.027,  287,   5.9,   3.0
02-Oct-2018 15:00, 5.156,-9999 ,  26.3, 1012.8,-0.017,-0.020,  295,   4.7,   3.0
02-Oct-2018 16:00, 6.174,-9999 ,  26.2, 1012.0,-0.008,-0.013,  274,   6.1,   4.9
02-Oct-2018 17:00, 7.072,-9999 ,  26.1, 1011.3, 0.004,-0.009,  275,   7.6,   5.2
02-Oct-2018 18:00, 7.663,-9999 ,  26.2, 1010.8, 0.004,-0.016,  253,   6.8,   5.9
02-Oct-2018 19:00, 7.682,-9999 ,  26.1, 1010.7,-0.031,-0.055,  245,   7.3,   5.5
02-Oct-2018 20:00, 7.098,-9999 ,  26.1, 1010.9,-0.059,-0.084,  243,   7.4,   6.3
02-Oct-2018 21:00, 6.257,-9999 ,  25.9, 1011.6,-0.016,-0.039,  236,   7.4,   5.3
02-Oct-2018 22:00, 5.370,-9999 ,  25.8, 1012.4, 0.009,-0.007,  252,   7.2,   5.1
02-Oct-2018 23:00, 4.518,-9999 ,  25.9, 1013.3, 0.012, 0.004,  260,   6.7,   3.7
03-Oct-2018 00:00, 3.851,-9999 ,  26.1, 1014.0, 0.020, 0.022,  291,   5.9,   3.4
03-Oct-2018 01:00, 3.562,-9999 ,  26.1, 1014.0, 0.029, 0.037,  299,   6.3,   4.6
03-Oct-2018 02:00, 3.792,-9999 ,  26.1, 1013.3, 0.029, 0.036,  305,   7.4,   6.0
03-Oct-2018 03:00, 4.394,-9999 ,  26.1, 1012.7, 0.001, 0.001,  313,   8.4,   6.7
03-Oct-2018 04:00, 5.103,-9999 ,  26.1, 1011.8, 0.006, 0.000,  305,   8.7,   7.1
03-Oct-2018 05:00, 5.791,-9999 ,  26.3, 1011.0, 0.010,-0.006,  313,   9.8,   7.2
03-Oct-2018 06:00, 6.367,-9999 ,  26.4, 1010.5,-0.003,-0.025,  313,   9.0,   7.5
03-Oct-2018 07:00, 6.721,-9999 ,  26.5, 1009.4, 0.018,-0.010,  298,  10.1,   9.0
03-Oct-2018 08:00, 6.642,-9999 ,  26.6, 1009.4, 0.010,-0.028,  303,  10.2,   7.8
03-Oct-2018 09:00, 6.192,-9999 ,  26.7, 1009.8,-0.009,-0.047,  301,   9.4,   5.7
03-Oct-2018 10:00, 5.627,-9999 ,  26.3, 1010.6,-0.001,-0.034,  305,   7.3,   4.5
03-Oct-2018 11:00, 5.028,-9999 ,  26.1, 1011.4,-0.020,-0.045,  314,   5.7,   4.0
03-Oct-2018 12:00, 4.529,-9999 ,  25.9, 1012.0,-0.037,-0.055,  318,   5.5,   3.8
03-Oct-2018 13:00, 4.290,-9999 ,  25.7, 1012.7,-0.017,-0.029,  321,   5.8,   3.9
03-Oct-2018 14:00, 4.391,-9999 ,  25.5, 1012.7, 0.000,-0.005,  327,   5.1,   3.6
03-Oct-2018 15:00, 4.804,-9999 ,  25.4, 1012.4,-0.010,-0.016,  328,   5.5,   4.5
03-Oct-2018 16:00, 5.390,-9999 ,  25.6, 1012.0,-0.008,-0.017,  318,   6.2,   4.9
03-Oct-2018 17:00, 6.027,-9999 ,  25.7, 1011.0, 0.009,-0.005,  293,   5.8,   4.7
03-Oct-2018 18:00, 6.565,-9999 ,  25.6, 1010.6, 0.013,-0.010,  303,   6.0,   3.8
03-Oct-2018 19:00, 6.844,-9999 ,  25.4, 1010.4,-0.018,-0.045,  321,   5.1,   3.4
03-Oct-2018 20:00, 6.823,-9999 ,  25.3, 1010.9,-0.051,-0.079,  328,   4.9,   3.9
03-Oct-2018 21:00, 6.519,-9999 ,  25.5, 1011.7,-0.054,-0.076,  335,   6.0,   4.9
03-Oct-2018 22:00, 6.041,-9999 ,  25.6, 1012.2,-0.039,-0.053,  334,   7.4,   5.2
03-Oct-2018 23:00, 5.523,-9999 ,  26.2, 1012.8, 0.001,-0.008,  330,   7.9,   6.4
04-Oct-2018 00:00, 5.044,-9999 ,  26.4, 1013.3, 0.045, 0.041,  343,   9.1,   7.3
04-Oct-2018 01:00, 4.684,-9999 ,  26.8, 1013.3, 0.086, 0.087,  342,   9.1,   7.0
04-Oct-2018 02:00, 4.464,-9999 ,  27.3, 1012.8, 0.072, 0.071,  325,   8.1,   5.9
04-Oct-2018 03:00, 4.425,-9999 ,  27.6, 1012.2, 0.021, 0.017,  312,   8.5,   6.6
04-Oct-2018 04:00, 4.584,-9999 ,  27.0, 1011.0, 0.015, 0.003,  318,   9.9,   7.9
04-Oct-2018 05:00, 4.867,-9999 ,  27.6, 1010.8, 0.003,-0.020,  332,   9.3,   6.3
04-Oct-2018 06:00, 5.209,-9999 ,  27.0, 1010.0,-0.036,-0.061,  306,   9.0,   6.9
04-Oct-2018 07:00, 5.580,-9999 ,  26.9, 1009.7,-0.044,-0.077,  304,   8.6,   7.1
04-Oct-2018 08:00, 5.932,-9999 ,-9999 , 1009.7,-0.014,-0.050,  290,   9.1,   6.8
04-Oct-2018 09:00, 6.155,-9999 ,  26.6, 1009.9, 0.040, 0.005,  294,   8.2,   6.4
04-Oct-2018 10:00, 6.120,-9999 ,  26.4, 1010.6, 0.037, 0.004,  284,   7.7,   5.1
04-Oct-2018 11:00, 5.892,-9999 ,  26.2, 1011.4,-0.006,-0.031,  298,   5.8,   3.4
04-Oct-2018 12:00, 5.606,-9999 ,  26.0, 1012.2,-0.035,-0.052,  279,   4.1,   3.0
04-Oct-2018 13:00, 5.334,-9999 ,  26.0, 1012.5,-0.033,-0.043,  285,   6.4,   2.4
04-Oct-2018 14:00, 5.115,-9999 ,  25.9, 1012.3,-0.008,-0.016,  278,   4.0,   2.4
04-Oct-2018 15:00, 4.948,-9999 ,  25.8, 1011.4,-0.018,-0.028,  286,   6.8,   4.9
04-Oct-2018 16:00, 4.899,-9999 ,  25.5, 1011.0,-0.028,-0.047,  302,   6.5,   4.1
04-Oct-2018 17:00, 5.051,-9999 ,  25.2, 1010.7,-0.015,-0.038,  339,   5.6,   3.2
04-Oct-2018 18:00, 5.355,-9999 ,  25.2, 1010.2,-0.006,-0.032,  327,   5.6,   4.5
04-Oct-2018 19:00, 5.674,-9999 ,  25.3, 1010.2,-0.023,-0.054,  320,   5.6,   4.4
04-Oct-2018 20:00, 5.988,-9999 ,  25.1, 1010.7,-0.046,-0.076,  326,   5.1,   4.1
04-Oct-2018 21:00, 6.293,-9999 ,  25.4, 1011.4,-0.020,-0.045,  316,   4.6,   3.4
04-Oct-2018 22:00, 6.468,-9999 ,  25.6, 1012.0, 0.027, 0.009,  311,   4.9,   3.6
04-Oct-2018 23:00, 6.414,-9999 ,  25.9, 1012.6, 0.039, 0.027,  304,   5.5,   4.8
05-Oct-2018 00:00, 6.166,-9999 ,  26.3, 1013.2, 0.010, 0.004,  287,   5.5,   3.7
05-Oct-2018 01:00, 5.851,-9999 ,  26.6, 1013.6, 0.023, 0.023,  291,   4.9,   3.3
05-Oct-2018 02:00, 5.466,-9999 ,  26.5, 1012.8, 0.048, 0.050,  302,   5.9,   4.8
05-Oct-2018 03:00, 4.949,-9999 ,  27.2, 1012.5,-0.025,-0.029,  313,   7.0,   4.0
05-Oct-2018 04:00, 4.452,-9999 ,  28.2, 1011.7,-0.083,-0.091,  315,   6.2,   4.8
05-Oct-2018 05:00, 4.168,-9999 ,  27.8, 1010.9,-0.075,-0.091,  310,   7.5,   6.4
05-Oct-2018 06:00, 4.148,-9999 ,  27.8, 1010.2,-0.068,-0.092,  312,   7.8,   6.3
05-Oct-2018 07:00, 4.402,-9999 ,  27.0, 1009.8,-0.033,-0.064,  302,   9.1,   6.6
05-Oct-2018 08:00, 4.864,-9999 ,  26.9, 1010.0,-0.017,-0.051,  296,   8.8,   6.3
05-Oct-2018 09:00, 5.466,-9999 ,  26.7, 1010.6,-0.009,-0.041,  303,   7.4,   6.2
05-Oct-2018 10:00, 6.056,-9999 ,  26.4, 1011.4, 0.006,-0.020,  302,   7.0,   5.5
05-Oct-2018 11:00, 6.461,-9999 ,  26.3, 1012.0, 0.002,-0.016,  300,   6.0,   4.2
05-Oct-2018 12:00, 6.601,-9999 ,  26.4, 1012.6,-0.032,-0.044,  287,   5.2,   3.4
05-Oct-2018 13:00, 6.476,-9999 ,  26.2, 1013.0,-0.068,-0.073,  290,   5.0,   4.4
05-Oct-2018 14:00, 6.103,-9999 ,  26.2, 1012.8,-0.081,-0.083,  274,   5.4,   4.5
05-Oct-2018 15:00, 5.541,-9999 ,  26.1, 1012.3,-0.106,-0.110,  269,   5.1,   3.7
05-Oct-2018 16:00, 4.932,-9999 ,  26.1, 1011.6,-0.103,-0.114,  268,   5.1,   3.9
05-Oct-2018 17:00, 4.452,-9999 ,  26.1, 1011.2,-0.069,-0.086,  258,   6.0,   4.3
05-Oct-2018 18:00, 4.224,-9999 ,  26.0, 1010.7,-0.068,-0.088,  265,   5.4,   3.7
05-Oct-2018 19:00, 4.337,-9999 ,  26.1, 1010.3,-0.043,-0.069,  255,   4.6,   4.0
05-Oct-2018 20:00, 4.790,-9999 ,  26.3, 1010.5,-0.005,-0.034,  259,   5.0,   4.0
05-Oct-2018 21:00, 5.473,-9999 ,  26.6, 1011.2, 0.021,-0.006,  250,   5.5,   4.4
05-Oct-2018 22:00, 6.189,-9999 ,  26.5, 1011.5, 0.017,-0.003,  262,   5.7,   4.6
05-Oct-2018 23:00, 6.753,-9999 ,  27.0, 1012.3,-0.013,-0.029,  260,   6.0,   3.9
06-Oct-2018 00:00, 7.081,-9999 ,  27.1, 1012.8,-0.017,-0.026,  254,   5.4,   4.3
06-Oct-2018 01:00, 7.053,-9999 ,  27.3, 1013.0,-0.028,-0.032,  263,   6.2,   3.4
06-Oct-2018 02:00, 6.624,-9999 ,  27.1, 1012.8,-0.047,-0.050,  263,   6.1,   5.0
06-Oct-2018 03:00, 5.887,-9999 ,  27.1, 1012.3,-0.080,-0.085,  284,   6.4,   5.3
06-Oct-2018 04:00, 5.001,-9999 ,  27.7, 1011.5,-0.094,-0.104,  285,   7.8,   6.3
06-Oct-2018 05:00, 4.174,-9999 ,  27.7, 1010.8,-0.032,-0.050,  280,   9.4,   7.6
06-Oct-2018 06:00, 3.513,-9999 ,  27.8, 1010.4,-0.045,-0.070,  278,   9.5,   7.6
06-Oct-2018 07:00, 3.248,-9999 ,  27.8, 1010.4,-0.073,-0.102,  273,   9.4,   6.8
06-Oct-2018 08:00, 3.585,-9999 ,  27.9, 1010.7,-0.043,-0.072,  277,   9.6,   6.6
06-Oct-2018 09:00, 4.373,-9999 ,  27.8, 1011.0,-0.043,-0.068,  279,   8.2,   6.3
06-Oct-2018 10:00, 5.344,-9999 ,  27.6, 1011.5,-0.089,-0.111,  272,   9.0,   5.4
06-Oct-2018 11:00, 6.315,-9999 ,  27.5, 1012.3,-0.138,-0.155,  266,   9.3,   5.9
06-Oct-2018 12:00, 7.135,-9999 ,  27.4, 1012.9,-0.126,-0.135,  270,   8.0,   4.8
06-Oct-2018 13:00, 7.553,-9999 ,  27.5, 1013.3,-0.088,-0.091,  263,   7.9,   5.8
06-Oct-2018 14:00, 7.309,-9999 ,  27.2, 1013.3,-0.117,-0.116,  264,   7.8,   4.8
06-Oct-2018 15:00, 6.558,-9999 ,  27.3, 1012.7,-0.141,-0.141,  263,   7.6,   6.0
06-Oct-2018 16:00, 5.608,-9999 ,  27.3, 1011.9,-0.102,-0.108,  252,   8.1,   6.8
06-Oct-2018 17:00, 4.610,-9999 ,  27.4, 1011.3,-0.034,-0.048,  245,   7.8,   7.0
06-Oct-2018 18:00, 3.754,-9999 ,  27.2, 1010.4, 0.002,-0.018,  254,   8.2,   6.9
06-Oct-2018 19:00, 3.249,-9999 ,  27.3, 1009.8, 0.007,-0.022,  247,  11.5,   9.0
06-Oct-2018 20:00, 3.363,-9999 ,  27.2, 1010.2, 0.006,-0.029,  250,  11.6,   9.0
06-Oct-2018 21:00, 4.136,-9999 ,  27.1, 1010.7,-0.008,-0.038,  252,   9.8,   8.7
06-Oct-2018 22:00, 5.237,-9999 ,  27.0, 1011.0,-0.035,-0.060,  252,  10.6,   8.8
06-Oct-2018 23:00, 6.367,-9999 ,  27.2, 1011.8,-0.085,-0.106,  244,  10.5,   7.7
07-Oct-2018 00:00, 7.350,-9999 ,  27.2, 1012.0,-0.116,-0.130,  238,   8.3,   6.5
07-Oct-2018 01:00, 8.006,-9999 ,  27.4, 1012.6,-0.050,-0.062,  252,   7.1,   4.4
07-Oct-2018 02:00, 7.954,-9999 ,  27.1, 1012.5,-0.011,-0.018,  281,   6.6,   5.6
07-Oct-2018 03:00, 7.142,-9999 ,  27.4, 1011.9,-0.060,-0.068,  291,   7.6,   5.9
07-Oct-2018 04:00, 5.989,-9999 ,  27.8, 1010.9,-0.082,-0.097,  309,   7.5,   6.1
07-Oct-2018 05:00, 4.744,-9999 ,  27.5, 1010.0,-0.046,-0.070,  307,   9.2,   7.5
07-Oct-2018 06:00, 3.556,-9999 ,  27.4, 1009.5,-0.021,-0.054,  303,  10.0,   8.2
07-Oct-2018 07:00, 2.623,-9999 ,  27.2, 1009.0,-0.054,-0.092,  312,  10.6,   9.1
07-Oct-2018 08:00, 2.358,-9999 ,  27.1, 1008.8,-0.079,-0.121,  311,  11.0,   8.7
07-Oct-2018 09:00, 3.091,-9999 ,  26.9, 1009.0,-0.027,-0.071,  309,  10.6,   8.7
07-Oct-2018 10:00, 4.374,-9999 ,  26.7, 1009.7,-0.011,-0.053,  302,   9.9,   6.9
07-Oct-2018 11:00, 5.769,-9999 ,  26.6, 1010.2,-0.066,-0.101,  299,   9.0,   6.3
07-Oct-2018 12:00, 7.113,-9999 ,  26.8, 1010.7,-0.132,-0.162,  285,   8.0,   5.8
07-Oct-2018 13:00, 8.179,-9999 ,  27.0, 1010.9,-0.126,-0.151,  278,   6.8,   5.1
07-Oct-2018 14:00, 8.521,-9999 ,  27.1, 1010.8,-0.074,-0.097,  270,   6.3,   4.4
07-Oct-2018 15:00, 7.860,-9999 ,  27.3, 1010.3,-0.103,-0.128,  273,   6.1,   4.9
07-Oct-2018 16:00, 6.677,-9999 ,  27.5, 1009.8,-0.082,-0.112,  256,   6.5,   5.2
07-Oct-2018 17:00, 5.376,-9999 ,  27.4, 1009.4, 0.029,-0.006,  254,   7.5,   5.9
07-Oct-2018 18:00, 4.017,-9999 ,  27.3, 1008.6, 0.069, 0.030,  252,   9.9,   7.9
07-Oct-2018 19:00, 2.823,-9999 ,  27.4, 1008.4, 0.054, 0.007,  238,  11.5,   9.2
07-Oct-2018 20:00, 2.161,-9999 ,  27.4, 1008.8, 0.000,-0.047,  244,  11.5,   8.4
07-Oct-2018 21:00, 2.574,-9999 ,  27.5, 1009.4,-0.042,-0.086,  244,   9.1,   7.2
07-Oct-2018 22:00, 3.871,-9999 ,  27.5, 1010.1,-0.056,-0.093,  242,   8.4,   5.9
07-Oct-2018 23:00, 5.416,-9999 ,  26.8, 1010.8,-0.091,-0.122,  212,   6.5,   1.9
08-Oct-2018 00:00, 6.963,-9999 ,  26.8, 1011.2,-0.116,-0.140,  232,   6.0,   5.1
08-Oct-2018 01:00, 8.255,-9999 ,  27.0, 1011.5,-0.122,-0.142,  250,   7.3,   4.5
08-Oct-2018 02:00, 8.858,-9999 ,  27.5, 1011.2,-0.087,-0.105,  287,   5.1,   3.8
08-Oct-2018 03:00, 8.405,-9999 ,  27.9, 1010.7,-0.074,-0.094,  302,   5.4,   4.8
08-Oct-2018 04:00, 7.197,-9999 ,  27.5, 1009.7,-0.065,-0.091,  305,   6.5,   5.6
08-Oct-2018 05:00, 5.766,-9999 ,  27.3, 1008.8, 0.007,-0.029,  286,   7.4,   6.2
08-Oct-2018 06:00, 4.238,-9999 ,  27.4, 1007.9, 0.031,-0.014,  288,   7.7,   5.9
08-Oct-2018 07:00, 2.810,-9999 ,  27.6, 1007.2, 0.022,-0.032,  285,   8.1,   6.6
08-Oct-2018 08:00, 1.769,-9999 ,  27.9, 1006.9,-0.019,-0.079,  285,   8.7,   7.3
08-Oct-2018 09:00, 1.774,-9999 ,  28.0, 1007.0,-0.089,-0.152,  289,   9.1,   7.4
08-Oct-2018 10:00, 2.994,-9999 ,  27.4, 1007.7,-0.098,-0.159,  275,   9.3,   7.0
08-Oct-2018 11:00, 4.691,-9999 ,  27.6, 1008.3,-0.113,-0.168,  283,   8.3,   6.9
08-Oct-2018 12:00, 6.495,-9999 ,  27.6, 1008.8,-0.116,-0.165,  269,   8.2,   5.8
08-Oct-2018 13:00, 8.157,-9999 ,  27.5, 1009.0,-0.120,-0.164,  259,   7.8,   5.4
08-Oct-2018 14:00, 9.217,-9999 ,  27.3, 1008.9,-0.080,-0.122,  256,   6.6,   5.2
08-Oct-2018 15:00, 9.095,-9999 ,  27.3, 1008.7,-0.061,-0.104,  242,   7.2,   5.0
08-Oct-2018 16:00, 7.904,-9999 ,  27.6, 1008.3,-0.091,-0.136,  233,   6.1,   4.2
08-Oct-2018 17:00, 6.392,-9999 ,  27.6, 1007.8,-0.004,-0.053,  234,   7.2,   5.8
08-Oct-2018 18:00, 4.776,-9999 ,  27.8, 1007.3, 0.077, 0.022,  228,   9.4,   7.3
08-Oct-2018 19:00, 3.146,-9999 ,  27.9, 1007.3, 0.067, 0.008,  244,   9.6,   7.8
08-Oct-2018 20:00, 1.780,-9999 ,  27.8, 1007.6, 0.044,-0.015,  235,  11.2,   8.6
08-Oct-2018 21:00, 1.307,-9999 ,  27.7, 1008.0,-0.047,-0.103,  232,  11.0,   8.4
08-Oct-2018 22:00, 2.321,-9999 ,  27.6, 1008.7,-0.063,-0.114,  238,  10.0,   7.2
08-Oct-2018 23:00, 4.089,-9999 ,  27.5, 1009.5,-0.079,-0.124,  240,   8.6,   5.7
09-Oct-2018 00:00, 6.005,-9999 ,  27.5, 1010.2,-0.088,-0.125,  249,   6.9,   4.4
09-Oct-2018 01:00, 7.856,-9999 ,  27.7, 1010.5,-0.074,-0.104,  247,   6.1,   4.3
09-Oct-2018 02:00, 9.183,-9999 ,  28.0, 1010.1,-0.070,-0.098,  290,   5.2,   3.8
09-Oct-2018 03:00, 9.383,-9999 ,  29.0, 1009.4,-0.066,-0.098,  296,   4.9,   2.9
09-Oct-2018 04:00, 8.379,-9999 ,  28.5, 1008.3,-0.083,-0.123,  304,   6.7,   5.9
09-Oct-2018 05:00, 6.863,-9999 ,  27.9, 1007.3,-0.024,-0.074,  306,   8.2,   7.2
09-Oct-2018 06:00, 5.217,-9999 ,  27.9, 1006.4, 0.053,-0.007,  298,   8.7,   7.0
09-Oct-2018 07:00, 3.510,-9999 ,  27.7, 1005.9, 0.035,-0.033,  289,   9.5,   7.9
09-Oct-2018 08:00, 1.984,-9999 ,  27.7, 1005.5, 0.032,-0.041,  265,  10.8,   7.6
09-Oct-2018 09:00, 1.123,-9999 ,  27.9, 1006.0,-0.026,-0.103,  268,  10.0,   6.3
09-Oct-2018 10:00, 1.733,-9999 ,  27.5, 1007.0,-0.093,-0.164,  309,   9.0,   2.0
09-Oct-2018 11:00, 3.456,-9999 ,  27.1, 1007.5,-0.113,-0.175,  321,   5.4,   4.4
09-Oct-2018 12:00, 5.482,-9999 ,  26.9, 1007.9,-0.115,-0.172,  341,   7.4,   5.6
09-Oct-2018 13:00, 7.562,-9999 ,  26.7, 1008.5,-0.069,-0.122,  333,   6.9,   4.4
09-Oct-2018 14:00, 9.246,-9999 ,  26.4, 1008.5,-0.060,-0.107,  338,   7.8,   5.2
09-Oct-2018 15:00, 9.856,-9999 ,  26.2, 1008.4,-0.058,-0.105,  340,   6.3,   4.1
09-Oct-2018 16:00, 9.074,-9999 ,  26.0, 1008.0,-0.075,-0.124,  345,   5.6,   2.8
09-Oct-2018 17:00, 7.499,-9999 ,  25.9, 1007.4,-0.065,-0.118,  323,   4.9,   2.9
09-Oct-2018 18:00, 5.782,-9999 ,  26.2, 1007.0, 0.044,-0.015,  330,   4.2,   3.2
09-Oct-2018 19:00, 3.958,-9999 ,  26.8, 1007.1, 0.072, 0.010,  315,   4.5,   3.4
09-Oct-2018 20:00, 2.209,-9999 ,  26.6, 1007.7, 0.076, 0.016,  327,   4.1,   3.1
09-Oct-2018 21:00, 0.932,-9999 ,  26.9, 1008.3, 0.040,-0.014,  311,   5.9,   2.7
09-Oct-2018 22:00, 1.060,-9999 ,  26.4, 1008.7,-0.037,-0.086,  325,   4.0,   3.4
09-Oct-2018 23:00, 2.651,-9999 ,  27.3, 1009.4,-0.056,-0.100,  316,   3.8,   2.4
10-Oct-2018 00:00, 4.697,-9999 ,  27.7, 1009.3,-0.095,-0.133,  324,   7.2,   6.2
10-Oct-2018 01:00, 6.877,-9999 ,  27.6, 1009.3,-0.042,-0.082,  325,   9.1,   7.5
10-Oct-2018 02:00, 8.818,-9999 ,  27.3, 1009.3, 0.007,-0.032,  315,   9.5,   7.6
10-Oct-2018 03:00, 9.821,-9999 ,  27.4, 1008.8, 0.013,-0.026,  316,   8.8,   6.9
10-Oct-2018 04:00, 9.383,-9999 ,  27.4, 1008.0,-0.009,-0.054,  325,   8.8,   6.3
10-Oct-2018 05:00, 7.935,-9999 ,  27.6, 1007.4,-0.032,-0.085,  339,   8.5,   6.6
10-Oct-2018 06:00, 6.245,-9999 ,  27.4, 1006.8, 0.026,-0.032,  338,   9.2,   7.4
10-Oct-2018 07:00, 4.444,-9999 ,  27.2, 1006.3, 0.029,-0.035,  339,  11.2,   8.5
10-Oct-2018 08:00, 2.676,-9999 ,  27.2, 1006.6, 0.001,-0.068,  336,  11.6,   9.1
10-Oct-2018 09:00, 1.272,-9999 ,  27.1, 1006.8, 0.018,-0.048,  340,  10.8,   8.9
10-Oct-2018 10:00, 0.985,-9999 ,  26.8, 1007.5,-0.043,-0.106,  352,  10.5,   7.6
10-Oct-2018 11:00, 2.297,-9999 ,  26.8, 1008.2,-0.079,-0.136,  355,  10.0,   8.3
10-Oct-2018 12:00, 4.321,-9999 ,  26.7, 1008.8,-0.121,-0.170,  354,  10.1,   7.4
10-Oct-2018 13:00, 6.527,-9999 ,  26.7, 1009.4,-0.101,-0.145,  356,   9.9,   6.5
10-Oct-2018 14:00, 8.638,-9999 ,  26.6, 1009.8,-0.053,-0.090,  357,   8.4,   7.1
10-Oct-2018 15:00, 9.962,-9999 ,  26.4, 1009.3,-0.067,-0.102,  337,   8.8,   6.4
10-Oct-2018 16:00, 9.872,-9999 ,  26.3, 1009.3,-0.070,-0.109,  326,   8.3,   4.4
10-Oct-2018 17:00, 8.552,-9999 ,  26.2, 1008.4,-0.065,-0.105,  328,   7.6,   6.4
10-Oct-2018 18:00, 6.789,-9999 ,  26.2, 1008.1,-0.037,-0.085,  322,   7.4,   4.4
10-Oct-2018 19:00, 4.906,-9999 ,  26.3, 1008.3,-0.005,-0.056,  336,   6.6,   3.6
10-Oct-2018 20:00, 2.992,-9999 ,  24.4, 1008.9,-0.001,-0.049,  105,   7.7,   6.9
10-Oct-2018 21:00, 1.263,-9999 ,  24.0, 1009.7,-0.014,-0.057,   98,  11.6,   8.6
10-Oct-2018 22:00, 0.461,-9999 ,  24.4, 1010.6,-0.073,-0.108,   97,  10.0,   8.3
10-Oct-2018 23:00, 1.391,-9999 ,  24.4, 1011.6,-0.097,-0.122,  102,   9.9,   7.0
11-Oct-2018 00:00, 3.308,-9999 ,  25.8, 1011.7,-0.161,-0.177,  101,  11.3,   9.6
11-Oct-2018 01:00, 5.478,-9999 ,  27.5, 1011.7,-0.184,-0.199,   96,  12.3,   8.6
11-Oct-2018 02:00, 7.704,-9999 ,  29.1, 1011.4,-0.115,-0.131,   93,  12.5,   7.9
11-Oct-2018 03:00, 9.420,-9999 ,  30.2, 1010.8,-0.047,-0.065,   94,   9.9,   6.7
11-Oct-2018 04:00, 9.844,-9999 ,  32.3, 1009.9, 0.012,-0.012,   91,  10.0,   6.5
11-Oct-2018 05:00, 8.827,-9999 ,  32.6, 1009.1, 0.016,-0.020,   93,   8.0,   1.4
11-Oct-2018 06:00, 7.163,-9999 ,  27.8,-9999.0,-0.008,-9999 ,  315,  11.1,   8.6
11-Oct-2018 07:00, 5.380,-9999 ,  27.9,-9999.0,-0.019,-9999 ,  319,  10.7,   8.9
11-Oct-2018 08:00, 3.552,-9999 ,  27.6,-9999.0,-0.054,-9999 ,  331,  11.2,   8.9
11-Oct-2018 09:00, 1.911,-9999 ,  27.3,-9999.0,-0.035,-9999 ,  333,  11.5,   9.0
11-Oct-2018 10:00, 0.913,-9999 ,  27.1,-9999.0,-0.053,-9999 ,  336,  11.7,   9.2
11-Oct-2018 11:00, 1.478,-9999 ,  27.0,-9999.0,-0.069,-9999 ,  346,  12.2,   9.8
11-Oct-2018 12:00, 3.289,-9999 ,  27.1,-9999.0,-0.086,-9999 ,  345,  11.5,   7.9
11-Oct-2018 13:00, 5.437,-9999 ,  26.8,-9999.0,-0.099,-9999 ,  299,  11.1,   3.1
11-Oct-2018 14:00, 7.681,-9999 ,  26.5,-9999.0,-0.024,-9999 ,  307,   6.2,   3.9
11-Oct-2018 15:00, 9.489,-9999 ,  26.4,-9999.0,-0.025,-9999 ,  318,   5.9,   3.5
11-Oct-2018 16:00,10.116,-9999 ,  26.2,-9999.0,-0.079,-9999 ,  321,   5.1,   3.0
11-Oct-2018 17:00, 9.331,-9999 ,  26.0,-9999.0,-0.051,-9999 ,  320,   4.4,   3.7
11-Oct-2018 18:00, 7.693,-9999 ,  26.0,-9999.0,-0.055,-9999 ,  322,   4.7,   3.6
11-Oct-2018 19:00, 5.871,-9999 ,  26.0,-9999.0,-0.053,-9999 ,  318,   4.6,   3.2
11-Oct-2018 20:00, 3.968,-9999 ,  26.0,-9999.0,-0.045,-9999 ,  326,   4.0,   3.0
11-Oct-2018 21:00, 2.153,-9999 ,  26.0,-9999.0, 0.001,-9999 ,  346,   3.6,   2.5
11-Oct-2018 22:00, 0.795,-9999 ,  25.9,-9999.0, 0.006,-9999 ,  341,   3.2,   2.1
11-Oct-2018 23:00, 0.851,-9999 ,  26.4,-9999.0,-0.002,-9999 ,   25,   2.5,   0.9
12-Oct-2018 00:00, 2.393,-9999 ,  27.7,-9999.0,-0.011,-9999 ,  317,   1.7,   0.8
12-Oct-2018 01:00, 4.403,-9999 ,  27.6,-9999.0,-0.074,-9999 ,  299,   4.4,   3.4
12-Oct-2018 02:00, 6.535,-9999 ,  28.0,-9999.0,-0.076,-9999 ,  304,   4.9,   3.6
12-Oct-2018 03:00, 8.496,-9999 ,  27.9,-9999.0,-0.066,-9999 ,  302,   5.6,   4.1
12-Oct-2018 04:00, 9.599,-9999 ,  28.0,-9999.0,-0.061,-9999 ,  311,   6.3,   5.1
12-Oct-2018 05:00, 9.281,-9999 ,  27.4,-9999.0,-0.017,-9999 ,  316,   8.5,   7.3
12-Oct-2018 06:00, 7.926,-9999 ,  27.5,-9999.0, 0.025,-9999 ,  312,   9.6,   8.4
12-Oct-2018 07:00, 6.277,-9999 ,  28.0,-9999.0, 0.028,-9999 ,  296,  10.0,   8.1
12-Oct-2018 08:00, 4.527,-9999 ,  28.0,-9999.0,-0.014,-9999 ,  297,   9.7,   8.2
12-Oct-2018 09:00, 2.826,-9999 ,  27.7,-9999.0,-0.039,-9999 ,  295,   9.2,   7.1
12-Oct-2018 10:00, 1.474,-9999 ,  27.3,-9999.0,-0.050,-9999 ,  318,   8.3,   6.5
12-Oct-2018 11:00, 1.204,-9999 ,  27.2,-9999.0,-0.101,-9999 ,  309,   7.3,   5.9
12-Oct-2018 12:00, 2.484,-9999 ,  27.1,-9999.0,-0.117,-9999 ,  305,   7.2,   4.7
12-Oct-2018 13:00, 4.469,-9999 ,  27.0,-9999.0,-0.117,-9999 ,  312,   5.6,   4.1
12-Oct-2018 14:00, 6.610,-9999 ,  26.9,-9999.0,-0.038,-9999 ,  294,   6.0,   4.8
12-Oct-2018 15:00, 8.595,-9999 ,  26.8,-9999.0, 0.018,-9999 ,  293,   7.3,   4.7
12-Oct-2018 16:00, 9.777,-9999 ,  26.6,-9999.0,-0.058,-9999 ,  297,   5.4,   3.2
12-Oct-2018 17:00, 9.686,-9999 ,  26.4,-9999.0,-0.047,-9999 ,  299,   4.5,   4.0
12-Oct-2018 18:00, 8.435,-9999 ,  26.5,-9999.0, 0.012,-9999 ,  290,   6.5,   5.2
12-Oct-2018 19:00, 6.727,-9999 ,  26.8, 1009.5,-0.010,-0.047,  278,   7.3,   4.9
12-Oct-2018 20:00, 4.930,-9999 ,  26.7, 1009.8,-0.050,-0.090,  283,   7.2,   5.4
12-Oct-2018 21:00, 3.130,-9999 ,  26.6, 1010.2,-0.049,-0.082,  282,   6.6,   5.3
12-Oct-2018 22:00, 1.580,-9999 ,  26.7, 1010.7,-0.017,-0.047,  271,   6.4,   4.2
12-Oct-2018 23:00, 0.891,-9999 ,  27.2, 1011.4,-0.035,-0.059,  257,   7.9,   6.8
13-Oct-2018 00:00, 1.765,-9999 ,  27.4, 1011.8,-0.025,-0.043,  253,   8.1,   6.4
13-Oct-2018 01:00, 3.543,-9999 ,  27.5, 1011.9,-0.036,-0.050,  260,   8.1,   6.3
13-Oct-2018 02:00, 5.492,-9999 ,  27.2, 1011.7,-0.028,-0.041,  275,   8.6,   6.4
13-Oct-2018 03:00, 7.403,-9999 ,  27.2, 1011.0,-0.018,-0.034,  290,   8.2,   6.8
13-Oct-2018 04:00, 8.874,-9999 ,  27.4, 1009.8,-0.037,-0.060,  286,   9.0,   7.6
13-Oct-2018 05:00, 9.272,-9999 ,  27.6, 1008.9,-0.020,-0.055,  277,  10.3,   8.2
13-Oct-2018 06:00, 8.362,-9999 ,  28.0, 1008.3,-0.010,-0.054,  259,   9.8,   7.3
13-Oct-2018 07:00, 6.894,-9999 ,  28.2, 1008.1, 0.011,-0.039,  277,   9.0,   7.0
13-Oct-2018 08:00, 5.357,-9999 ,  28.0, 1008.0, 0.021,-0.030,  276,   9.5,   6.9
13-Oct-2018 09:00, 3.765,-9999 ,  28.0, 1008.0,-0.017,-0.069,  285,   9.2,   6.5
13-Oct-2018 10:00, 2.348,-9999 ,  27.6, 1008.8,-0.046,-0.098,  297,   8.1,   5.5
13-Oct-2018 11:00, 1.583,-9999 ,  27.5, 1009.5,-0.075,-0.119,  288,   8.6,   6.4
13-Oct-2018 12:00, 2.187,-9999 ,  27.4, 1010.1,-0.069,-0.106,  283,  10.0,   7.7
13-Oct-2018 13:00, 3.804,-9999 ,  27.5, 1010.6,-0.096,-0.127,  276,  10.1,   6.6
13-Oct-2018 14:00, 5.689,-9999 ,  27.5, 1010.5,-0.065,-0.091,  276,   8.4,   6.3
13-Oct-2018 15:00, 7.564,-9999 ,  27.6, 1010.1, 0.020,-0.007,  275,   8.6,   6.9
13-Oct-2018 16:00, 9.007,-9999 ,  27.3, 1009.5, 0.009,-0.023,  270,   9.1,   6.1
13-Oct-2018 17:00, 9.486,-9999 ,  27.1, 1009.1,-0.046,-0.084,  269,   8.4,   6.1
13-Oct-2018 18:00, 8.739,-9999 ,  26.9, 1008.6,-0.052,-0.094,  268,   8.7,   5.9
13-Oct-2018 19:00, 7.287,-9999 ,  26.8, 1008.4,-0.031,-0.078,  260,   9.4,   6.7
13-Oct-2018 20:00, 5.707,-9999 ,  26.5, 1009.0,-0.035,-0.083,  254,   9.3,   7.6
13-Oct-2018 21:00, 4.073,-9999 ,  26.3, 1009.7,-0.060,-0.102,  250,  10.2,   7.8
13-Oct-2018 22:00, 2.554,-9999 ,  26.1, 1009.9,-0.058,-0.093,  255,   9.5,   7.6
13-Oct-2018 23:00, 1.527,-9999 ,  26.4, 1010.9,-0.052,-0.085,  254,  10.6,   9.3
14-Oct-2018 00:00, 1.723,-9999 ,  26.2, 1011.6, 0.002,-0.021,  250,  10.7,   8.8
14-Oct-2018 01:00, 3.059,-9999 ,  26.3, 1011.9, 0.013,-0.003,  249,  10.9,   9.0
14-Oct-2018 02:00, 4.706,-9999 ,  26.3, 1011.9,-0.018,-0.031,  252,  12.6,  10.2
14-Oct-2018 03:00, 6.352,-9999 ,  26.4, 1011.5,-0.032,-0.046,  259,  12.7,   9.7
14-Oct-2018 04:00, 7.786,-9999 ,  26.4, 1011.0,-0.086,-0.104,  258,  12.9,  10.2
14-Oct-2018 05:00, 8.649,-9999 ,  26.6, 1010.4,-0.084,-0.107,  262,  12.2,   9.6
14-Oct-2018 06:00, 8.390,-9999 ,  26.7, 1010.1,-0.082,-0.110,  263,  12.9,   8.9
14-Oct-2018 07:00, 7.232,-9999 ,  26.5, 1009.8,-0.080,-0.112,  273,  11.5,   8.6
14-Oct-2018 08:00, 5.899,-9999 ,  26.3, 1009.7,-0.034,-0.069,  263,  10.9,   8.2
14-Oct-2018 09:00, 4.531,-9999 ,  26.2, 1009.8,-0.036,-0.072,  262,  10.4,   8.1
14-Oct-2018 10:00, 3.217,-9999 ,  25.9, 1010.3,-0.087,-0.121,  261,   9.7,   8.3
14-Oct-2018 11:00, 2.283,-9999 ,  26.0, 1010.9,-0.126,-0.155,  258,   9.8,   6.8
14-Oct-2018 12:00, 2.313,-9999 ,  25.8, 1011.7,-0.094,-0.117,  269,   8.4,   5.2
14-Oct-2018 13:00, 3.447,-9999 ,  25.6, 1011.9,-0.083,-0.098,  277,   7.0,   5.7
14-Oct-2018 14:00, 5.015,-9999 ,  25.6, 1011.9,-0.096,-0.109,  277,   7.6,   6.1
14-Oct-2018 15:00, 6.600,-9999 ,  25.5, 1011.5,-0.052,-0.065,  273,   8.5,   6.0
14-Oct-2018 16:00, 7.956,-9999 ,  25.2, 1010.8,-0.050,-0.068,  271,   8.7,   5.6
14-Oct-2018 17:00, 8.779,-9999 ,  25.3, 1010.1,-0.057,-0.082,  277,   8.2,   6.1
14-Oct-2018 18:00, 8.616,-9999 ,  25.5, 1009.8,-0.094,-0.126,  249,   7.0,   4.0
14-Oct-2018 19:00, 7.544,-9999 ,  25.5, 1010.2,-0.116,-0.150,  243,   8.1,   5.0
14-Oct-2018 20:00, 6.218,-9999 ,  25.2, 1010.6,-0.071,-0.101,  238,   9.7,   6.5
14-Oct-2018 21:00, 4.834,-9999 ,  24.9, 1011.0,-0.074,-0.100,  234,  10.4,   7.5
14-Oct-2018 22:00, 3.464,-9999 ,  24.9, 1011.7,-0.113,-0.135,  234,  10.7,   7.1
14-Oct-2018 23:00, 2.378,-9999 ,  24.8, 1012.3,-0.144,-0.159,  216,  10.0,   5.1
15-Oct-2018 00:00, 2.084,-9999 ,  24.8, 1012.6,-0.094,-0.103,  226,   9.7,   6.5
15-Oct-2018 01:00, 2.878,-9999 ,  25.2, 1012.6,-0.031,-0.037,  230,   7.9,   5.2
15-Oct-2018 02:00, 4.163,-9999 ,  26.1, 1012.3,-0.079,-0.086,  247,   7.3,   3.9
15-Oct-2018 03:00, 5.513,-9999 ,  26.5, 1011.6,-0.093,-0.103,  269,   6.2,   3.5
15-Oct-2018 04:00, 6.784,-9999 ,  26.6, 1010.8,-0.092,-0.109,  275,   6.3,   4.0
15-Oct-2018 05:00, 7.735,-9999 ,  27.6, 1010.0,-0.096,-0.122,  270,   5.8,   3.8
15-Oct-2018 06:00, 7.982,-9999 ,  28.2, 1009.5,-0.107,-0.140,  297,   5.8,   2.7
15-Oct-2018 07:00, 7.343,-9999 ,  27.7, 1009.2,-0.119,-0.156,  287,   7.0,   4.2
15-Oct-2018 08:00, 6.285,-9999 ,  27.9, 1009.1,-0.068,-0.109,  294,   6.2,   4.1
15-Oct-2018 09:00, 5.162,-9999 ,  27.5, 1009.3,-0.034,-0.075,  302,   8.7,   6.2
15-Oct-2018 10:00, 4.049,-9999 ,  27.1, 1009.7,-0.066,-0.105,  298,   7.9,   5.5
15-Oct-2018 11:00, 3.176,-9999 ,  27.0, 1010.5,-0.109,-0.144,  286,   7.0,   4.5
15-Oct-2018 12:00, 2.864,-9999 ,  26.8, 1011.2,-0.113,-0.140,  277,   5.6,   4.3
15-Oct-2018 13:00, 3.427,-9999 ,  26.7, 1011.9,-0.108,-0.128,  259,   6.3,   4.0
15-Oct-2018 14:00, 4.602,-9999 ,  26.8, 1011.9,-0.123,-0.136,  257,   6.1,   5.0
15-Oct-2018 15:00, 5.889,-9999 ,  26.5, 1011.2,-0.085,-0.099,  250,   6.4,   5.9
15-Oct-2018 16:00, 7.028,-9999 ,  26.6, 1010.7,-0.071,-0.092,  243,   8.1,   6.3
15-Oct-2018 17:00, 7.835,-9999 ,  26.1, 1010.2,-0.086,-0.112,  228,   7.3,   4.5
15-Oct-2018 18:00, 8.085,-9999 ,  25.8, 1010.0,-0.082,-0.113,  227,   6.2,   3.9
15-Oct-2018 19:00, 7.552,-9999 ,  25.9, 1009.7,-0.104,-0.137,  215,   6.9,   5.7
15-Oct-2018 20:00, 6.529,-9999 ,  25.3, 1010.0,-0.102,-0.137,  194,   6.2,   2.9
15-Oct-2018 21:00, 5.406,-9999 ,  26.6, 1010.6,-0.096,-0.128,  144,   7.1,   3.6
15-Oct-2018 22:00, 4.282,-9999 ,  26.1, 1011.3,-0.123,-0.149,  137,   9.5,   5.1
15-Oct-2018 23:00, 3.322,-9999 ,  25.3, 1011.8,-0.165,-0.183,   34,   7.3,   1.0
16-Oct-2018 00:00, 2.777,-9999 ,  26.1, 1012.0,-0.200,-0.214,  314,   3.9,   0.8
16-Oct-2018 01:00, 3.040,-9999 ,  26.9, 1012.2,-0.145,-0.157,   85,   3.9,   0.2
16-Oct-2018 02:00, 3.955,-9999 ,  28.3, 1011.5,-0.105,-0.116,  203,   4.1,   2.8
16-Oct-2018 03:00, 4.978,-9999 ,  28.6, 1010.5,-0.114,-0.132,  230,   4.2,   3.1
16-Oct-2018 04:00, 5.950,-9999 ,  31.8, 1009.4,-0.116,-0.144,  168,   8.0,   6.1
16-Oct-2018 05:00, 6.787,-9999 ,  32.4, 1008.4,-0.100,-0.140,   56,   6.7,   1.3
16-Oct-2018 06:00, 7.273,-9999 ,  33.6, 1007.9,-0.071,-0.120,  104,   3.4,   0.6
16-Oct-2018 07:00, 7.116,-9999 ,  36.6, 1007.3,-0.106,-0.160,    0,   3.4,   0.0
16-Oct-2018 08:00, 6.410,-9999 ,  29.9, 1007.4,-0.138,-0.197,  269,   6.7,   4.4
16-Oct-2018 09:00, 5.573,-9999 ,  28.8, 1007.8,-0.099,-0.157,  275,   7.4,   4.8
16-Oct-2018 10:00, 4.732,-9999 ,  28.3, 1008.4,-0.080,-0.133,  269,   8.5,   4.7
16-Oct-2018 11:00, 4.005,-9999 ,  28.6, 1009.0,-0.116,-0.163,  257,   7.0,   4.9
16-Oct-2018 12:00, 3.611,-9999 ,  28.3, 1009.5,-0.148,-0.190,  248,   5.7,   3.5
16-Oct-2018 13:00, 3.775,-9999 ,  28.2, 1010.0,-0.136,-0.173,  224,   4.2,   3.0
16-Oct-2018 14:00, 4.482,-9999 ,  27.7, 1010.0,-0.142,-0.174,  210,   3.8,   2.4
16-Oct-2018 15:00, 5.370,-9999 ,  27.0, 1009.4,-0.151,-0.184,  214,   4.2,   1.8
16-Oct-2018 16:00, 6.226,-9999 ,  27.9, 1009.2,-0.124,-0.162,  239,   6.5,   4.5
16-Oct-2018 17:00, 6.915,-9999 ,  27.8, 1008.8,-0.101,-0.142,  233,   7.9,   4.8
16-Oct-2018 18:00, 7.278,-9999 ,  27.0, 1008.5,-0.080,-0.124,  232,   7.7,   6.2
16-Oct-2018 19:00, 7.157,-9999 ,  26.7, 1008.2,-0.099,-0.146,  221,   8.9,   7.1
16-Oct-2018 20:00, 6.573,-9999 ,  26.3, 1008.3,-0.125,-0.175,  230,   9.2,   7.1
16-Oct-2018 21:00, 5.798,-9999 ,  26.9, 1008.8,-0.114,-0.163,  216,   8.1,   4.3
16-Oct-2018 22:00, 4.978,-9999 ,  27.1, 1009.3,-0.119,-0.163,  169,   6.8,   4.2
16-Oct-2018 23:00, 4.220,-9999 ,  26.6, 1009.8,-0.151,-0.190,   48,   5.5,   0.5
17-Oct-2018 00:00, 3.711,-9999 ,  27.2, 1010.2,-0.180,-0.213,   99,   2.9,   1.2
17-Oct-2018 01:00, 3.641,-9999 ,  28.5, 1010.2,-0.160,-0.190,  359,   3.8,   0.7
17-Oct-2018 02:00, 4.031,-9999 ,  30.1, 1009.7,-0.165,-0.195,  121,   4.5,   1.4
17-Oct-2018 03:00, 4.682,-9999 ,  30.8, 1008.8,-0.146,-0.182,  182,   4.7,   1.2
17-Oct-2018 04:00, 5.389,-9999 ,  33.2, 1007.7,-0.070,-0.115,  181,   4.2,   0.9
17-Oct-2018 05:00, 5.992,-9999 ,  33.9, 1006.8,-0.053,-0.110,  230,   5.2,   5.0
17-Oct-2018 06:00, 6.425,-9999 ,  34.7, 1006.1,-0.045,-0.110,  248,   5.7,   4.0
17-Oct-2018 07:00, 6.579,-9999 ,  35.2, 1005.5,-0.049,-0.122,  247,   6.6,   5.9
17-Oct-2018 08:00, 6.316,-9999 ,  29.7, 1005.9,-0.111,-0.188,  278,  10.2,   7.3
17-Oct-2018 09:00, 5.775,-9999 ,  29.3, 1006.1,-0.171,-0.243,  278,   9.6,   6.9
17-Oct-2018 10:00, 5.224,-9999 ,  29.4, 1006.3,-0.160,-0.231,  264,   8.5,   5.5
17-Oct-2018 11:00, 4.792,-9999 ,  30.6, 1006.7,-0.095,-0.164,  279,   8.7,   5.9
17-Oct-2018 12:00, 4.512,-9999 ,  29.6, 1007.4,-0.072,-0.136,  294,   8.1,   4.2
17-Oct-2018 13:00, 4.483,-9999 ,  29.1, 1007.5,-0.060,-0.118,  287,   5.9,   4.2
17-Oct-2018 14:00, 4.759,-9999 ,  28.5, 1007.6,-0.071,-0.128,  291,   6.0,   4.6
17-Oct-2018 15:00, 5.207,-9999 ,  27.9, 1007.6,-0.106,-0.162,  259,   6.0,   2.0
17-Oct-2018 16:00, 5.691,-9999 ,  27.8, 1007.1,-0.096,-0.153,  297,   3.7,   2.0
17-Oct-2018 17:00, 6.121,-9999 ,  27.8, 1006.6,-0.088,-0.149,  297,   5.9,   4.5
17-Oct-2018 18:00, 6.441,-9999 ,  27.9, 1006.5,-0.042,-0.108,  270,   7.7,   6.1
17-Oct-2018 19:00, 6.549,-9999 ,  27.4, 1006.6,-0.014,-0.081,  229,   8.1,   6.0
17-Oct-2018 20:00, 6.363,-9999 ,  27.4, 1007.7,-0.064,-0.129,  204,   6.9,   3.2
17-Oct-2018 21:00, 5.969,-9999 ,  25.9, 1008.3,-0.109,-0.164,   63,   5.1,   1.5
17-Oct-2018 22:00, 5.495,-9999 ,  26.3, 1009.2,-0.128,-0.176,  203,   3.5,   0.6
17-Oct-2018 23:00, 5.039,-9999 ,  26.6, 1009.7,-0.122,-0.162,  246,   3.3,   2.6
18-Oct-2018 00:00, 4.706,-9999 ,  27.4, 1010.4,-0.093,-0.127,  287,   3.1,   0.9
18-Oct-2018 01:00, 4.570,-9999 ,  27.1, 1010.7,-0.034,-0.062,  250,   4.1,   2.4
18-Oct-2018 02:00, 4.552,-9999 ,  26.9, 1010.6,-0.081,-0.106,  284,   4.9,   3.8
18-Oct-2018 03:00, 4.641,-9999 ,  27.2, 1010.3,-0.195,-0.221,  302,   5.5,   4.1
18-Oct-2018 04:00, 4.940,-9999 ,  26.6, 1009.6,-0.133,-0.163,  306,   7.4,   5.4
18-Oct-2018 05:00, 5.307,-9999 ,  26.6, 1009.1,-0.040,-0.077,  295,   8.8,   7.1
18-Oct-2018 06:00, 5.589,-9999 ,  26.7, 1008.8,-0.032,-0.073,  289,   9.4,   7.0
18-Oct-2018 07:00, 5.794,-9999 ,  26.6, 1008.7,-0.048,-0.092,  288,   9.2,   6.9
18-Oct-2018 08:00, 5.926,-9999 ,  26.3, 1008.7,-0.051,-0.096,  288,   8.7,   6.3
18-Oct-2018 09:00, 5.895,-9999 ,  26.0, 1009.2,-0.050,-0.095,  281,   8.3,   5.9
18-Oct-2018 10:00, 5.684,-9999 ,  25.6, 1009.8,-0.088,-0.127,  276,   8.2,   5.1
18-Oct-2018 11:00, 5.468,-9999 ,  25.5, 1010.2,-0.091,-0.125,  265,   9.2,   6.6
18-Oct-2018 12:00, 5.321,-9999 ,  25.6, 1011.0,-0.071,-0.100,  269,   9.8,   5.7
18-Oct-2018 13:00, 5.220,-9999 ,  25.6, 1011.7,-0.080,-0.102,  266,   8.4,   4.7
18-Oct-2018 14:00, 5.183,-9999 ,  25.5, 1012.0,-0.113,-0.128,  265,   8.3,   5.5
18-Oct-2018 15:00, 5.207,-9999 ,  25.4, 1011.5,-0.168,-0.181,  272,   8.1,   5.4
18-Oct-2018 16:00, 5.289,-9999 ,  25.2, 1011.2,-0.163,-0.180,  271,   7.8,   4.7
18-Oct-2018 17:00, 5.417,-9999 ,  25.0, 1010.7,-0.127,-0.148,  275,   7.1,   4.9
18-Oct-2018 18:00, 5.580,-9999 ,  24.9, 1010.4,-0.066,-0.091,  311,   6.1,   3.5
18-Oct-2018 19:00, 5.707,-9999 ,  24.7, 1010.0,-0.031,-0.060,  307,   5.2,   3.8
18-Oct-2018 20:00, 5.781,-9999 ,  24.8, 1010.2,-0.070,-0.102,  310,   5.2,   3.6
18-Oct-2018 21:00, 5.859,-9999 ,  24.9, 1010.8,-0.072,-0.102,  299,   5.0,   4.0
18-Oct-2018 22:00, 5.855,-9999 ,  25.0, 1011.9,-0.056,-0.079,  312,   5.5,   3.3
18-Oct-2018 23:00, 5.729,-9999 ,  25.3, 1012.7,-0.075,-0.088,  302,   6.1,   3.7
19-Oct-2018 00:00, 5.577,-9999 ,  25.6, 1013.2,-0.080,-0.085,  283,   7.0,   4.2
19-Oct-2018 01:00, 5.463,-9999 ,  25.6, 1013.3,-0.019,-0.019,  292,   6.0,   3.6
19-Oct-2018 02:00, 5.296,-9999 ,  25.7, 1013.2, 0.000, 0.000,  293,   6.4,   3.5
19-Oct-2018 03:00, 5.016,-9999 ,  25.7, 1012.8,-0.110,-0.110,  285,   6.6,   4.9
19-Oct-2018 04:00, 4.774,-9999 ,  25.9, 1012.0,-0.176,-0.181,  275,   6.7,   5.5
19-Oct-2018 05:00, 4.684,-9999 ,  25.7, 1011.3,-0.155,-0.168,  293,   7.9,   5.7
19-Oct-2018 06:00, 4.746,-9999 ,  25.6, 1010.5,-0.115,-0.135,  282,   8.2,   6.7
19-Oct-2018 07:00, 4.910,-9999 ,  25.9, 1010.1,-0.099,-0.127,  287,   8.3,   6.5
19-Oct-2018 08:00, 5.196,-9999 ,  25.8, 1010.2,-0.095,-0.126,  306,   8.1,   6.2
19-Oct-2018 09:00, 5.596,-9999 ,  25.7, 1010.5,-0.032,-0.062,  303,   7.8,   6.5
19-Oct-2018 10:00, 5.919,-9999 ,  25.6, 1011.2, 0.025,-0.002,  294,   7.9,   5.8
19-Oct-2018 11:00, 6.087,-9999 ,  25.6, 1012.0, 0.032, 0.012,  287,   7.6,   5.5
19-Oct-2018 12:00, 6.119,-9999 ,  25.6, 1012.5,-0.018,-0.029,  295,   7.4,   5.3
19-Oct-2018 13:00, 6.056,-9999 ,  25.5, 1012.4,-0.051,-0.059,  296,   8.0,   6.9
19-Oct-2018 14:00, 5.885,-9999 ,  25.7, 1012.4,-0.058,-0.066,  288,   7.6,   5.5
19-Oct-2018 15:00, 5.574,-9999 ,  25.8, 1011.7,-0.121,-0.130,  293,   5.8,   3.9
19-Oct-2018 16:00, 5.210,-9999 ,  25.7, 1011.0,-0.175,-0.191,  292,   5.1,   3.1
19-Oct-2018 17:00, 4.911,-9999 ,  26.0, 1010.6,-0.178,-0.200,  262,   6.2,   5.1
19-Oct-2018 18:00, 4.764,-9999 ,  25.9, 1010.2,-0.145,-0.172,  248,   7.3,   6.0
19-Oct-2018 19:00, 4.831,-9999 ,  24.5, 1010.8,-0.054,-0.084,  187,   8.6,   7.2
19-Oct-2018 20:00, 5.082,-9999 ,  24.4, 1011.3,-0.003,-0.027,  206,   8.5,   5.8
19-Oct-2018 21:00, 5.462,-9999 ,  24.6, 1011.7,-0.005,-0.024,  220,   7.7,   6.3
19-Oct-2018 22:00, 5.867,-9999 ,  25.0, 1012.1,-0.016,-0.031,  226,   8.0,   6.0
19-Oct-2018 23:00, 6.188,-9999 ,  24.8, 1013.0,-0.017,-0.027,  208,   7.3,   4.8
20-Oct-2018 00:00, 6.354,-9999 ,  24.8, 1013.3,-0.034,-0.036,  212,   5.3,   3.3
20-Oct-2018 01:00, 6.327,-9999 ,  25.5, 1013.3,-0.039,-0.038,  215,   4.5,   2.8
20-Oct-2018 02:00, 6.025,-9999 ,  26.4, 1012.8,-0.072,-0.072,  242,   3.5,   0.3
20-Oct-2018 03:00, 5.494,-9999 ,  28.8, 1011.8,-0.165,-0.170,  313,   1.4,   1.0
20-Oct-2018 04:00, 4.928,-9999 ,  27.6, 1010.8,-0.193,-0.208,  277,   7.8,   6.4
20-Oct-2018 05:00, 4.446,-9999 ,  27.7, 1009.8,-0.155,-0.181,  288,   8.3,   7.0
20-Oct-2018 06:00, 4.146,-9999 ,  27.7, 1009.6,-0.119,-0.153,  301,   8.8,   6.8
20-Oct-2018 07:00, 4.126,-9999 ,  27.5, 1009.0,-0.079,-0.116,  306,   9.0,   7.8
20-Oct-2018 08:00, 4.436,-9999 ,  27.3, 1008.9,-0.056,-0.099,  308,  10.1,   8.5
20-Oct-2018 09:00, 5.003,-9999 ,  27.4, 1009.5,-0.047,-0.090,  302,   9.2,   6.5
20-Oct-2018 10:00, 5.660,-9999 ,  27.3, 1010.4,-0.043,-0.079,  288,   7.9,   5.7
20-Oct-2018 11:00, 6.258,-9999 ,  27.3, 1011.2,-0.031,-0.058,  287,   6.2,   4.8
20-Oct-2018 12:00, 6.685,-9999 ,  27.1, 1011.9,-0.041,-0.060,  277,   6.6,   4.6
20-Oct-2018 13:00, 6.831,-9999 ,  27.1, 1012.2,-0.072,-0.085,  273,   6.3,   4.4
20-Oct-2018 14:00, 6.648,-9999 ,  26.9, 1011.8,-0.063,-0.073,  261,   7.3,   5.3
20-Oct-2018 15:00, 6.155,-9999 ,  26.9, 1011.3,-0.076,-0.090,  263,   7.8,   5.4
20-Oct-2018 16:00, 5.452,-9999 ,  26.8, 1010.6,-0.143,-0.163,  252,   7.7,   6.7
20-Oct-2018 17:00, 4.740,-9999 ,  26.8, 1010.0,-0.175,-0.202,  259,   7.9,   5.9
20-Oct-2018 18:00, 4.195,-9999 ,  26.8, 1009.9,-0.170,-0.203,  253,   7.6,   6.1
20-Oct-2018 19:00, 3.928,-9999 ,  26.8, 1009.9,-0.154,-0.187,  244,   8.4,   7.5
20-Oct-2018 20:00, 4.091,-9999 ,  26.7, 1010.3,-0.126,-0.159,  232,   8.9,   6.9
20-Oct-2018 21:00, 4.690,-9999 ,  25.8, 1011.3,-0.069,-0.098,  198,   8.1,   5.0
20-Oct-2018 22:00, 5.482,-9999 ,  25.5, 1012.1,-0.032,-0.051,  201,   5.6,   3.4
20-Oct-2018 23:00, 6.235,-9999 ,  25.7, 1013.0,-0.038,-0.048,  189,   3.8,   2.5
21-Oct-2018 00:00, 6.806,-9999 ,  26.5, 1013.1,-0.067,-0.069,  237,   5.6,   4.4
21-Oct-2018 01:00, 7.083,-9999 ,  27.3, 1012.7,-0.080,-0.081,  252,   7.4,   6.5
21-Oct-2018 02:00, 6.894,-9999 ,  27.7, 1012.0,-0.080,-0.086,  248,   8.1,   6.4
21-Oct-2018 03:00, 6.247,-9999 ,  27.7, 1011.2,-0.127,-0.140,  270,   7.8,   5.6
21-Oct-2018 04:00, 5.410,-9999 ,  27.7, 1010.1,-0.152,-0.173,  288,   7.7,   6.8
21-Oct-2018 05:00, 4.555,-9999 ,  27.9, 1009.2,-0.126,-0.158,  285,   9.2,   8.1
21-Oct-2018 06:00, 3.792,-9999 ,  28.1, 1008.4,-0.148,-0.189,  283,  10.0,   8.7
21-Oct-2018 07:00, 3.365,-9999 ,  27.9, 1007.8,-0.164,-0.213,  281,  10.6,   8.6
21-Oct-2018 08:00, 3.512,-9999 ,  27.9, 1007.6,-0.135,-0.189,  278,  10.6,   7.7
21-Oct-2018 09:00, 4.190,-9999 ,  28.0, 1008.0,-0.110,-0.166,  275,   9.9,   7.2
21-Oct-2018 10:00, 5.149,-9999 ,  27.8, 1008.3,-0.079,-0.130,  265,   9.2,   7.0
21-Oct-2018 11:00, 6.165,-9999 ,  27.8, 1008.7,-0.041,-0.090,  263,   8.9,   7.1
21-Oct-2018 12:00, 7.037,-9999 ,  27.8, 1009.3,-0.017,-0.062,  261,   9.0,   6.5
21-Oct-2018 13:00, 7.576,-9999 ,  27.8, 1009.6,-0.006,-0.045,  260,   8.5,   6.3
21-Oct-2018 14:00, 7.543,-9999 ,  28.0, 1009.8,-0.001,-0.037,  251,   7.7,   5.9
21-Oct-2018 15:00, 6.891,-9999 ,  27.9, 1009.2,-0.054,-0.089,  239,   7.6,   6.0
21-Oct-2018 16:00, 5.936,-9999 ,  27.8, 1008.5,-0.117,-0.158,  238,   8.3,   6.2
21-Oct-2018 17:00, 4.917,-9999 ,  27.8, 1008.2,-0.132,-0.179,  245,   7.5,   4.9
21-Oct-2018 18:00, 3.984,-9999 ,  27.8, 1007.8,-0.130,-0.181,  247,   6.8,   6.0
21-Oct-2018 19:00, 3.304,-9999 ,  27.6, 1007.7,-0.145,-0.200,  238,   6.7,   5.7
21-Oct-2018 20:00, 3.190,-9999 ,  27.5, 1008.3,-0.131,-0.186,  239,   6.0,   4.9
21-Oct-2018 21:00, 3.843,-9999 ,  27.4, 1008.8,-0.035,-0.084,  241,   6.0,   5.2
21-Oct-2018 22:00, 4.898,-9999 ,  27.5, 1009.5, 0.040,-0.003,  245,   6.8,   5.5
21-Oct-2018 23:00, 5.979,-9999 ,  27.8, 1010.0, 0.005,-0.032,  258,   7.7,   6.4
22-Oct-2018 00:00, 6.953,-9999 ,  27.9, 1010.5,-0.059,-0.091,  274,   7.2,   5.8
22-Oct-2018 01:00, 7.669,-9999 ,  27.9, 1010.8,-0.058,-0.085,  260,   7.8,   6.0
22-Oct-2018 02:00, 7.796,-9999 ,  27.5, 1010.5,-0.031,-0.055,  275,   7.3,   5.4
22-Oct-2018 03:00, 7.147,-9999 ,  27.4, 1009.9,-0.076,-0.103,  291,   6.5,   4.7
22-Oct-2018 04:00, 6.106,-9999 ,  27.6, 1008.8,-0.111,-0.146,  309,   6.9,   5.8
22-Oct-2018 05:00, 4.970,-9999 ,  27.4, 1007.9,-0.096,-0.141,  312,   9.1,   7.0
22-Oct-2018 06:00, 3.880,-9999 ,  27.5, 1007.1,-0.080,-0.134,  309,   9.4,   7.2
22-Oct-2018 07:00, 3.040,-9999 ,  27.6, 1006.6,-0.088,-0.150,  315,   9.5,   7.4
22-Oct-2018 08:00, 2.756,-9999 ,  27.4, 1006.6,-0.109,-0.175,  309,  10.0,   7.0
22-Oct-2018 09:00, 3.333,-9999 ,  27.4, 1006.5,-0.091,-0.157,  311,   9.2,   7.9
22-Oct-2018 10:00, 4.499,-9999 ,  27.3, 1007.0,-0.032,-0.099,  293,   9.5,   6.7
22-Oct-2018 11:00, 5.795,-9999 ,  27.5, 1007.8,-0.017,-0.079,  296,   8.4,   4.5
22-Oct-2018 12:00, 6.988,-9999 ,  27.6, 1008.4,-0.071,-0.124,  292,   5.5,   3.7
22-Oct-2018 13:00, 7.936,-9999 ,  27.5, 1008.6,-0.075,-0.123,  305,   6.1,   3.3
22-Oct-2018 14:00, 8.301,-9999 ,  27.6, 1008.8,-0.021,-0.067,  295,   3.9,   2.7
22-Oct-2018 15:00, 7.751,-9999 ,  27.4, 1008.6,-0.045,-0.089,  297,   3.8,   2.1
22-Oct-2018 16:00, 6.643,-9999 ,  27.5, 1008.0,-0.085,-0.132,  272,   4.9,   2.8
22-Oct-2018 17:00, 5.424,-9999 ,  27.6, 1007.3,-0.051,-0.104,  267,   4.5,   3.4
22-Oct-2018 18:00, 4.176,-9999 ,  27.9, 1006.9,-0.031,-0.090,  268,   5.5,   4.1
22-Oct-2018 19:00, 3.051,-9999 ,  27.9, 1006.9,-0.083,-0.146,  242,   6.0,   4.0
22-Oct-2018 20:00, 2.395,-9999 ,  28.3, 1007.2,-0.161,-0.224,  246,   6.4,   5.4
22-Oct-2018 21:00, 2.709,-9999 ,  28.0, 1007.4,-0.173,-0.233,  239,   6.7,   5.8
22-Oct-2018 22:00, 3.861,-9999 ,  27.8, 1008.0,-0.110,-0.168,  220,   8.5,   4.9
22-Oct-2018 23:00, 5.274,-9999 ,  27.6, 1008.4,-0.072,-0.124,  244,   6.6,   3.7
23-Oct-2018 00:00, 6.691,-9999 ,  27.8, 1008.7,-0.068,-0.116,  238,   4.7,   3.6
23-Oct-2018 01:00, 7.904,-9999 ,  28.0, 1009.0,-0.032,-0.077,  273,   5.0,   2.9
23-Oct-2018 02:00, 8.502,-9999 ,  27.9, 1009.1, 0.012,-0.030,  295,   5.7,   4.0
23-Oct-2018 03:00, 8.083,-9999 ,  28.1, 1008.7,-0.032,-0.073,  302,   6.7,   5.2
23-Oct-2018 04:00, 6.963,-9999 ,  27.8, 1008.0,-0.071,-0.117,  311,   8.6,   7.2
23-Oct-2018 05:00, 5.637,-9999 ,  27.6, 1007.1,-0.064,-0.117,  304,   8.8,   7.1
23-Oct-2018 06:00, 4.281,-9999 ,  27.9, 1006.4,-0.039,-0.101,  297,   8.0,   6.1
23-Oct-2018 07:00, 3.079,-9999 ,  27.9, 1006.0,-0.023,-0.092,  310,   8.0,   6.6
23-Oct-2018 08:00, 2.284,-9999 ,  27.8, 1006.0,-0.059,-0.131,  316,   8.5,   6.4
23-Oct-2018 09:00, 2.425,-9999 ,  27.8, 1006.1,-0.095,-0.167,  316,   7.9,   6.1
23-Oct-2018 10:00, 3.575,-9999 ,  27.3, 1006.7,-0.076,-0.147,  310,   7.1,   5.1
23-Oct-2018 11:00, 5.120,-9999 ,  27.6, 1007.3,-0.040,-0.105,  300,   6.5,   5.1
23-Oct-2018 12:00, 6.677,-9999 ,  27.8, 1008.0,-0.048,-0.107,  308,   7.0,   4.6
23-Oct-2018 13:00, 8.039,-9999 ,  27.2, 1008.5,-0.065,-0.117,  325,   5.3,   2.5
23-Oct-2018 14:00, 8.873,-9999 ,  27.3, 1008.5,-0.010,-0.057,  312,   4.9,   4.0
23-Oct-2018 15:00, 8.646,-9999 ,  27.3, 1008.3,-0.022,-0.069,  328,   5.4,   4.8
23-Oct-2018 16:00, 7.495,-9999 ,  28.3, 1007.8,-0.081,-0.130,  295,   5.0,   4.3
23-Oct-2018 17:00, 6.129,-9999 ,  28.7, 1007.3,-0.017,-0.071,  264,   4.8,   3.5
23-Oct-2018 18:00, 4.672,-9999 ,  28.5, 1006.8, 0.034,-0.025,  256,   6.4,   5.0
23-Oct-2018 19:00, 3.222,-9999 ,  28.6, 1006.7, 0.013,-0.051,  254,   6.8,   5.1
23-Oct-2018 20:00, 2.074,-9999 ,  28.8, 1007.0,-0.062,-0.126,  253,   7.3,   6.0
23-Oct-2018 21:00, 1.817,-9999 ,  28.4, 1007.4,-0.129,-0.191,  251,   8.4,   6.8
23-Oct-2018 22:00, 2.819,-9999 ,  28.3, 1008.0,-0.093,-0.150,  246,   9.3,   6.1
23-Oct-2018 23:00, 4.385,-9999 ,  28.3, 1008.3,-0.076,-0.128,  249,   8.8,   5.8
24-Oct-2018 00:00, 6.055,-9999 ,  28.7, 1009.0,-0.081,-0.130,  255,   7.6,   5.9
24-Oct-2018 01:00, 7.659,-9999 ,  28.9, 1009.1,-0.067,-0.109,  253,   6.8,   5.1
24-Oct-2018 02:00, 8.799,-9999 ,  28.7, 1009.2,-0.005,-0.046,  311,   9.0,   7.1
24-Oct-2018 03:00, 8.875,-9999 ,  28.7, 1009.0,-0.013,-0.053,  322,  10.4,   8.5
24-Oct-2018 04:00, 7.866,-9999 ,  28.8, 1008.7,-0.068,-0.110,  334,  10.3,   8.4
24-Oct-2018 05:00, 6.453,-9999 ,  28.5, 1008.0,-0.046,-0.091,  336,  11.2,   8.7
24-Oct-2018 06:00, 4.936,-9999 ,  28.0, 1007.2,-0.026,-0.079,  317,  10.6,   7.9
24-Oct-2018 07:00, 3.434,-9999 ,  27.9, 1006.8,-0.023,-0.084,  319,  10.5,   8.6
24-Oct-2018 08:00, 2.188,-9999 ,  28.0, 1006.8,-0.055,-0.119,  315,  10.4,   8.7
24-Oct-2018 09:00, 1.712,-9999 ,  27.9, 1007.0,-0.110,-0.174,  306,   9.7,   7.7
24-Oct-2018 10:00, 2.556,-9999 ,  27.5, 1007.4,-0.110,-0.172,  307,   8.8,   7.1
24-Oct-2018 11:00, 4.199,-9999 ,  27.5, 1008.0,-0.105,-0.163,  304,   8.6,   6.5
24-Oct-2018 12:00, 6.016,-9999 ,  27.6, 1008.3,-0.080,-0.132,  293,   7.9,   6.2
24-Oct-2018 13:00, 7.774,-9999 ,  27.3, 1008.8,-0.054,-0.102,  292,   8.1,   6.1
24-Oct-2018 14:00, 9.076,-9999 ,  27.1, 1008.9,-0.026,-0.070,  297,   8.1,   6.3
24-Oct-2018 15:00, 9.350,-9999 ,  26.8, 1008.8,-0.033,-0.076,  311,   8.1,   6.6
24-Oct-2018 16:00, 8.427,-9999 ,  26.7, 1008.5,-0.069,-0.114,  303,   8.8,   6.3
24-Oct-2018 17:00, 6.959,-9999 ,  26.7, 1007.9,-0.017,-0.065,  294,   8.4,   6.4
24-Oct-2018 18:00, 5.368,-9999 ,  26.5, 1007.3, 0.038,-0.016,  289,   8.7,   6.0
24-Oct-2018 19:00, 3.700,-9999 ,  26.4, 1007.2, 0.037,-0.022,  291,   8.0,   5.9
24-Oct-2018 20:00, 2.200,-9999 ,  26.3, 1007.4, 0.021,-0.039,  297,   7.4,   5.2
24-Oct-2018 21:00, 1.312,-9999 ,  26.5, 1008.1,-0.041,-0.099,  302,   6.9,   5.4
24-Oct-2018 22:00, 1.790,-9999 ,  26.6, 1009.0,-0.048,-0.098,  293,   7.7,   6.3
24-Oct-2018 23:00, 3.324,-9999 ,  26.6, 1009.8,-0.073,-0.114,  300,   8.8,   6.3
25-Oct-2018 00:00, 5.132,-9999 ,  26.7, 1010.3,-0.111,-0.145,  294,   8.9,   7.2
25-Oct-2018 01:00, 7.028,-9999 ,  26.6, 1010.6,-0.079,-0.107,  287,  10.5,   8.0
25-Oct-2018 02:00, 8.635,-9999 ,  26.4, 1010.8,-0.039,-0.065,  289,  10.2,   7.9
25-Oct-2018 03:00, 9.334,-9999 ,  26.2, 1011.1,-0.015,-0.039,  293,   9.9,   5.9
25-Oct-2018 04:00, 8.702,-9999 ,  26.3, 1010.4,-0.080,-0.102,  289,  10.5,   7.9
25-Oct-2018 05:00, 7.270,-9999 ,  26.6, 1010.1,-0.102,-0.130,  295,  10.3,   7.1
25-Oct-2018 06:00, 5.710,-9999 ,  26.4, 1009.8,-0.049,-0.081,  309,   9.8,   7.2
25-Oct-2018 07:00, 4.075,-9999 ,  26.5, 1009.5,-0.037,-0.071,  303,   9.6,   7.6
25-Oct-2018 08:00, 2.561,-9999 ,  26.3, 1009.5,-0.019,-0.057,  300,   9.9,   6.9
25-Oct-2018 09:00, 1.498,-9999 ,  26.1, 1009.8,-0.076,-0.113,  299,   9.4,   6.6
25-Oct-2018 10:00, 1.632,-9999 ,  25.9, 1010.0,-0.162,-0.197,  309,   8.2,   4.6
25-Oct-2018 11:00, 3.132,-9999 ,  25.7, 1010.6,-0.179,-0.211,  301,   7.6,   6.0
25-Oct-2018 12:00, 5.088,-9999 ,  25.7, 1011.3,-0.170,-0.196,  292,   7.5,   6.4
25-Oct-2018 13:00, 7.097,-9999 ,  25.5, 1011.8,-0.111,-0.130,  297,   7.6,   5.5
25-Oct-2018 14:00, 8.849,-9999 ,  25.2, 1012.2,-0.060,-0.074,  295,   7.4,   5.3
25-Oct-2018 15:00, 9.693,-9999 ,  25.1, 1012.1,-0.077,-0.087,  289,   6.7,   5.2
25-Oct-2018 16:00, 9.185,-9999 ,  24.8, 1011.6,-0.150,-0.161,  298,   6.8,   4.4
25-Oct-2018 17:00, 7.766,-9999 ,  24.8, 1011.0,-0.122,-0.139,  342,   5.4,   3.7
25-Oct-2018 18:00, 6.102,-9999 ,  25.2, 1011.2,-0.059,-0.081,  300,   7.9,   5.7
25-Oct-2018 19:00, 4.335,-9999 ,  25.1, 1011.3,-0.062,-0.083,  298,   8.3,   5.8
25-Oct-2018 20:00, 2.623,-9999 ,  25.2, 1011.6,-0.036,-0.055,  291,   8.5,   6.2
25-Oct-2018 21:00, 1.270,-9999 ,  24.9, 1012.0,-0.037,-0.053,  293,   8.3,   5.3
25-Oct-2018 22:00, 0.995,-9999 ,  24.9, 1012.8,-0.059,-0.070,  308,   6.9,   3.9
25-Oct-2018 23:00, 2.202,-9999 ,  25.1, 1013.4,-0.081,-0.085,  302,   6.3,   4.9
26-Oct-2018 00:00, 4.046,-9999 ,  25.1, 1013.8,-0.157,-0.155,  304,   7.2,   5.3
26-Oct-2018 01:00, 6.021,-9999 ,  25.3, 1013.9,-0.167,-0.161,  298,   7.2,   4.8
26-Oct-2018 02:00, 7.920,-9999 ,  25.3, 1013.5,-0.164,-0.158,  305,   7.3,   5.4
26-Oct-2018 03:00, 9.251,-9999 ,  25.5, 1013.2,-0.102,-0.099,  295,   9.0,   5.7
26-Oct-2018 04:00, 9.300,-9999 ,  25.4, 1012.3,-0.088,-0.089,  283,   8.4,   5.5
26-Oct-2018 05:00, 8.079,-9999 ,  26.0, 1011.8,-0.149,-0.159,  278,   7.0,   4.0
26-Oct-2018 06:00, 6.475,-9999 ,  26.1, 1011.1,-0.126,-0.141,  277,   8.0,   5.0
26-Oct-2018 07:00, 4.798,-9999 ,  26.3, 1010.5,-0.128,-0.150,  275,   8.5,   4.8
26-Oct-2018 08:00, 3.131,-9999 ,  26.0, 1010.3,-0.117,-0.144,  302,   7.7,   3.7
26-Oct-2018 09:00, 1.766,-9999 ,  26.0, 1010.5,-0.078,-0.107,  306,   6.0,   3.4
26-Oct-2018 10:00, 1.279,-9999 ,  25.6, 1011.1,-0.063,-0.090,  289,   5.7,   4.1
26-Oct-2018 11:00, 2.328,-9999 ,  25.6, 1012.0,-0.019,-0.040,  282,   7.7,   4.6
26-Oct-2018 12:00, 4.205,-9999 ,  25.8, 1012.6,-0.096,-0.107,  261,   8.1,   4.6
26-Oct-2018 13:00, 6.240,-9999 ,  25.7, 1012.7,-0.116,-0.123,  272,   7.4,   4.5
26-Oct-2018 14:00, 8.214,-9999 ,  25.6, 1012.7,-0.093,-0.099,  275,   8.6,   6.5
26-Oct-2018 15:00, 9.569,-9999 ,  25.3, 1012.2,-0.135,-0.141,  273,   8.5,   6.3
26-Oct-2018 16:00, 9.714,-9999 ,  25.3, 1011.7,-0.174,-0.185,  275,   8.1,   6.2
26-Oct-2018 17:00, 8.608,-9999 ,  25.1, 1010.8,-0.159,-0.175,  278,   9.1,   6.2
26-Oct-2018 18:00, 6.956,-9999 ,  25.1, 1010.5,-0.080,-0.105,  276,   8.8,   6.2
26-Oct-2018 19:00, 5.193,-9999 ,  25.2, 1010.6,-0.067,-0.094,  266,   8.4,   5.8
26-Oct-2018 20:00, 3.386,-9999 ,  25.2, 1011.0,-0.059,-0.085,  264,   8.4,   6.5
26-Oct-2018 21:00, 1.760,-9999 ,  25.3, 1011.6,-0.027,-0.049,  253,   8.5,   6.0
26-Oct-2018 22:00, 0.823,-9999 ,  25.4, 1012.2,-0.030,-0.046,  253,   7.8,   6.1
26-Oct-2018 23:00, 1.398,-9999 ,  25.9, 1012.5, 0.015, 0.005,  242,   7.7,   5.4
27-Oct-2018 00:00, 3.056,-9999 ,  26.8, 1012.8,-0.082,-0.090,  245,   6.4,   4.5
27-Oct-2018 01:00, 4.994,-9999 ,  26.3, 1012.9,-0.154,-0.158,  232,   6.1,   4.2
27-Oct-2018 02:00, 6.982,-9999 ,  26.3, 1012.4,-0.158,-0.162,  288,   5.8,   3.5
27-Oct-2018 03:00, 8.682,-9999 ,  26.1, 1011.9,-0.160,-0.168,  290,   6.3,   4.7
27-Oct-2018 04:00, 9.414,-9999 ,  26.2, 1011.1,-0.140,-0.154,  292,   7.8,   5.5
27-Oct-2018 05:00, 8.743,-9999 ,  26.2, 1010.2,-0.168,-0.190,  296,   9.7,   6.6
27-Oct-2018 06:00, 7.262,-9999 ,  26.5, 1009.5,-0.153,-0.184,  293,   9.0,   7.0
27-Oct-2018 07:00, 5.643,-9999 ,  26.2, 1009.1,-0.126,-0.163,  290,   9.5,   7.8
27-Oct-2018 08:00, 3.974,-9999 ,  26.4, 1008.8,-0.120,-0.161,  289,   9.8,   7.6
27-Oct-2018 09:00, 2.427,-9999 ,  26.1, 1009.0,-0.081,-0.125,  286,   9.5,   6.9
27-Oct-2018 10:00, 1.387,-9999 ,  25.7, 1009.3,-0.089,-0.131,  286,   8.4,   6.2
27-Oct-2018 11:00, 1.707,-9999 ,  25.6, 1009.8,-0.010,-0.049,  290,   7.9,   5.5
27-Oct-2018 12:00, 3.327,-9999 ,  25.4, 1009.9,-0.022,-0.056,  293,   7.0,   4.7
27-Oct-2018 13:00, 5.334,-9999 ,  25.4, 1010.1,-0.079,-0.112,  297,   6.9,   4.8
27-Oct-2018 14:00, 7.381,-9999 ,  25.4, 1010.2,-0.032,-0.063,  305,   6.4,   5.3
27-Oct-2018 15:00, 9.066,-9999 ,  25.4, 1009.8,-0.086,-0.116,  306,   6.4,   4.4
27-Oct-2018 16:00, 9.802,-9999 ,  25.4, 1009.6,-0.177,-0.211,  300,   6.7,   5.3
27-Oct-2018 17:00, 9.248,-9999 ,  25.6, 1009.3,-0.177,-0.213,  278,   7.1,   5.1
27-Oct-2018 18:00, 7.767,-9999 ,  25.6, 1009.2,-0.110,-0.149,  257,   7.2,   4.7
27-Oct-2018 19:00, 6.048,-9999 ,  25.5, 1009.0,-0.077,-0.118,  263,   5.6,   3.3
27-Oct-2018 20:00, 4.270,-9999 ,  25.7, 1009.4,-0.104,-0.145,  244,   5.1,   2.7
27-Oct-2018 21:00, 2.551,-9999 ,  25.5, 1009.7,-0.072,-0.110,  257,   5.5,   3.1
27-Oct-2018 22:00, 1.190,-9999 ,  25.6, 1010.0,-0.087,-0.122,  260,   4.8,   2.5
27-Oct-2018 23:00, 0.989,-9999 ,  25.9, 1010.4,-0.033,-0.065,  261,   4.7,   3.3
28-Oct-2018 00:00, 2.237,-9999 ,  25.7, 1010.5,-0.009,-0.037,  288,   5.1,   3.1
28-Oct-2018 01:00, 4.048,-9999 ,  25.8, 1010.4,-0.105,-0.132,  291,   5.7,   4.3
28-Oct-2018 02:00, 5.956,-9999 ,  25.8, 1009.9,-0.103,-0.132,  292,   6.8,   5.1
28-Oct-2018 03:00, 7.769,-9999 ,  25.9, 1009.4,-0.127,-0.160,  289,   7.7,   6.1
28-Oct-2018 04:00, 9.044,-9999 ,  26.1, 1008.3,-0.121,-0.160,  294,   8.7,   7.0
28-Oct-2018 05:00, 9.095,-9999 ,  26.5, 1007.5,-0.116,-0.166,  285,  10.2,   7.9
28-Oct-2018 06:00, 7.969,-9999 ,  26.6, 1006.7,-0.121,-0.179,  279,  10.6,   8.7
28-Oct-2018 07:00, 6.473,-9999 ,  26.8, 1006.4,-0.072,-0.137,  280,  10.9,   8.5
28-Oct-2018 08:00, 4.888,-9999 ,  26.8, 1006.2,-0.090,-0.158,  283,  10.3,   8.2
28-Oct-2018 09:00, 3.305,-9999 ,  26.9, 1006.4,-0.086,-0.156,  283,   9.5,   7.0
28-Oct-2018 10:00, 2.005,-9999 ,  26.7, 1007.0,-0.090,-0.158,  277,   9.5,   6.8
28-Oct-2018 11:00, 1.583,-9999 ,  26.4, 1007.9,-0.083,-0.144,  307,   7.0,   3.7
28-Oct-2018 12:00, 2.609,-9999 ,  26.3, 1008.4,-0.025,-0.078,  308,   5.5,   3.9
28-Oct-2018 13:00, 4.424,-9999 ,  26.2, 1008.8,-0.087,-0.135,  302,   6.6,   4.5
28-Oct-2018 14:00, 6.365,-9999 ,  26.2, 1009.0,-0.062,-0.106,  278,   6.9,   5.3
28-Oct-2018 15:00, 8.142,-9999 ,  26.2, 1008.8,-0.074,-0.116,  268,   7.0,   5.0
28-Oct-2018 16:00, 9.329,-9999 ,  26.0, 1008.3,-0.180,-0.225,  256,   7.9,   6.7
28-Oct-2018 17:00, 9.450,-9999 ,  25.7, 1007.6,-0.201,-0.251,  258,   8.7,   7.2
28-Oct-2018 18:00, 8.404,-9999 ,  25.8, 1007.3,-0.146,-0.202,  252,   9.5,   7.6
28-Oct-2018 19:00, 6.854,-9999 ,  25.7, 1006.8,-0.057,-0.117,  237,  12.9,  10.9
28-Oct-2018 20:00, 5.234,-9999 ,  25.8, 1007.2,-0.052,-0.116,  229,  12.1,   9.8
28-Oct-2018 21:00, 3.564,-9999 ,  25.6, 1007.8,-0.071,-0.131,  223,  11.2,   7.8
28-Oct-2018 22:00, 2.057,-9999 ,  26.0, 1007.8,-0.083,-0.137,  248,  10.7,   8.7
28-Oct-2018 23:00, 1.209,-9999 ,  26.3, 1008.6,-0.122,-0.175,  253,  10.0,   7.2
29-Oct-2018 00:00, 1.732,-9999 ,  26.4, 1009.3,-0.059,-0.104,  257,   8.3,   5.0
29-Oct-2018 01:00, 3.235,-9999 ,  26.5, 1009.5,-0.107,-0.146,  250,   6.7,   5.6
29-Oct-2018 02:00, 4.931,-9999 ,  26.6, 1009.0,-0.148,-0.185,  280,   6.5,   5.4
29-Oct-2018 03:00, 6.643,-9999 ,  26.8, 1008.3,-0.119,-0.162,  285,   6.8,   5.5
29-Oct-2018 04:00, 8.116,-9999 ,  27.0, 1007.5,-0.143,-0.193,  287,   7.2,   6.1
29-Oct-2018 05:00, 8.823,-9999 ,  27.0, 1006.7,-0.136,-0.194,  290,   8.5,   6.9
29-Oct-2018 06:00, 8.289,-9999 ,  27.0, 1006.0,-0.169,-0.234,  288,   9.6,   7.9
29-Oct-2018 07:00, 7.036,-9999 ,  27.1, 1005.5,-0.138,-0.212,  284,   9.8,   7.6
29-Oct-2018 08:00, 5.679,-9999 ,  27.3, 1005.2,-0.088,-0.166,  281,  10.4,   8.6
29-Oct-2018 09:00, 4.256,-9999 ,-9999 ,-9999.0,-0.088,-9999 ,-9999,  10.8,-9999
29-Oct-2018 10:00, 2.916,-9999 ,-9999 ,-9999.0,-0.088,-9999 ,-9999,-9999 ,-9999
29-Oct-2018 11:00, 2.092,-9999 ,-9999 ,-9999.0,-0.090,-9999 ,-9999,-9999 ,-9999
29-Oct-2018 12:00, 2.320,-9999 ,-9999 ,-9999.0,-0.091,-9999 ,-9999,-9999 ,-9999
29-Oct-2018 13:00, 3.699,-9999 ,-9999 ,-9999.0,-0.092,-9999 ,-9999,-9999 ,-9999
29-Oct-2018 14:00, 5.436,-9999 ,-9999 ,-9999.0,-0.094,-9999 ,-9999,-9999 ,-9999
29-Oct-2018 15:00, 7.058,-9999 ,-9999 ,-9999.0,-0.095,-9999 ,-9999,-9999 ,-9999
29-Oct-2018 16:00, 8.472,-9999 ,-9999 ,-9999.0,-0.096,-9999 ,-9999,-9999 ,-9999
29-Oct-2018 17:00, 9.188,-9999 ,-9999 ,-9999.0,-0.097,-9999 ,-9999,-9999 ,-9999
29-Oct-2018 18:00, 8.759,-9999 ,-9999 ,-9999.0,-0.099,-9999 ,-9999,-9999 ,-9999
29-Oct-2018 19:00, 7.447,-9999 ,-9999 ,-9999.0,-0.100,-9999 ,-9999,-9999 ,-9999
29-Oct-2018 20:00, 5.967,-9999 ,-9999 ,-9999.0,-0.101,-9999 ,-9999,-9999 ,-9999
29-Oct-2018 21:00, 4.535,-9999 ,-9999 ,-9999.0,-0.103,-9999 ,-9999,-9999 ,-9999
29-Oct-2018 22:00, 3.120,-9999 ,-9999 ,-9999.0,-0.104,-9999 ,-9999,-9999 ,-9999
29-Oct-2018 23:00, 2.061,-9999 ,-9999 ,-9999.0,-0.105,-9999 ,-9999,-9999 ,-9999
30-Oct-2018 00:00, 1.853,-9999 ,-9999 ,-9999.0,-0.107,-9999 ,-9999,-9999 ,-9999
30-Oct-2018 01:00, 2.765,-9999 ,-9999 ,-9999.0,-0.108,-9999 ,-9999,-9999 ,-9999
30-Oct-2018 02:00, 4.222,-9999 ,-9999 ,-9999.0,-0.109,-9999 ,-9999,-9999 ,-9999
30-Oct-2018 03:00, 5.633,-9999 ,-9999 ,-9999.0,-0.110,-9999 ,-9999,-9999 ,-9999
30-Oct-2018 04:00, 6.988,-9999 ,-9999 ,-9999.0,-0.112,-9999 ,-9999,-9999 ,-9999
30-Oct-2018 05:00, 8.021,-9999 ,-9999 ,-9999.0,-0.112,-9999 ,-9999,-9999 ,-9999
30-Oct-2018 06:00, 8.201,-9999 ,  28.7, 1005.9,-0.121,-0.189,  284,   9.9,   8.1
30-Oct-2018 07:00, 7.416,-9999 ,  28.4, 1005.4,-0.144,-0.219,  291,  11.3,   9.0
30-Oct-2018 08:00, 6.282,-9999 ,  28.1, 1005.1,-0.107,-0.185,  293,  10.9,   8.1
30-Oct-2018 09:00, 5.079,-9999 ,  28.1, 1005.5,-0.126,-0.207,  288,  10.1,   7.9
30-Oct-2018 10:00, 3.905,-9999 ,  27.8, 1006.1,-0.123,-0.199,  287,  10.0,   7.5
30-Oct-2018 11:00, 2.977,-9999 ,  27.5, 1007.2,-0.110,-0.180,  306,   9.7,   6.0
30-Oct-2018 12:00, 2.644,-9999 ,  27.2, 1008.2,-0.140,-0.199,  324,   7.5,   4.2
30-Oct-2018 13:00, 3.312,-9999 ,  27.1, 1008.3,-0.138,-0.188,  304,   6.0,   4.8
30-Oct-2018 14:00, 4.653,-9999 ,  27.1, 1008.3,-0.151,-0.201,  295,   7.0,   5.6
30-Oct-2018 15:00, 6.093,-9999 ,  26.9, 1008.3,-0.095,-0.144,  290,   5.7,   3.2
30-Oct-2018 16:00, 7.388,-9999 ,  26.7, 1007.7,-0.048,-0.098,  298,   4.0,   3.0
30-Oct-2018 17:00, 8.311,-9999 ,  26.4, 1007.7,-0.057,-0.113,  339,   4.1,   3.5
30-Oct-2018 18:00, 8.461,-9999 ,  25.5, 1008.3,-0.119,-0.173,   79,   6.6,   3.3
30-Oct-2018 19:00, 7.729,-9999 ,  25.0, 1008.1,-0.156,-0.205,   80,   4.0,   1.7
30-Oct-2018 20:00, 6.600,-9999 ,  25.1, 1008.4,-0.093,-0.144,    1,   2.9,   1.1
30-Oct-2018 21:00, 5.391,-9999 ,  25.6, 1008.7,-0.100,-0.148,  312,   2.9,   2.3
30-Oct-2018 22:00, 4.181,-9999 ,  25.4, 1009.3,-0.143,-0.187,  347,   3.3,   2.2
30-Oct-2018 23:00, 3.154,-9999 ,  26.8, 1009.5,-0.135,-0.175,  333,   4.6,   4.0
31-Oct-2018 00:00, 2.602,-9999 ,  27.7, 1010.0,-0.112,-0.149,  328,   5.4,   4.0
31-Oct-2018 01:00, 2.909,-9999 ,  28.1, 1010.1,-0.014,-0.046,  341,   5.9,   4.0
31-Oct-2018 02:00, 3.836,-9999 ,  27.6, 1009.7,-0.027,-0.058,  306,   7.5,   5.9
31-Oct-2018 03:00, 4.925,-9999 ,  27.4, 1008.8,-0.046,-0.082,  286,   7.5,   6.1
31-Oct-2018 04:00, 6.022,-9999 ,  27.5, 1008.1,-0.001,-0.046,  286,   7.8,   6.0
31-Oct-2018 05:00, 7.000,-9999 ,  27.8, 1007.5, 0.010,-0.042,  282,   7.2,   6.0
31-Oct-2018 06:00, 7.605,-9999 ,  27.8, 1007.1, 0.009,-0.049,  288,   8.3,   6.3
31-Oct-2018 07:00, 7.475,-9999 ,  28.0, 1007.1,-0.039,-0.100,  302,   8.3,   5.8
31-Oct-2018 08:00, 6.703,-9999 ,  27.9, 1006.9,-0.099,-0.161,  305,   8.3,   6.5
31-Oct-2018 09:00, 5.762,-9999 ,  27.8, 1007.3,-0.131,-0.194,  314,   7.8,   6.0
31-Oct-2018 10:00, 4.813,-9999 ,  27.4, 1007.8,-0.170,-0.229,  318,   7.7,   5.6
31-Oct-2018 11:00, 3.997,-9999 ,  27.2, 1008.5,-0.153,-0.206,  325,   6.7,   4.3
31-Oct-2018 12:00, 3.510,-9999 ,  27.0, 1009.1,-0.113,-0.160,  328,   5.9,   4.5
31-Oct-2018 13:00, 3.617,-9999 ,  27.1, 1009.6,-0.044,-0.084,  325,   6.1,   3.8
31-Oct-2018 14:00, 4.368,-9999 ,  26.8, 1009.6,-0.004,-0.041,  322,   4.5,   3.8
31-Oct-2018 15:00, 5.377,-9999 ,  26.9, 1009.1,-0.012,-0.049,  317,   6.4,   5.1
31-Oct-2018 16:00, 6.354,-9999 ,  26.7, 1008.5,-0.017,-0.059,  315,   6.8,   4.0
31-Oct-2018 17:00, 7.176,-9999 ,  26.6, 1008.7,-0.034,-0.081,  297,   5.0,   3.6
31-Oct-2018 18:00, 7.669,-9999 ,  26.7, 1008.4,-0.047,-0.093,  290,   5.4,   3.8
31-Oct-2018 19:00, 7.590,-9999 ,  26.6, 1008.5,-0.087,-0.135,  299,   5.1,   2.6
31-Oct-2018 20:00, 6.979,-9999 ,  26.4, 1009.0,-0.075,-0.122,  323,   3.5,   1.1
31-Oct-2018 21:00, 6.122,-9999 ,  26.6, 1009.9,-0.052,-0.093,  327,   2.2,   0.5
31-Oct-2018 22:00, 5.190,-9999 ,  27.1, 1010.7,-0.097,-0.129,  137,   2.8,   1.9
31-Oct-2018 23:00, 4.338,-9999 ,  25.6, 1011.2,-0.115,-0.139,  104,   6.5,   4.9
01-Nov-2018 00:00, 3.710,-9999 ,  26.4, 1011.7,-0.100,-0.120,  108,   5.8,   4.6
01-Nov-2018 01:00, 3.494,-9999 ,  27.5, 1011.6,-0.059,-0.074,  119,   4.9,   4.0
01-Nov-2018 02:00, 3.802,-9999 ,  28.7, 1011.0,-0.021,-0.038,  138,   4.3,   1.6
01-Nov-2018 03:00, 4.440,-9999 ,  29.1, 1010.4,-0.017,-0.040,  272,   4.9,   3.4
01-Nov-2018 04:00, 5.152,-9999 ,  28.2, 1009.8,-0.018,-0.047,  295,   7.5,   6.3
01-Nov-2018 05:00, 5.853,-9999 ,  29.3, 1009.1,-0.032,-0.067,  315,  10.3,   8.8
01-Nov-2018 06:00, 6.501,-9999 ,  28.4, 1008.7,-0.009,-0.051,  308,  11.4,   9.3
01-Nov-2018 07:00, 6.872,-9999 ,  28.8, 1008.5,-0.020,-0.066,  327,  11.1,   9.1
01-Nov-2018 08:00, 6.759,-9999 ,  28.1, 1008.4,-0.073,-0.120,  329,  11.3,   9.3
01-Nov-2018 09:00, 6.259,-9999 ,  28.0, 1008.7,-0.128,-0.176,  323,  11.4,   8.0
01-Nov-2018 10:00, 5.658,-9999 ,  27.9, 1009.6,-0.139,-0.183,  311,   9.9,   7.0
01-Nov-2018 11:00, 5.077,-9999 ,  27.6, 1009.8,-0.119,-0.155,  298,   9.3,   6.7
01-Nov-2018 12:00, 4.573,-9999 ,  27.6, 1010.7,-0.119,-0.152,  286,   8.4,   5.5
01-Nov-2018 13:00, 4.315,-9999 ,  27.6, 1011.1,-0.083,-0.108,  264,   7.0,   5.4
01-Nov-2018 14:00, 4.450,-9999 ,  27.4, 1011.1,-0.001,-0.022,  259,   6.8,   5.4
01-Nov-2018 15:00, 4.867,-9999 ,  27.3, 1010.9, 0.007,-0.015,  252,   7.0,   5.2
01-Nov-2018 16:00, 5.390,-9999 ,  27.1, 1010.6,-0.053,-0.077,  246,   6.9,   4.6
01-Nov-2018 17:00, 5.957,-9999 ,  27.0, 1010.1,-0.098,-0.125,  246,   6.4,   4.8
01-Nov-2018 18:00, 6.490,-9999 ,  27.2, 1010.0,-0.062,-0.094,  250,   5.6,   4.3
01-Nov-2018 19:00, 6.826,-9999 ,  27.3, 1010.6,-0.037,-0.069,  224,   5.1,   4.3
01-Nov-2018 20:00, 6.788,-9999 ,  26.8, 1011.3,-0.101,-0.126,  174,   5.1,   3.7
01-Nov-2018 21:00, 6.460,-9999 ,  26.8, 1011.4,-0.120,-0.139,  196,   4.3,   3.2
01-Nov-2018 22:00, 5.998,-9999 ,  26.9, 1012.0,-0.083,-0.101,  183,   4.4,   3.4
01-Nov-2018 23:00, 5.445,-9999 ,  27.4, 1012.6,-0.078,-0.090,  192,   4.3,   2.8
02-Nov-2018 00:00, 4.922,-9999 ,  27.5, 1013.0,-0.076,-0.082,  244,   2.9,   0.9
02-Nov-2018 01:00, 4.516,-9999 ,  27.8, 1013.3,-0.061,-0.063,  227,   2.6,   2.0
02-Nov-2018 02:00, 4.272,-9999 ,  28.5, 1012.8,-0.064,-0.064,  256,   4.0,   2.6
02-Nov-2018 03:00, 4.270,-9999 ,  28.5, 1012.1,-0.071,-0.076,  289,   5.8,   4.6
02-Nov-2018 04:00, 4.488,-9999 ,  29.0, 1011.2,-0.070,-0.082,  302,   7.1,   5.5
02-Nov-2018 05:00, 4.850,-9999 ,  30.0, 1010.3,-0.087,-0.108,  300,   8.1,   6.5
02-Nov-2018 06:00, 5.327,-9999 ,  29.3, 1009.6,-0.063,-0.093,  295,   9.2,   7.6
02-Nov-2018 07:00, 5.834,-9999 ,  29.2, 1009.2,-0.036,-0.073,  288,  10.3,   7.8
02-Nov-2018 08:00, 6.233,-9999 ,  29.2, 1008.7,-0.069,-0.109,  288,  10.1,   8.4
02-Nov-2018 09:00, 6.447,-9999 ,  29.1, 1008.9,-0.045,-0.091,  291,   9.6,   7.7
02-Nov-2018 10:00, 6.386,-9999 ,  28.7, 1009.8,-0.023,-0.065,  291,   9.5,   6.7
02-Nov-2018 11:00, 6.070,-9999 ,  28.7, 1010.4,-0.077,-0.110,  287,   7.7,   5.2
02-Nov-2018 12:00, 5.680,-9999 ,  28.6, 1011.0,-0.127,-0.155,  289,   6.4,   5.0
02-Nov-2018 13:00, 5.326,-9999 ,  28.4, 1011.7,-0.114,-0.135,  296,   6.2,   3.5
02-Nov-2018 14:00, 5.023,-9999 ,  28.4, 1011.9,-0.066,-0.081,  289,   5.7,   3.7
02-Nov-2018 15:00, 4.811,-9999 ,  28.3, 1011.4,-0.039,-0.053,  282,   4.9,   4.3
02-Nov-2018 16:00, 4.745,-9999 ,  27.9, 1011.3,-0.066,-0.085,  300,   4.8,   2.4
02-Nov-2018 17:00, 4.916,-9999 ,  27.8, 1010.7,-0.087,-0.107,  287,   3.5,   2.8
02-Nov-2018 18:00, 5.263,-9999 ,  28.0, 1010.4,-0.060,-0.086,  263,   4.6,   3.6
02-Nov-2018 19:00, 5.633,-9999 ,  27.8, 1010.1,-0.059,-0.088,  257,   6.3,   4.8
02-Nov-2018 20:00, 6.012,-9999 ,  27.6, 1010.3,-0.097,-0.128,  241,   6.5,   4.2
02-Nov-2018 21:00, 6.347,-9999 ,  27.8, 1011.0,-0.091,-0.121,  240,   6.3,   5.3
02-Nov-2018 22:00, 6.476,-9999 ,  27.6, 1012.5,-0.069,-0.090,  134,   5.6,   4.3
02-Nov-2018 23:00, 6.358,-9999 ,  27.6, 1012.6,-0.068,-0.075,  141,   5.1,   2.9
03-Nov-2018 00:00, 6.079,-9999 ,  27.7, 1012.7,-0.067,-0.074,  184,   3.6,   2.6
03-Nov-2018 01:00, 5.679,-9999 ,  28.1, 1012.8,-0.074,-0.079,  237,   3.3,   2.6
03-Nov-2018 02:00, 5.206,-9999 ,  28.6, 1012.5,-0.066,-0.070,  259,   4.7,   3.4
03-Nov-2018 03:00, 4.741,-9999 ,  28.5, 1011.7,-0.034,-0.042,  293,   6.5,   5.6
03-Nov-2018 04:00, 4.355,-9999 ,  29.0, 1010.9,-0.023,-0.039,  303,   8.1,   6.6
03-Nov-2018 05:00, 4.126,-9999 ,  29.7, 1010.3,-0.105,-0.129,  296,   8.3,   6.4
03-Nov-2018 06:00, 4.211,-9999 ,  29.2, 1009.5,-0.152,-0.182,  309,  10.1,   8.3
03-Nov-2018 07:00, 4.671,-9999 ,  28.9, 1008.6,-0.063,-0.101,  300,  11.3,   9.4
03-Nov-2018 08:00, 5.333,-9999 ,  28.9, 1008.3,-0.006,-0.052,  304,  11.2,   8.6
03-Nov-2018 09:00, 5.989,-9999 ,  28.9, 1008.3,-0.042,-0.091,  307,  11.1,   8.3
03-Nov-2018 10:00, 6.542,-9999 ,  28.8, 1008.8,-0.041,-0.090,  302,  10.3,   7.2
03-Nov-2018 11:00, 6.885,-9999 ,  28.8, 1009.6, 0.017,-0.026,  295,   9.6,   6.5
03-Nov-2018 12:00, 6.873,-9999 ,  28.8, 1010.3, 0.002,-0.033,  303,   8.6,   6.3
03-Nov-2018 13:00, 6.523,-9999 ,  28.7, 1010.6,-0.081,-0.109,  305,   8.3,   6.4
03-Nov-2018 14:00, 5.982,-9999 ,  28.5, 1010.4,-0.106,-0.132,  305,   8.1,   6.1
03-Nov-2018 15:00, 5.366,-9999 ,  28.4, 1009.6,-0.058,-0.087,  301,   8.2,   6.1
03-Nov-2018 16:00, 4.767,-9999 ,  28.3, 1009.3, 0.010,-0.026,  302,   8.1,   5.5
03-Nov-2018 17:00, 4.291,-9999 ,  28.1, 1008.6,-0.014,-0.054,  295,   6.9,   5.3
03-Nov-2018 18:00, 4.095,-9999 ,  28.1, 1008.1,-0.089,-0.136,  282,   7.1,   4.9
03-Nov-2018 19:00, 4.341,-9999 ,  28.1, 1007.9,-0.047,-0.099,  284,   6.9,   5.7
03-Nov-2018 20:00, 4.953,-9999 ,  27.9, 1008.3, 0.029,-0.024,  286,   8.0,   5.1
03-Nov-2018 21:00, 5.664,-9999 ,  28.1, 1009.2,-0.007,-0.055,  293,   6.0,   4.0
03-Nov-2018 22:00, 6.322,-9999 ,  27.9, 1010.0,-0.081,-0.121,  320,   4.6,   1.5
03-Nov-2018 23:00, 6.884,-9999 ,  26.9, 1011.2,-0.040,-0.071,   40,   5.3,   3.4
04-Nov-2018 00:00, 7.161,-9999 ,  27.6, 1011.0, 0.042, 0.021,  293,   6.4,   5.4
04-Nov-2018 01:00, 6.937,-9999 ,  28.5, 1011.1,-0.006,-0.028,  303,   6.8,   3.8
04-Nov-2018 02:00, 6.356,-9999 ,  28.3, 1010.0,-0.056,-0.079,  291,   7.3,   5.6
04-Nov-2018 03:00, 5.634,-9999 ,  28.2, 1009.3,-0.008,-0.041,  294,   7.4,   6.1
04-Nov-2018 04:00, 4.825,-9999 ,  28.5, 1008.2, 0.049, 0.009,  301,   7.3,   5.9
04-Nov-2018 05:00, 4.050,-9999 ,  28.5, 1007.2, 0.026,-0.025,  295,   8.7,   6.8
04-Nov-2018 06:00, 3.506,-9999 ,  28.6, 1006.5,-0.101,-0.161,  319,   8.4,   6.5
04-Nov-2018 07:00, 3.532,-9999 ,  28.8, 1005.8,-0.102,-0.170,  310,   8.6,   7.2
04-Nov-2018 08:00, 4.191,-9999 ,  28.7, 1005.3, 0.008,-0.066,  304,   8.9,   6.9
04-Nov-2018 09:00, 5.128,-9999 ,  28.7, 1005.4, 0.012,-0.067,  314,   8.5,   6.8
04-Nov-2018 10:00, 6.120,-9999 ,  28.3, 1006.2,-0.041,-0.118,  313,   8.1,   6.0
04-Nov-2018 11:00, 7.053,-9999 ,  28.3, 1006.6,-0.026,-0.096,  311,   7.9,   6.4
04-Nov-2018 12:00, 7.679,-9999 ,  28.3, 1007.7, 0.018,-0.047,  317,   9.4,   6.8
04-Nov-2018 13:00, 7.775,-9999 ,  28.1, 1008.4, 0.031,-0.023,  318,   8.6,   5.6
04-Nov-2018 14:00, 7.267,-9999 ,  28.1, 1008.3,-0.002,-0.050,  309,   9.2,   7.7
04-Nov-2018 15:00, 6.348,-9999 ,  27.9, 1007.6,-0.042,-0.092,  304,   9.4,   7.7
04-Nov-2018 16:00, 5.318,-9999 ,  27.8, 1007.1, 0.003,-0.053,  318,  10.6,   8.5
04-Nov-2018 17:00, 4.320,-9999 ,  27.7, 1006.5, 0.058,-0.003,  314,  10.6,   7.7
04-Nov-2018 18:00, 3.512,-9999 ,  27.6, 1005.9, 0.022,-0.046,  318,  10.2,   7.8
04-Nov-2018 19:00, 3.160,-9999 ,  27.6, 1006.1,-0.029,-0.102,  317,   9.7,   6.1
04-Nov-2018 20:00, 3.521,-9999 ,  28.0, 1006.7,-0.028,-0.099,  292,   8.4,   6.2
04-Nov-2018 21:00, 4.471,-9999 ,  27.9, 1007.6,-0.004,-0.068,  281,   8.2,   5.7
04-Nov-2018 22:00, 5.629,-9999 ,  28.0, 1008.5, 0.000,-0.055,  266,   8.7,   5.9
04-Nov-2018 23:00, 6.720,-9999 ,  28.2, 1009.4,-0.034,-0.080,  276,   8.2,   5.2
05-Nov-2018 00:00, 7.589,-9999 ,  28.1, 1009.7,-0.022,-0.060,  278,   6.8,   5.2
05-Nov-2018 01:00, 8.008,-9999 ,  28.1, 1009.6, 0.064, 0.029,  281,   6.4,   5.1
05-Nov-2018 02:00, 7.666,-9999 ,  28.1, 1009.0, 0.059, 0.023,  309,   7.5,   4.8
05-Nov-2018 03:00, 6.744,-9999 ,  28.3, 1008.3, 0.010,-0.033,  306,   7.5,   5.0
05-Nov-2018 04:00, 5.621,-9999 ,  29.0, 1007.3, 0.015,-0.035,  310,   8.1,   6.3
05-Nov-2018 05:00, 4.451,-9999 ,  28.7, 1006.7, 0.027,-0.033,  323,   9.2,   7.4
05-Nov-2018 06:00, 3.421,-9999 ,  28.4, 1006.2,-0.007,-0.073,  317,  10.4,   8.8
05-Nov-2018 07:00, 2.782,-9999 ,  28.2, 1005.7,-0.066,-0.137,  315,  10.7,   8.5
05-Nov-2018 08:00, 2.929,-9999 ,  28.1, 1005.5,-0.080,-0.156,  314,  10.6,   8.9
05-Nov-2018 09:00, 3.895,-9999 ,  27.9, 1005.7,-0.059,-0.136,  310,  10.2,   7.9
05-Nov-2018 10:00, 5.235,-9999 ,  27.6, 1006.2,-0.043,-0.118,  317,   9.6,   7.3
05-Nov-2018 11:00, 6.619,-9999 ,  27.5, 1006.9,-0.046,-0.115,  313,   9.3,   7.3
05-Nov-2018 12:00, 7.812,-9999 ,  27.4, 1007.5,-0.063,-0.125,  315,   9.2,   6.9
05-Nov-2018 13:00, 8.558,-9999 ,  27.4, 1007.8,-0.011,-0.068,  313,   9.1,   7.5
05-Nov-2018 14:00, 8.458,-9999 ,  27.3, 1008.0, 0.011,-0.043,  316,   8.2,   6.6
05-Nov-2018 15:00, 7.511,-9999 ,  27.1, 1007.4,-0.045,-0.097,  321,   8.0,   6.4
05-Nov-2018 16:00, 6.254,-9999 ,  27.0, 1006.8,-0.009,-0.068,  322,   7.9,   5.5
05-Nov-2018 17:00, 4.897,-9999 ,  27.1, 1006.3, 0.056,-0.008,  324,   7.8,   6.0
05-Nov-2018 18:00, 3.571,-9999 ,  27.1, 1005.7, 0.054,-0.016,  320,   8.1,   6.8
05-Nov-2018 19:00, 2.514,-9999 ,  27.3, 1005.9,-0.018,-0.093,  304,   8.1,   6.7
05-Nov-2018 20:00, 2.212,-9999 ,  27.4, 1006.1,-0.080,-0.153,  304,   8.3,   6.7
05-Nov-2018 21:00, 3.027,-9999 ,  27.4, 1006.5,-0.040,-0.111,  314,   8.3,   6.3
05-Nov-2018 22:00, 4.430,-9999 ,  27.5, 1007.5,-0.010,-0.076,  278,   8.9,   6.2
05-Nov-2018 23:00, 5.934,-9999 ,  27.7, 1008.1,-0.025,-0.081,  276,   8.4,   5.5
06-Nov-2018 00:00, 7.342,-9999 ,  27.8, 1008.7,-0.053,-0.104,  268,   7.7,   5.2
06-Nov-2018 01:00, 8.383,-9999 ,  28.1, 1008.8,-0.034,-0.079,  278,   6.8,   5.1
06-Nov-2018 02:00, 8.594,-9999 ,  28.2, 1008.7,-0.017,-0.061,  277,   6.4,   5.0
06-Nov-2018 03:00, 7.822,-9999 ,  28.2, 1008.0,-0.069,-0.115,  285,   6.9,   5.2
06-Nov-2018 04:00, 6.592,-9999 ,  28.1, 1007.5,-0.052,-0.104,  290,   7.7,   5.2
06-Nov-2018 05:00, 5.227,-9999 ,  28.1, 1006.6,-0.008,-0.066,  288,   8.1,   5.7
06-Nov-2018 06:00, 3.862,-9999 ,  28.3, 1005.9,-0.001,-0.068,  291,   8.2,   6.5
06-Nov-2018 07:00, 2.702,-9999 ,  28.1, 1005.5,-0.017,-0.090,  292,   8.6,   5.8
06-Nov-2018 08:00, 2.103,-9999 ,  28.1, 1005.2,-0.072,-0.150,  309,   8.3,   6.3
06-Nov-2018 09:00, 2.620,-9999 ,  27.9, 1005.3,-0.118,-0.198,  308,   7.7,   6.7
06-Nov-2018 10:00, 4.024,-9999 ,  27.6, 1005.6,-0.120,-0.199,  317,   7.6,   5.4
06-Nov-2018 11:00, 5.694,-9999 ,  27.5, 1006.2,-0.109,-0.185,  317,   7.0,   5.2
06-Nov-2018 12:00, 7.359,-9999 ,  27.5, 1006.9,-0.093,-0.162,  309,   6.7,   5.1
06-Nov-2018 13:00, 8.722,-9999 ,  27.4, 1007.3,-0.063,-0.125,  317,   6.4,   5.0
06-Nov-2018 14:00, 9.281,-9999 ,  27.2, 1007.4,-0.017,-0.076,  325,   5.9,   4.0
06-Nov-2018 15:00, 8.661,-9999 ,  27.1, 1007.0,-0.058,-0.117,  325,   5.9,   4.6
06-Nov-2018 16:00, 7.325,-9999 ,  26.9, 1006.3,-0.060,-0.123,  325,   6.3,   4.7
06-Nov-2018 17:00, 5.820,-9999 ,  26.9, 1005.5, 0.042,-0.028,  321,   7.7,   6.3
06-Nov-2018 18:00, 4.222,-9999 ,  26.9, 1005.3, 0.086, 0.008,  326,   8.0,   5.8
06-Nov-2018 19:00, 2.720,-9999 ,  27.0, 1005.4, 0.073,-0.006,  315,   7.8,   6.3
06-Nov-2018 20:00, 1.649,-9999 ,  27.1, 1005.8, 0.010,-0.068,  296,   8.4,   6.3
06-Nov-2018 21:00, 1.737,-9999 ,  27.2, 1006.1,-0.039,-0.113,  288,   7.4,   5.7
06-Nov-2018 22:00, 3.041,-9999 ,  27.4, 1006.9,-0.026,-0.096,  275,   7.4,   5.2
06-Nov-2018 23:00, 4.742,-9999 ,  27.5, 1007.7,-0.056,-0.118,  258,   7.5,   5.8
07-Nov-2018 00:00, 6.511,-9999 ,  27.6, 1008.1,-0.072,-0.127,  271,   6.8,   4.2
07-Nov-2018 01:00, 8.132,-9999 ,  27.8, 1008.1,-0.050,-0.101,  281,   5.5,   4.0
07-Nov-2018 02:00, 9.083,-9999 ,  28.0, 1007.7,-0.012,-0.063,  289,   5.8,   4.2
07-Nov-2018 03:00, 8.847,-9999 ,  28.7, 1007.3,-0.027,-0.082,  286,   5.4,   2.6
07-Nov-2018 04:00, 7.682,-9999 ,  28.8, 1006.7,-0.042,-0.102,  291,   4.8,   2.8
07-Nov-2018 05:00, 6.222,-9999 ,  28.7, 1006.1, 0.003,-0.063,  298,   5.7,   3.2
07-Nov-2018 06:00, 4.691,-9999 ,  28.5, 1005.5, 0.033,-0.039,  307,   6.2,   4.3
07-Nov-2018 07:00, 3.209,-9999 ,  28.7, 1004.8, 0.015,-0.063,  310,   7.0,   4.9
07-Nov-2018 08:00, 2.040,-9999 ,  28.8, 1004.6, 0.004,-0.080,  309,   7.9,   5.0
07-Nov-2018 09:00, 1.808,-9999 ,  28.6, 1005.0,-0.022,-0.108,  322,   7.5,   5.5
07-Nov-2018 10:00, 2.922,-9999 ,  28.2, 1005.2,-0.022,-0.104,  321,   8.7,   5.8
07-Nov-2018 11:00, 4.663,-9999 ,  28.3, 1005.8,-0.054,-0.134,  306,   8.1,   3.6
07-Nov-2018 12:00, 6.536,-9999 ,  28.3, 1006.5,-0.068,-0.141,  307,   6.4,   2.8
07-Nov-2018 13:00, 8.321,-9999 ,  28.2, 1007.0,-0.051,-0.118,  307,   7.2,   5.5
07-Nov-2018 14:00, 9.527,-9999 ,  28.1, 1007.3,-0.032,-0.094,  279,   6.5,   5.3
07-Nov-2018 15:00, 9.572,-9999 ,  28.0, 1007.1,-0.017,-0.076,  260,   6.8,   4.1
07-Nov-2018 16:00, 8.445,-9999 ,  28.0, 1006.7,-0.036,-0.097,  240,   6.9,   5.7
07-Nov-2018 17:00, 6.832,-9999 ,  27.7, 1006.2,-0.009,-0.075,  232,   7.6,   6.2
07-Nov-2018 18:00, 5.111,-9999 ,  27.6, 1005.8, 0.048,-0.022,  245,   7.6,   5.6
07-Nov-2018 19:00, 3.358,-9999 ,  28.0, 1005.7, 0.045,-0.029,  241,   6.6,   5.4
07-Nov-2018 20:00, 1.808,-9999 ,  28.1, 1006.0, 0.021,-0.054,  243,   6.7,   4.8
07-Nov-2018 21:00, 1.022,-9999 ,  27.7, 1006.4,-0.045,-0.117,  211,   5.9,   3.1
07-Nov-2018 22:00, 1.774,-9999 ,  28.0, 1006.7,-0.031,-0.099,  233,   5.2,   4.5
07-Nov-2018 23:00, 3.479,-9999 ,  28.4, 1007.0,-0.036,-0.100,  245,   5.1,   4.0
08-Nov-2018 00:00, 5.372,-9999 ,  28.9, 1007.5,-0.087,-0.148,  249,   5.8,   4.7
08-Nov-2018 01:00, 7.294,-9999 ,  28.5, 1007.6,-0.087,-0.144,  278,   6.3,   5.0
08-Nov-2018 02:00, 8.841,-9999 ,  28.4, 1007.2,-0.071,-0.128,  288,   6.9,   5.4
08-Nov-2018 03:00, 9.390,-9999 ,  28.4, 1006.4,-0.021,-0.081,  300,   7.5,   5.6
08-Nov-2018 04:00, 8.650,-9999 ,  28.3, 1005.5,-0.003,-0.072,  303,   9.0,   7.4
08-Nov-2018 05:00, 7.222,-9999 ,  28.1, 1004.7, 0.017,-0.060,  309,  10.5,   8.5
08-Nov-2018 06:00, 5.662,-9999 ,  28.3, 1004.1, 0.075,-0.010,  314,  11.0,   9.1
08-Nov-2018 07:00, 4.011,-9999 ,  28.6, 1003.8, 0.037,-0.055,  332,  11.3,   9.5
08-Nov-2018 08:00, 2.516,-9999 ,  28.5, 1003.8, 0.009,-0.085,  329,  12.3,  10.8
08-Nov-2018 09:00, 1.582,-9999 ,  28.4, 1004.3,-0.001,-0.095,  327,  12.4,   8.9
08-Nov-2018 10:00, 1.965,-9999 ,  28.3, 1005.6,-0.025,-0.113,  317,  10.1,   5.8
08-Nov-2018 11:00, 3.538,-9999 ,  28.2, 1006.9,-0.055,-0.130,  295,   7.4,   3.3
08-Nov-2018 12:00, 5.476,-9999 ,  28.1, 1008.0,-0.090,-0.151,  293,   5.4,   3.9
08-Nov-2018 13:00, 7.476,-9999 ,  28.0, 1008.7,-0.070,-0.121,    5,   5.6,   4.7
08-Nov-2018 14:00, 9.133,-9999 ,  27.2, 1010.1,-0.082,-0.125,  116,   5.5,   4.6
08-Nov-2018 15:00, 9.848,-9999 ,  27.1, 1009.7,-0.100,-0.131,  114,   9.9,   3.6
08-Nov-2018 16:00, 9.248,-9999 ,  27.3, 1008.6,-0.091,-0.127,  305,   5.8,   3.8
08-Nov-2018 17:00, 7.743,-9999 ,  27.1, 1008.1,-0.094,-0.141,  325,   6.8,   5.8
08-Nov-2018 18:00, 6.031,-9999 ,  26.7, 1008.2,-0.037,-0.088,  117,   7.8,   4.3
08-Nov-2018 19:00, 4.209,-9999 ,  25.9, 1008.1,-0.020,-0.070,  353,   7.8,   3.3
08-Nov-2018 20:00, 2.461,-9999 ,  26.3, 1008.0,-0.011,-0.063,   22,   4.3,   3.1
08-Nov-2018 21:00, 1.089,-9999 ,  26.0, 1008.3,-0.048,-0.100,    8,   4.8,   2.3
08-Nov-2018 22:00, 0.953,-9999 ,  26.9, 1008.6,-0.078,-0.127,  340,   4.6,   3.1
08-Nov-2018 23:00, 2.328,-9999 ,  27.7, 1009.2,-0.033,-0.079,  328,   4.4,   3.3
09-Nov-2018 00:00, 4.220,-9999 ,  28.6, 1009.3,-0.064,-0.104,  312,   4.1,   2.2
09-Nov-2018 01:00, 6.234,-9999 ,  28.6, 1009.5,-0.068,-0.107,  279,   4.3,   3.0
09-Nov-2018 02:00, 8.143,-9999 ,  28.4, 1009.3,-0.038,-0.076,  265,   4.6,   3.6
09-Nov-2018 03:00, 9.358,-9999 ,  28.5, 1008.7,-0.003,-0.043,  271,   6.0,   4.9
09-Nov-2018 04:00, 9.267,-9999 ,  28.4, 1008.0, 0.021,-0.025,  287,   6.9,   6.0
09-Nov-2018 05:00, 8.038,-9999 ,  28.6, 1007.3,-0.008,-0.061,  285,   8.4,   6.9
09-Nov-2018 06:00, 6.484,-9999 ,  28.5, 1006.7, 0.001,-0.059,  307,   9.9,   8.7
09-Nov-2018 07:00, 4.851,-9999 ,  28.7, 1006.3,-0.001,-0.066,  315,  10.7,   9.1
09-Nov-2018 08:00, 3.213,-9999 ,  28.5, 1006.1,-0.053,-0.123,  310,  11.5,   9.1
09-Nov-2018 09:00, 1.886,-9999 ,  28.6, 1006.5,-0.067,-0.138,  315,  10.9,   8.1
09-Nov-2018 10:00, 1.533,-9999 ,  28.3, 1006.9,-0.044,-0.111,  300,  10.0,   7.1
09-Nov-2018 11:00, 2.657,-9999 ,  28.4, 1007.9,-0.001,-0.064,  298,   9.0,   5.9
09-Nov-2018 12:00, 4.510,-9999 ,  28.6, 1009.6,-0.023,-0.075,  234,   7.0,   3.2
09-Nov-2018 13:00, 6.506,-9999 ,  28.6, 1010.0,-0.040,-0.075,  209,   3.7,   0.5
09-Nov-2018 14:00, 8.403,-9999 ,-9999 ,-9999.0,-0.036,-9999 ,-9999,   3.9,-9999
09-Nov-2018 15:00, 9.704,-9999 ,-9999 ,-9999.0,-0.019,-9999 ,-9999,-9999 ,-9999
09-Nov-2018 16:00, 9.773,-9999 ,-9999 ,-9999.0, 0.003,-9999 ,-9999,-9999 ,-9999
09-Nov-2018 17:00, 8.611,-9999 ,-9999 ,-9999.0, 0.006,-9999 ,-9999,-9999 ,-9999
09-Nov-2018 18:00, 6.947,-9999 ,-9999 ,-9999.0, 0.000,-9999 ,-9999,-9999 ,-9999
09-Nov-2018 19:00, 5.172,-9999 ,-9999 ,-9999.0, 0.004,-9999 ,-9999,-9999 ,-9999
09-Nov-2018 20:00, 3.365,-9999 ,-9999 ,-9999.0, 0.005,-9999 ,-9999,-9999 ,-9999
09-Nov-2018 21:00, 1.761,-9999 ,-9999 ,-9999.0, 0.001,-9999 ,-9999,-9999 ,-9999
09-Nov-2018 22:00, 0.933,-9999 ,-9999 ,-9999.0, 0.002,-9999 ,-9999,-9999 ,-9999
09-Nov-2018 23:00, 1.584,-9999 ,-9999 ,-9999.0, 0.011,-9999 ,-9999,-9999 ,-9999
10-Nov-2018 00:00, 3.268,-9999 ,-9999 ,-9999.0,-0.006,-9999 ,-9999,-9999 ,-9999
10-Nov-2018 01:00, 5.176,-9999 ,  29.3, 1008.3,-0.043,-0.082,  238,   5.0,   2.8
10-Nov-2018 02:00, 7.119,-9999 ,  30.0, 1007.5,-0.049,-0.101,  255,   3.7,   2.5
10-Nov-2018 03:00, 8.737,-9999 ,  29.8, 1006.9,-0.035,-0.092,  297,   6.2,   5.1
10-Nov-2018 04:00, 9.379,-9999 ,  29.1, 1006.2, 0.011,-0.053,  292,   8.4,   6.4
10-Nov-2018 05:00, 8.681,-9999 ,  29.1, 1005.2, 0.028,-0.043,  286,  10.5,   8.9
10-Nov-2018 06:00, 7.245,-9999 ,  29.5, 1004.5, 0.013,-0.068,  290,  11.0,   8.3
10-Nov-2018 07:00, 5.686,-9999 ,  29.3, 1003.9, 0.006,-0.082,  295,  11.8,   9.2
10-Nov-2018 08:00, 4.089,-9999 ,  28.8, 1004.0,-0.014,-0.107,  305,  12.4,  10.1
10-Nov-2018 09:00, 2.617,-9999 ,  28.8, 1004.5,-0.041,-0.133,  322,  11.5,   7.4
10-Nov-2018 10:00, 1.682,-9999 ,-9999 , 1005.3,-0.074,-0.160,  317,   8.3,   4.4
10-Nov-2018 11:00, 2.075,-9999 ,-9999 , 1006.4,-0.044,-0.122,  300,   7.5,   4.6
10-Nov-2018 12:00, 3.672,-9999 ,-9999 , 1006.7,-0.001,-0.068,  284,   7.9,   6.3
10-Nov-2018 13:00, 5.587,-9999 ,-9999 , 1006.9, 0.005,-0.060,  275,   8.0,   5.5
10-Nov-2018 14:00, 7.485,-9999 ,-9999 , 1007.0, 0.005,-0.058,  261,   7.4,   6.0
10-Nov-2018 15:00, 9.027,-9999 ,-9999 , 1006.7,-0.040,-0.102,  252,   7.3,   5.5
10-Nov-2018 16:00, 9.687,-9999 ,-9999 , 1006.1,-0.078,-0.146,  255,   7.6,   5.8
10-Nov-2018 17:00, 9.107,-9999 ,-9999 , 1005.7,-0.050,-0.119,  258,   8.4,   6.5
10-Nov-2018 18:00, 7.662,-9999 ,-9999 ,-9999.0,-0.024,-9999 ,-9999,   8.5,-9999
10-Nov-2018 19:00, 6.009,-9999 ,-9999 ,-9999.0,-0.024,-9999 ,-9999,-9999 ,-9999
10-Nov-2018 20:00, 4.292,-9999 ,-9999 ,-9999.0,-0.031,-9999 ,-9999,-9999 ,-9999
10-Nov-2018 21:00, 2.636,-9999 ,-9999 ,-9999.0,-0.051,-9999 ,-9999,-9999 ,-9999
10-Nov-2018 22:00, 1.412,-9999 ,-9999 ,-9999.0,-0.067,-9999 ,-9999,-9999 ,-9999
10-Nov-2018 23:00, 1.320,-9999 ,-9999 ,-9999.0,-0.060,-9999 ,-9999,-9999 ,-9999
11-Nov-2018 00:00, 2.554,-9999 ,-9999 ,-9999.0,-0.061,-9999 ,-9999,-9999 ,-9999
11-Nov-2018 01:00, 4.316,-9999 ,-9999 ,-9999.0,-0.070,-9999 ,-9999,-9999 ,-9999
11-Nov-2018 02:00, 6.142,-9999 ,-9999 ,-9999.0,-0.063,-9999 ,-9999,-9999 ,-9999
11-Nov-2018 03:00, 7.848,-9999 ,-9999 ,-9999.0,-0.049,-9999 ,-9999,-9999 ,-9999
11-Nov-2018 04:00, 8.958,-9999 ,-9999 ,-9999.0,-0.030,-9999 ,-9999,-9999 ,-9999
11-Nov-2018 05:00, 8.903,-9999 ,-9999 ,-9999.0,-0.017,-9999 ,-9999,-9999 ,-9999
11-Nov-2018 06:00, 7.795,-9999 ,-9999 ,-9999.0,-0.017,-9999 ,-9999,-9999 ,-9999
11-Nov-2018 07:00, 6.359,-9999 ,-9999 ,-9999.0,-0.009,-9999 ,-9999,-9999 ,-9999
11-Nov-2018 08:00, 4.867,-9999 ,  27.9, 1005.7,-0.025,-0.100,  295,   9.3,   7.3
11-Nov-2018 09:00, 3.410,-9999 ,  27.8, 1005.8,-0.054,-0.131,  286,   9.2,   7.1
11-Nov-2018 10:00, 2.270,-9999 ,  27.8, 1006.3,-0.074,-0.147,  283,   8.9,   7.2
11-Nov-2018 11:00, 2.009,-9999 ,  27.8, 1007.2,-0.073,-0.141,  281,   9.1,   7.1
11-Nov-2018 12:00, 3.055,-9999 ,  27.8, 1007.4,-0.041,-0.101,  270,   9.3,   7.0
11-Nov-2018 13:00, 4.749,-9999 ,  27.5, 1007.9,-0.044,-0.102,  270,   9.2,   6.0
11-Nov-2018 14:00, 6.531,-9999 ,  27.5, 1007.9,-0.024,-0.077,  267,   8.4,   5.9
11-Nov-2018 15:00, 8.150,-9999 ,  27.4, 1007.6,-0.019,-0.072,  271,   7.9,   5.8
11-Nov-2018 16:00, 9.207,-9999 ,  27.2, 1007.0,-0.034,-0.091,  265,   8.8,   6.6
11-Nov-2018 17:00, 9.228,-9999 ,  27.1, 1006.5,-0.040,-0.103,  270,   8.7,   6.3
11-Nov-2018 18:00, 8.179,-9999 ,  27.3, 1006.2,-0.018,-0.086,  273,  10.2,   8.4
11-Nov-2018 19:00, 6.688,-9999 ,  27.2, 1006.5, 0.007,-0.063,  279,   9.8,   6.6
11-Nov-2018 20:00, 5.092,-9999 ,  26.9, 1007.0,-0.031,-0.097,  275,   9.9,   7.9
11-Nov-2018 21:00, 3.500,-9999 ,  26.9, 1007.3,-0.063,-0.125,  264,   9.6,   7.0
11-Nov-2018 22:00, 2.162,-9999 ,  26.8, 1008.2,-0.073,-0.132,  269,   9.3,   6.1
11-Nov-2018 23:00, 1.550,-9999 ,  26.9, 1008.7,-0.069,-0.119,  276,   7.4,   5.8
12-Nov-2018 00:00, 2.236,-9999 ,  27.2, 1009.3, 0.003,-0.041,  278,   6.9,   5.6
12-Nov-2018 01:00, 3.699,-9999 ,  27.1, 1009.5,-0.003,-0.042,  278,   7.3,   5.2
12-Nov-2018 02:00, 5.269,-9999 ,  27.4, 1009.4,-0.051,-0.088,  279,   7.6,   5.6
12-Nov-2018 03:00, 6.808,-9999 ,  27.4, 1008.9,-0.096,-0.134,  302,   8.2,   5.8
12-Nov-2018 04:00, 8.114,-9999 ,  27.1, 1008.2,-0.081,-0.125,  294,   8.2,   5.8
12-Nov-2018 05:00, 8.651,-9999 ,  27.3, 1007.5,-0.058,-0.109,  281,   9.4,   6.8
12-Nov-2018 06:00, 8.039,-9999 ,  27.0, 1006.9,-0.097,-0.155,  290,   8.8,   6.7
12-Nov-2018 07:00, 6.828,-9999 ,  27.2, 1006.5,-0.077,-0.140,  293,   8.4,   6.1
12-Nov-2018 08:00, 5.503,-9999 ,  27.2, 1006.2,-0.061,-0.129,  300,   8.2,   6.3
12-Nov-2018 09:00, 4.156,-9999 ,  27.1, 1006.6,-0.085,-0.154,  294,   8.2,   6.4
12-Nov-2018 10:00, 2.976,-9999 ,  26.8, 1007.0,-0.130,-0.198,  288,   8.1,   6.0
12-Nov-2018 11:00, 2.330,-9999 ,  26.8, 1007.6,-0.163,-0.218,  284,   7.4,   6.2
12-Nov-2018 12:00, 2.794,-9999 ,-9999 ,-9999.0,-0.104,-9999 ,  285,   7.9,   5.6
12-Nov-2018 13:00, 4.152,-9999 ,  26.8,-9999.0,-0.078,-9999 ,  279,   7.3,   5.5
12-Nov-2018 14:00, 5.723,-9999 ,-9999 ,-9999.0,-0.064,-9999 ,  264,   6.2,   4.7
12-Nov-2018 15:00, 7.215,-9999 ,-9999 ,-9999.0,-0.051,-9999 ,  260,   6.3,   4.6
12-Nov-2018 16:00, 8.393,-9999 ,  26.9,-9999.0,-0.042,-9999 ,  263,   6.5,   5.1
12-Nov-2018 17:00, 8.857,-9999 ,-9999 ,-9999.0,-0.054,-9999 ,  263,   6.6,   4.9
12-Nov-2018 18:00, 8.318,-9999 ,-9999 ,-9999.0,-0.083,-9999 ,  266,   5.9,   3.9
12-Nov-2018 19:00, 7.121,-9999 ,-9999 ,-9999.0,-0.046,-9999 ,  268,   5.5,   4.0
12-Nov-2018 20:00, 5.744,-9999 ,-9999 ,-9999.0,-0.035,-9999 ,  265,   6.2,   4.7
12-Nov-2018 21:00, 4.309,-9999 ,-9999 ,-9999.0,-0.083,-9999 ,  262,   7.0,   5.7
12-Nov-2018 22:00, 3.029,-9999 ,-9999 ,-9999.0,-0.098,-9999 ,  262,   6.7,   4.8
12-Nov-2018 23:00, 2.180,-9999 ,-9999 ,-9999.0,-0.110,-9999 ,  248,   6.7,   5.2
13-Nov-2018 00:00, 2.281,-9999 ,-9999 ,-9999.0,-0.050,-9999 ,  234,   8.0,   6.2
13-Nov-2018 01:00, 3.333,-9999 ,-9999 ,-9999.0,-0.018,-9999 ,  228,   7.8,   4.3
13-Nov-2018 02:00, 4.675,-9999 ,-9999 ,-9999.0,-0.048,-9999 ,  238,   5.7,   2.9
13-Nov-2018 03:00, 6.032,-9999 ,  28.2,-9999.0,-0.053,-9999 ,  292,   6.1,   4.7
13-Nov-2018 04:00, 7.269,-9999 ,-9999 ,-9999.0,-0.045,-9999 ,  310,   6.5,   5.6
13-Nov-2018 05:00, 8.096,-9999 ,  28.5,-9999.0,-0.007,-9999 ,  310,   9.2,   7.8
13-Nov-2018 06:00, 8.045,-9999 ,  28.4,-9999.0,-0.046,-9999 ,  312,   9.8,   7.8
13-Nov-2018 07:00, 7.177,-9999 ,  28.6,-9999.0,-0.083,-9999 ,  313,  10.2,   7.5
13-Nov-2018 08:00, 6.054,-9999 ,  28.8,-9999.0,-0.052,-9999 ,  307,   9.4,   7.6
13-Nov-2018 09:00, 4.898,-9999 ,  28.9,-9999.0,-0.038,-9999 ,  297,   8.8,   6.5
13-Nov-2018 10:00, 3.810,-9999 ,  28.6, 1005.9,-0.068,-0.140,  280,   8.4,   6.5
13-Nov-2018 11:00, 3.051,-9999 ,  28.6, 1006.2,-0.113,-0.188,  284,  10.8,   9.1
13-Nov-2018 12:00, 3.010,-9999 ,  28.8, 1006.8,-0.101,-0.169,  273,  10.5,   6.5
13-Nov-2018 13:00, 3.875,-9999 ,  28.7, 1007.4,-0.068,-0.131,  277,   8.8,   5.9
13-Nov-2018 14:00, 5.178,-9999 ,  28.7, 1007.5,-0.040,-0.098,  273,   8.2,   4.4
13-Nov-2018 15:00, 6.458,-9999 ,  28.7, 1007.2,-0.022,-0.079,  275,   7.7,   5.6
13-Nov-2018 16:00, 7.541,-9999 ,  28.6, 1006.8,-0.028,-0.088,  262,   6.9,   5.9
13-Nov-2018 17:00, 8.219,-9999 ,  28.4, 1006.4,-0.007,-0.071,  258,   8.5,   7.1
13-Nov-2018 18:00, 8.176,-9999 ,  28.3, 1006.3,-0.020,-0.088,  261,   8.2,   6.0
13-Nov-2018 19:00, 7.363,-9999 ,  28.2, 1006.4,-0.057,-0.126,  244,   8.1,   6.1
13-Nov-2018 20:00, 6.211,-9999 ,  27.7, 1007.1,-0.063,-0.130,  194,   9.2,   7.7
13-Nov-2018 21:00, 4.998,-9999 ,  27.0, 1008.0,-0.097,-0.157,  188,   9.1,   6.3
13-Nov-2018 22:00, 3.858,-9999 ,  27.0, 1008.6,-0.117,-0.169,  230,   7.7,   4.3
13-Nov-2018 23:00, 2.981,-9999 ,  27.4, 1009.0,-0.142,-0.188,  204,   8.9,   6.3
14-Nov-2018 00:00, 2.694,-9999 ,  27.8, 1009.1,-0.121,-0.163,  238,   8.7,   7.0
14-Nov-2018 01:00, 3.279,-9999 ,  28.4, 1009.2,-0.035,-0.076,  254,   7.7,   5.5
14-Nov-2018 02:00, 4.324,-9999 ,  29.1, 1008.8,-0.025,-0.066,  277,   7.1,   5.7
14-Nov-2018 03:00, 5.393,-9999 ,  28.8, 1008.2,-0.055,-0.100,  292,   8.6,   6.8
14-Nov-2018 04:00, 6.411,-9999 ,  29.3, 1007.5,-0.082,-0.133,  295,   9.6,   7.9
14-Nov-2018 05:00, 7.282,-9999 ,  29.2, 1006.5,-0.029,-0.087,  292,  11.6,   9.3
14-Nov-2018 06:00, 7.683,-9999 ,  29.1, 1005.8, 0.028,-0.040,  287,  11.4,   8.9
14-Nov-2018 07:00, 7.344,-9999 ,  29.3, 1005.3, 0.015,-0.059,  275,  11.5,   9.0
14-Nov-2018 08:00, 6.506,-9999 ,  29.2, 1005.0, 0.011,-0.069,  278,  11.5,   9.1
14-Nov-2018 09:00, 5.527,-9999 ,  29.4, 1005.0,-0.005,-0.086,  270,  10.8,   5.9
14-Nov-2018 10:00, 4.571,-9999 ,  29.1, 1005.2,-0.042,-0.124,  261,   9.8,   6.8
14-Nov-2018 11:00, 3.813,-9999 ,  29.1, 1006.4,-0.104,-0.182,  259,   9.0,   5.5
14-Nov-2018 12:00, 3.473,-9999 ,  29.3, 1007.0,-0.163,-0.231,  256,   6.9,   5.2
14-Nov-2018 13:00, 3.856,-9999 ,  29.0, 1007.8,-0.129,-0.190,  277,   6.7,   4.8
14-Nov-2018 14:00, 4.825,-9999 ,  29.0, 1007.9,-0.046,-0.100,  263,   6.6,   4.0
14-Nov-2018 15:00, 5.848,-9999 ,  29.1, 1007.9,-0.008,-0.061,  265,   5.5,   2.5
14-Nov-2018 16:00, 6.715,-9999 ,  29.3, 1007.6,-0.041,-0.095,  257,   3.9,   2.5
14-Nov-2018 17:00, 7.349,-9999 ,  28.4, 1008.0,-0.064,-0.119,  358,   4.9,   2.9
14-Nov-2018 18:00, 7.627,-9999 ,  28.6, 1008.1,-0.017,-0.069,  331,   7.0,   4.2
14-Nov-2018 19:00, 7.311,-9999 ,  28.4, 1007.8,-0.030,-0.082,  332,   6.8,   5.5
14-Nov-2018 20:00, 6.490,-9999 ,  28.4, 1008.2,-0.087,-0.141,  334,   7.7,   6.2
14-Nov-2018 21:00, 5.543,-9999 ,  28.2, 1009.0,-0.115,-0.164,  327,   7.7,   4.4
14-Nov-2018 22:00, 4.621,-9999 ,  28.3, 1009.0,-0.126,-0.168,  303,   8.9,   7.3
14-Nov-2018 23:00, 3.849,-9999 ,  28.6, 1009.6,-0.128,-0.170,  316,   8.5,   5.1
15-Nov-2018 00:00, 3.432,-9999 ,  28.8, 1010.4,-0.104,-0.140,  309,   6.6,   4.2
15-Nov-2018 01:00, 3.594,-9999 ,  29.4, 1010.7,-0.014,-0.042,  304,   5.6,   1.7
15-Nov-2018 02:00, 4.203,-9999 ,  29.7, 1010.4,-0.010,-0.035,  203,   3.2,   1.7
15-Nov-2018 03:00, 4.952,-9999 ,  31.2, 1009.4,-0.050,-0.079,    0,   2.5,   0.0
15-Nov-2018 04:00, 5.733,-9999 ,  31.2, 1008.3,-0.059,-0.098,  297,   5.9,   3.9
15-Nov-2018 05:00, 6.464,-9999 ,  31.3, 1007.3,-0.039,-0.089,  301,   6.2,   5.3
15-Nov-2018 06:00, 7.021,-9999 ,  30.3, 1006.7, 0.050,-0.009,  307,   8.2,   7.4
15-Nov-2018 07:00, 7.095,-9999 ,  30.5, 1006.2, 0.045,-0.021,  317,   9.0,   6.9
15-Nov-2018 08:00, 6.604,-9999 ,  30.8, 1005.9,-0.057,-0.128,  350,  13.5,  11.0
15-Nov-2018 09:00, 5.915,-9999 ,  29.5, 1006.0,-0.080,-0.153,  347,  14.8,  11.2
15-Nov-2018 10:00, 5.205,-9999 ,  29.0, 1006.4,-0.080,-0.152,  347,  14.4,  10.8
15-Nov-2018 11:00, 4.602,-9999 ,  28.8, 1008.2,-0.078,-0.145,  329,  13.1,   6.6
15-Nov-2018 12:00, 4.240,-9999 ,  28.7, 1009.2,-0.087,-0.136,  311,   8.9,   4.9
15-Nov-2018 13:00, 4.264,-9999 ,  28.6, 1009.5,-0.073,-0.113,  305,   7.9,   5.1
15-Nov-2018 14:00, 4.719,-9999 ,  28.7, 1009.8,-0.060,-0.097,  299,   6.3,   3.6
15-Nov-2018 15:00, 5.363,-9999 ,  28.4, 1009.4,-0.059,-0.093,  327,   5.1,   3.9
15-Nov-2018 16:00, 6.014,-9999 ,  28.1, 1008.3,-0.039,-0.078,  330,   5.5,   4.7
15-Nov-2018 17:00, 6.546,-9999 ,  28.1, 1008.2,-0.045,-0.094,  318,   5.4,   3.0
15-Nov-2018 18:00, 6.869,-9999 ,  28.1, 1008.2,-0.029,-0.079,  292,   3.5,   1.2
15-Nov-2018 19:00, 6.859,-9999 ,  28.2, 1007.9,-0.060,-0.111,  306,   2.8,   1.5
15-Nov-2018 20:00, 6.477,-9999 ,  28.6, 1008.3,-0.129,-0.182,  279,   4.6,   1.6
15-Nov-2018 21:00, 5.961,-9999 ,-9999 , 1008.7,-0.083,-0.133,  327,   2.8,   2.3
15-Nov-2018 22:00, 5.404,-9999 ,-9999 , 1009.2,-0.002,-0.047,   35,   4.2,   3.3
15-Nov-2018 23:00, 4.792,-9999 ,-9999 , 1009.1,-0.010,-0.051,   12,   4.9,   3.4
16-Nov-2018 00:00, 4.312,-9999 ,-9999 , 1009.6,-0.046,-0.084,    4,   5.3,   4.0
16-Nov-2018 01:00, 4.147,-9999 ,-9999 ,-9999.0,-0.030,-9999 ,  343,   6.0,   3.7
16-Nov-2018 02:00, 4.281,-9999 ,  31.6,-9999.0,-0.068,-9999 ,  303,   5.0,   3.3
16-Nov-2018 03:00, 4.654,-9999 ,  31.2,-9999.0,-0.108,-9999 ,  303,   5.7,   4.7
16-Nov-2018 04:00, 5.209,-9999 ,  30.5,-9999.0,-0.027,-9999 ,  305,   8.3,   7.2
16-Nov-2018 05:00, 5.739,-9999 ,  30.8,-9999.0,-0.010,-9999 ,  317,   9.9,   8.9
16-Nov-2018 06:00, 6.208,-9999 ,  29.4,-9999.0, 0.014,-9999 ,  328,  12.7,  10.7
16-Nov-2018 07:00, 6.550,-9999 ,  28.8,-9999.0, 0.064,-9999 ,  336,  13.4,  10.1
16-Nov-2018 08:00, 6.575,-9999 ,  28.8,-9999.0, 0.051,-9999 ,  327,  13.2,  10.2
16-Nov-2018 09:00, 6.302,-9999 ,  28.7,-9999.0, 0.035,-9999 ,  323,  12.9,   8.3
16-Nov-2018 10:00, 5.827,-9999 ,  28.4,-9999.0,-0.024,-9999 ,  328,  11.5,   9.0
16-Nov-2018 11:00, 5.402,-9999 ,  28.4,-9999.0,-0.020,-9999 ,  323,  11.7,   7.6
16-Nov-2018 12:00, 5.079,-9999 ,  28.2,-9999.0,-0.012,-9999 ,  326,   9.2,   5.6
16-Nov-2018 13:00, 4.887,-9999 ,  28.2,-9999.0,-0.031,-9999 ,  324,   7.8,   5.1
16-Nov-2018 14:00, 4.943,-9999 ,  28.2,-9999.0,-0.026,-9999 ,  304,   6.8,   3.2
16-Nov-2018 15:00, 5.171,-9999 ,  27.9,-9999.0,-0.041,-9999 ,  321,   7.2,   5.3
16-Nov-2018 16:00, 5.470,-9999 ,  28.0,-9999.0,-0.035,-9999 ,  306,   7.3,   6.1
16-Nov-2018 17:00, 5.761,-9999 ,  28.1,-9999.0,-0.059,-9999 ,  300,   9.2,   5.4
16-Nov-2018 18:00, 5.990,-9999 ,  28.0,-9999.0,-0.092,-9999 ,  318,   6.7,   5.0
16-Nov-2018 19:00, 6.210,-9999 ,  28.0,-9999.0,-0.039,-9999 ,  333,   5.3,   4.0
16-Nov-2018 20:00, 6.317,-9999 ,  28.1,-9999.0, 0.015,-9999 ,    5,   5.6,   2.3
16-Nov-2018 21:00, 6.222,-9999 ,  27.9,-9999.0, 0.043,-9999 ,  331,   4.0,   3.2
16-Nov-2018 22:00, 5.928,-9999 ,  28.1,-9999.0, 0.028,-9999 ,  358,   4.2,   2.0
16-Nov-2018 23:00, 5.517,-9999 ,  27.2,-9999.0,-0.034,-9999 ,   58,   5.8,   3.5
17-Nov-2018 00:00, 5.133,-9999 ,  29.3,-9999.0,-0.073,-9999 ,   67,   4.6,   1.1
17-Nov-2018 01:00, 4.883,-9999 ,-9999 ,-9999.0,-0.037,-9999 ,   61,   2.9,   2.0
17-Nov-2018 02:00, 4.746,-9999 ,-9999 ,-9999.0,-0.031,-9999 ,-9999,   1.9,-9999
17-Nov-2018 03:00, 4.754,-9999 ,-9999 ,-9999.0,-0.055,-9999 ,-9999,-9999 ,-9999
17-Nov-2018 04:00, 4.864,-9999 ,-9999 ,-9999.0,-0.052,-9999 ,-9999,-9999 ,-9999
17-Nov-2018 05:00, 5.087,-9999 ,-9999 ,-9999.0,-0.033,-9999 ,-9999,-9999 ,-9999
17-Nov-2018 06:00, 5.408,-9999 ,-9999 ,-9999.0,-0.023,-9999 ,-9999,-9999 ,-9999
17-Nov-2018 07:00, 5.765,-9999 ,-9999 ,-9999.0,-0.010,-9999 ,-9999,-9999 ,-9999
17-Nov-2018 08:00, 6.086,-9999 ,-9999 ,-9999.0,-0.002,-9999 ,-9999,-9999 ,-9999
17-Nov-2018 09:00, 6.284,-9999 ,  29.8,-9999.0, 0.021,-9999 ,  357,  15.3,  11.1
17-Nov-2018 10:00, 6.282,-9999 ,-9999 ,-9999.0, 0.039,-9999 ,-9999,  13.5,-9999
17-Nov-2018 11:00, 6.104,-9999 ,-9999 ,-9999.0, 0.016,-9999 ,-9999,-9999 ,-9999
17-Nov-2018 12:00, 5.866,-9999 ,  29.6,-9999.0,-0.012,-9999 ,  349,   9.1,   7.2
17-Nov-2018 13:00, 5.619,-9999 ,  29.4,-9999.0,-0.023,-9999 ,  357,  10.4,   7.5
17-Nov-2018 14:00, 5.408,-9999 ,  30.3,-9999.0,-0.009,-9999 ,   80,  10.0,   3.2
17-Nov-2018 15:00, 5.215,-9999 ,  28.7,-9999.0,-0.051,-9999 ,  115,  14.3,   1.2
17-Nov-2018 16:00, 5.098,-9999 ,  28.9,-9999.0,-0.074,-9999 ,    2,   9.6,   7.6
17-Nov-2018 17:00, 5.118,-9999 ,  28.7,-9999.0,-0.044,-9999 ,  338,  10.1,   2.1
17-Nov-2018 18:00, 5.235,-9999 ,  28.4,-9999.0,-0.024,-9999 ,  349,  13.6,  10.4
17-Nov-2018 19:00, 5.446,-9999 ,  28.7,-9999.0, 0.001,-9999 ,  349,  14.0,   9.8
17-Nov-2018 20:00, 5.714,-9999 ,  28.4,-9999.0, 0.000,-9999 ,  352,  12.0,   7.3
17-Nov-2018 21:00, 6.011,-9999 ,  28.3,-9999.0, 0.025,-9999 ,  354,  10.1,   6.0
17-Nov-2018 22:00, 6.261,-9999 ,  28.4,-9999.0, 0.116,-9999 ,  353,   9.2,   5.2
17-Nov-2018 23:00, 6.273,-9999 ,  28.6,-9999.0, 0.124,-9999 ,    8,   8.2,   6.1
18-Nov-2018 00:00, 6.048,-9999 ,  28.5,-9999.0, 0.030,-9999 ,  350,   9.8,   8.3
18-Nov-2018 01:00, 5.770,-9999 ,  28.9,-9999.0, 0.015,-9999 ,  357,  10.3,   8.2
18-Nov-2018 02:00, 5.440,-9999 ,  29.1,-9999.0, 0.041,-9999 ,    0,  11.4,   8.4
18-Nov-2018 03:00, 5.076,-9999 ,  29.4,-9999.0, 0.023,-9999 ,  341,   9.8,   7.7
18-Nov-2018 04:00, 4.750,-9999 ,  30.1,-9999.0,-0.018,-9999 ,  336,   9.7,   7.6
18-Nov-2018 05:00, 4.554,-9999 ,  29.6,-9999.0,-0.060,-9999 ,  333,  10.5,   8.8
18-Nov-2018 06:00, 4.659,-9999 ,  29.5,-9999.0,-0.023,-9999 ,  333,  11.9,   9.2
18-Nov-2018 07:00, 5.009,-9999 ,-9999 ,-9999.0, 0.040,-9999 ,  321,  11.6,  10.3
18-Nov-2018 08:00, 5.479,-9999 ,  28.9,-9999.0, 0.041,-9999 ,  328,  12.4,   9.1
18-Nov-2018 09:00, 5.979,-9999 ,  29.0,-9999.0, 0.025,-9999 ,  321,  11.1,   8.0
18-Nov-2018 10:00, 6.420,-9999 ,  28.6,-9999.0, 0.051,-9999 ,  328,   9.4,   6.3
18-Nov-2018 11:00, 6.700,-9999 ,  28.4,-9999.0, 0.105,-9999 ,  332,   8.9,   6.3
18-Nov-2018 12:00, 6.730,-9999 ,  28.4,-9999.0, 0.100,-9999 ,  334,   8.9,   6.7
18-Nov-2018 13:00, 6.470,-9999 ,  28.3,-9999.0, 0.017,-9999 ,  337,   9.0,   6.2
18-Nov-2018 14:00, 6.052,-9999 ,  28.1,-9999.0,-0.017,-9999 ,  331,   9.5,   6.4
18-Nov-2018 15:00, 5.574,-9999 ,  28.1,-9999.0,-0.019,-9999 ,  337,   8.1,   6.1
18-Nov-2018 16:00, 5.050,-9999 ,  28.0,-9999.0,-0.061,-9999 ,  334,   8.4,   5.2
18-Nov-2018 17:00, 4.654,-9999 ,  27.8,-9999.0,-0.051,-9999 ,  328,   7.7,   5.1
18-Nov-2018 18:00, 4.504,-9999 ,  27.9,-9999.0, 0.003,-9999 ,  310,   9.0,   7.2
18-Nov-2018 19:00, 4.572,-9999 ,  27.9,-9999.0, 0.007,-9999 ,  332,   9.1,   5.0
18-Nov-2018 20:00, 4.927,-9999 ,  27.8,-9999.0, 0.003,-9999 ,  333,   6.0,   4.7
18-Nov-2018 21:00, 5.498,-9999 ,  28.1,-9999.0, 0.025,-9999 ,  351,   6.9,   4.7
18-Nov-2018 22:00, 6.074,-9999 ,  28.2,-9999.0, 0.024,-9999 ,    7,   6.8,   5.4
18-Nov-2018 23:00, 6.512,-9999 ,  28.3,-9999.0, 0.017,-9999 ,   27,   8.2,   6.4
19-Nov-2018 00:00, 6.736,-9999 ,  30.0,-9999.0, 0.031,-9999 ,   26,   8.4,   5.5
19-Nov-2018 01:00, 6.664,-9999 ,  31.2,-9999.0, 0.050,-9999 ,    1,   8.0,   6.0
19-Nov-2018 02:00, 6.219,-9999 ,  30.1,-9999.0, 0.022,-9999 ,  333,  10.0,   8.2
19-Nov-2018 03:00, 5.562,-9999 ,  29.5,-9999.0,-0.032,-9999 ,  327,  12.0,   9.0
19-Nov-2018 04:00, 4.947,-9999 ,  28.9,-9999.0,-0.010,-9999 ,  330,  13.5,  11.0
19-Nov-2018 05:00, 4.447,-9999 ,  28.8,-9999.0, 0.046,-9999 ,  329,  14.5,  11.4
19-Nov-2018 06:00, 4.132,-9999 ,  29.1,-9999.0, 0.034,-9999 ,  338,  15.4,  12.2
19-Nov-2018 07:00, 4.202,-9999 ,  29.2,-9999.0, 0.038,-9999 ,  340,  16.1,  12.7
19-Nov-2018 08:00, 4.686,-9999 ,  29.2,-9999.0, 0.044,-9999 ,  341,  15.3,  10.5
19-Nov-2018 09:00, 5.403,-9999 ,  28.6,-9999.0, 0.018,-9999 ,  336,  14.8,  10.2
19-Nov-2018 10:00, 6.184,-9999 ,  28.5,-9999.0, 0.009,-9999 ,  337,  13.3,   9.8
19-Nov-2018 11:00, 6.855,-9999 ,  28.5,-9999.0, 0.011,-9999 ,  348,  12.6,   8.2
19-Nov-2018 12:00, 7.291,-9999 ,  28.6,-9999.0, 0.045,-9999 ,  354,  10.8,   7.7
19-Nov-2018 13:00, 7.358,-9999 ,  28.5,-9999.0, 0.075,-9999 ,  347,  11.5,   9.2
19-Nov-2018 14:00, 6.960,-9999 ,  28.4,-9999.0, 0.076,-9999 ,  355,  11.1,   6.8
19-Nov-2018 15:00, 6.216,-9999 ,  28.4,-9999.0, 0.038,-9999 ,  346,  11.2,   8.6
19-Nov-2018 16:00, 5.350,-9999 ,  28.1,-9999.0,-0.010,-9999 ,  338,  10.4,   7.9
19-Nov-2018 17:00, 4.554,-9999 ,  28.0,-9999.0, 0.002,-9999 ,  315,  11.3,   8.2
19-Nov-2018 18:00, 3.916,-9999 ,  27.9,-9999.0,-0.023,-9999 ,  328,  10.7,   5.1
19-Nov-2018 19:00, 3.638,-9999 ,  27.8,-9999.0,-0.061,-9999 ,  327,   7.7,   5.8
19-Nov-2018 20:00, 3.911,-9999 ,  27.8,-9999.0,-0.066,-9999 ,  329,   7.8,   6.3
19-Nov-2018 21:00, 4.649,-9999 ,  27.7,-9999.0,-0.046,-9999 ,  331,   8.3,   6.2
19-Nov-2018 22:00, 5.603,-9999 ,  27.9,-9999.0, 0.010,-9999 ,  348,   8.8,   5.5
19-Nov-2018 23:00, 6.513,-9999 ,  28.3,-9999.0, 0.032,-9999 ,  354,  10.1,   7.4
20-Nov-2018 00:00, 7.204,-9999 ,  28.6,-9999.0, 0.063,-9999 ,  354,  10.9,   8.8
20-Nov-2018 01:00, 7.510,-9999 ,  28.8,-9999.0, 0.125,-9999 ,  355,  12.0,  10.0
20-Nov-2018 02:00, 7.185,-9999 ,  29.2,-9999.0, 0.098,-9999 ,  339,  12.6,   9.5
20-Nov-2018 03:00, 6.349,-9999 ,  28.7,-9999.0, 0.000,-9999 ,  339,  12.2,   9.7
20-Nov-2018 04:00, 5.391,-9999 ,  29.1,-9999.0,-0.052,-9999 ,  329,  13.0,   9.3
20-Nov-2018 05:00, 4.489,-9999 ,  28.8,-9999.0,-0.037,-9999 ,  331,  13.1,  11.0
20-Nov-2018 06:00, 3.774,-9999 ,  28.7,-9999.0,-0.021,-9999 ,  333,  13.7,  11.8
20-Nov-2018 07:00, 3.440,-9999 ,  29.0,-9999.0,-0.032,-9999 ,  337,  13.9,  11.6
20-Nov-2018 08:00, 3.733,-9999 ,  28.7,-9999.0,-0.018,-9999 ,  338,  14.5,  11.4
20-Nov-2018 09:00, 4.596,-9999 ,  28.6,-9999.0,-0.001,-9999 ,  345,  12.9,  10.1
20-Nov-2018 10:00, 5.681,-9999 ,  28.3,-9999.0, 0.011,-9999 ,  340,  13.0,   8.9
20-Nov-2018 11:00, 6.778,-9999 ,  28.1,-9999.0, 0.035,-9999 ,  334,  12.4,  10.1
20-Nov-2018 12:00, 7.682,-9999 ,  28.2,-9999.0, 0.078,-9999 ,  340,  11.7,   8.8
20-Nov-2018 13:00, 8.130,-9999 ,  28.1,-9999.0, 0.120,-9999 ,  326,  11.4,   6.0
20-Nov-2018 14:00, 7.895,-9999 ,  27.9,-9999.0, 0.108,-9999 ,  331,   9.5,   5.8
20-Nov-2018 15:00, 7.053,-9999 ,  27.8,-9999.0, 0.069,-9999 ,  333,   8.6,   6.8
20-Nov-2018 16:00, 5.967,-9999 ,  27.7,-9999.0, 0.052,-9999 ,  327,   9.0,   6.4
20-Nov-2018 17:00, 4.813,-9999 ,  27.7,-9999.0, 0.041,-9999 ,  311,   8.6,   6.1
20-Nov-2018 18:00, 3.737,-9999 ,  27.5,-9999.0, 0.017,-9999 ,  305,   7.4,   5.9
20-Nov-2018 19:00, 2.968,-9999 ,  27.3, 1004.2,-0.061,-0.147,  306,   7.6,   5.5
20-Nov-2018 20:00, 2.875,-9999 ,  27.5, 1004.5,-0.105,-0.200,  305,   7.5,   6.1
20-Nov-2018 21:00, 3.617,-9999 ,  27.6, 1004.9,-0.075,-0.160,  297,   7.8,   6.7
20-Nov-2018 22:00, 4.790,-9999 ,  27.3, 1005.7,-0.027,-0.110,  296,   8.4,   5.6
20-Nov-2018 23:00, 6.037,-9999 ,  27.6, 1006.9,-0.013,-0.087,  308,   6.9,   4.3
21-Nov-2018 00:00, 7.174,-9999 ,  27.7, 1007.7,-0.015,-0.077,  306,   6.7,   4.5
21-Nov-2018 01:00, 7.952,-9999 ,  27.8, 1007.7, 0.039,-0.016,  319,   6.5,   4.1
21-Nov-2018 02:00, 7.987,-9999 ,  27.9, 1007.6, 0.040,-0.015,  308,   7.9,   4.9
21-Nov-2018 03:00, 7.240,-9999 ,  28.2, 1007.2,-0.013,-0.070,  311,   8.2,   6.0
21-Nov-2018 04:00, 6.151,-9999 ,  28.7, 1006.9,-0.023,-0.082,  316,   8.6,   6.5
21-Nov-2018 05:00, 4.952,-9999 ,  28.7, 1006.3,-0.049,-0.112,  315,  10.0,   7.8
21-Nov-2018 06:00, 3.833,-9999 ,  28.6,-9999.0,-0.048,-9999 ,  312,   9.6,   7.3
21-Nov-2018 07:00, 2.986,-9999 ,  28.3,-9999.0,-0.095,-9999 ,  299,   9.7,   7.1
21-Nov-2018 08:00, 2.791,-9999 ,  28.5,-9999.0,-0.130,-9999 ,  315,   9.9,   7.0
21-Nov-2018 09:00, 3.539,-9999 ,  28.1,-9999.0,-0.091,-9999 ,  313,   9.0,   6.3
21-Nov-2018 10:00, 4.819,-9999 ,  27.9,-9999.0,-0.074,-9999 ,  322,   8.2,   6.0
21-Nov-2018 11:00, 6.220,-9999 ,  27.7,-9999.0,-0.054,-9999 ,  329,   7.4,   5.5
21-Nov-2018 12:00, 7.543,-9999 ,  27.4,-9999.0,-0.034,-9999 ,  323,   7.3,   5.8
21-Nov-2018 13:00, 8.518,-9999 ,  27.3,-9999.0, 0.039,-9999 ,  324,   9.3,   6.2
21-Nov-2018 14:00, 8.717,-9999 ,  27.2,-9999.0, 0.079,-9999 ,  325,   9.2,   7.2
21-Nov-2018 15:00, 7.986,-9999 ,  27.1,-9999.0, 0.044,-9999 ,  324,   9.5,   7.6
21-Nov-2018 16:00, 6.769,-9999 ,  27.0,-9999.0, 0.051,-9999 ,  319,   9.8,   6.5
21-Nov-2018 17:00, 5.378,-9999 ,  26.8,-9999.0, 0.030,-9999 ,  319,   9.6,   6.2
21-Nov-2018 18:00, 3.961,-9999 ,  26.7,-9999.0, 0.013,-9999 ,  310,   8.6,   6.4
21-Nov-2018 19:00, 2.760,-9999 ,  26.4,-9999.0,-0.002,-9999 ,  306,   9.0,   6.5
21-Nov-2018 20:00, 2.124,-9999 ,  26.4,-9999.0,-0.049,-9999 ,  313,   9.2,   7.1
21-Nov-2018 21:00, 2.539,-9999 ,  26.4,-9999.0,-0.029,-9999 ,  303,  10.4,   6.7
21-Nov-2018 22:00, 3.749,-9999 ,  26.6,-9999.0,-0.035,-9999 ,  310,   9.8,   6.9
21-Nov-2018 23:00, 5.213,-9999 ,  26.9,-9999.0,-0.044,-9999 ,  295,   9.7,   6.1
22-Nov-2018 00:00, 6.711,-9999 ,  27.1,-9999.0,-0.055,-9999 ,  293,   9.3,   6.8
22-Nov-2018 01:00, 7.986,-9999 ,  27.3,-9999.0,-0.038,-9999 ,  290,  10.6,   7.6
22-Nov-2018 02:00, 8.610,-9999 ,  27.4,-9999.0, 0.025,-9999 ,  287,  10.8,   8.6
22-Nov-2018 03:00, 8.171,-9999 ,  27.7,-9999.0,-0.016,-9999 ,  281,  10.9,   8.6
22-Nov-2018 04:00, 7.009,-9999 ,  27.7,-9999.0,-0.061,-9999 ,  282,  10.5,   7.2
22-Nov-2018 05:00, 5.693,-9999 ,  27.7,-9999.0,-0.046,-9999 ,  285,  10.1,   6.8
22-Nov-2018 06:00, 4.316,-9999 ,  27.5,-9999.0,-0.054,-9999 ,  285,   9.2,   6.1
22-Nov-2018 07:00, 3.074,-9999 ,  27.5,-9999.0,-0.065,-9999 ,  287,   9.4,   6.0
22-Nov-2018 08:00, 2.292,-9999 ,  27.6,-9999.0,-0.116,-9999 ,  289,   9.2,   6.9
22-Nov-2018 09:00, 2.540,-9999 ,  27.4,-9999.0,-0.105,-9999 ,  289,   9.5,   6.8
22-Nov-2018 10:00, 3.780,-9999 ,  27.3,-9999.0,-0.106,-9999 ,  294,   9.1,   5.5
22-Nov-2018 11:00, 5.363,-9999 ,  27.2,-9999.0,-0.132,-9999 ,  289,   9.1,   5.9
22-Nov-2018 12:00, 6.987,-9999 ,  27.2,-9999.0,-0.130,-9999 ,  285,   8.7,   6.1
22-Nov-2018 13:00, 8.393,-9999 ,  27.2,-9999.0,-0.129,-9999 ,  279,   9.7,   5.9
22-Nov-2018 14:00, 9.164,-9999 ,  27.1,-9999.0,-0.068,-9999 ,  290,   8.5,   4.5
22-Nov-2018 15:00, 8.867,-9999 ,  26.9,-9999.0,-0.040,-9999 ,  280,   8.9,   6.4
22-Nov-2018 16:00, 7.669,-9999 ,  26.8,-9999.0,-0.026,-9999 ,  282,   8.9,   5.4
22-Nov-2018 17:00, 6.184,-9999 ,  26.6,-9999.0, 0.013,-9999 ,  285,   9.3,   6.3
22-Nov-2018 18:00, 4.589,-9999 ,  26.5,-9999.0, 0.005,-9999 ,  296,   9.3,   6.1
22-Nov-2018 19:00, 3.042,-9999 ,  26.5,-9999.0, 0.020,-9999 ,  294,  10.2,   6.6
22-Nov-2018 20:00, 1.806,-9999 ,  26.5,-9999.0,-0.039,-9999 ,  283,  11.3,   6.7
22-Nov-2018 21:00, 1.490,-9999 ,  26.6,-9999.0,-0.111,-9999 ,  290,   9.9,   6.7
22-Nov-2018 22:00, 2.495,-9999 ,  26.6,-9999.0,-0.094,-9999 ,  291,  11.0,   7.7
22-Nov-2018 23:00, 4.103,-9999 ,  26.9,-9999.0,-0.107,-9999 ,  271,  10.1,   6.4
23-Nov-2018 00:00, 5.840,-9999 ,  27.0,-9999.0,-0.096,-9999 ,  279,  10.0,   6.5
23-Nov-2018 01:00, 7.508,-9999 ,  27.2,-9999.0,-0.105,-9999 ,  278,  10.5,   6.9
23-Nov-2018 02:00, 8.720,-9999 ,  27.4,-9999.0,-0.065,-9999 ,  285,   9.3,   7.0
23-Nov-2018 03:00, 8.882,-9999 ,  27.5,-9999.0,-0.062,-9999 ,  285,   9.8,   7.3
23-Nov-2018 04:00, 7.934,-9999 ,  27.5,-9999.0,-0.103,-9999 ,  286,   9.4,   6.2
23-Nov-2018 05:00, 6.545,-9999 ,  27.3,-9999.0,-0.078,-9999 ,  291,   9.2,   6.5
23-Nov-2018 06:00, 5.062,-9999 ,  27.3,-9999.0,-0.079,-9999 ,  284,   9.6,   6.4
23-Nov-2018 07:00, 3.587,-9999 ,  27.4,-9999.0,-0.063,-9999 ,  288,   9.4,   6.5
23-Nov-2018 08:00, 2.367,-9999 ,  27.3,-9999.0,-0.053,-9999 ,  287,  10.8,   8.1
23-Nov-2018 09:00, 1.870,-9999 ,  27.0,-9999.0,-0.094,-9999 ,  290,  10.0,   7.1
23-Nov-2018 10:00, 2.682,-9999 ,  26.8,-9999.0,-0.101,-9999 ,  286,  10.3,   7.0
23-Nov-2018 11:00, 4.325,-9999 ,  26.7,-9999.0,-0.153,-9999 ,  284,   9.7,   6.4
23-Nov-2018 12:00, 6.173,-9999 ,  26.7,-9999.0,-0.138,-9999 ,  282,   9.1,   6.5
23-Nov-2018 13:00, 7.957,-9999 ,  26.6,-9999.0,-0.113,-9999 ,  287,   8.7,   6.5
23-Nov-2018 14:00, 9.251,-9999 ,  26.6,-9999.0,-0.116,-9999 ,  293,   9.6,   6.4
23-Nov-2018 15:00, 9.497,-9999 ,  26.5,-9999.0,-0.143,-9999 ,  283,   9.0,   6.4
23-Nov-2018 16:00, 8.583,-9999 ,  26.3,-9999.0,-0.144,-9999 ,  287,   8.7,   6.6
23-Nov-2018 17:00, 7.081,-9999 ,  26.1,-9999.0,-0.062,-9999 ,  277,   8.9,   6.0
23-Nov-2018 18:00, 5.430,-9999 ,  26.1,-9999.0,-0.029,-9999 ,  287,   9.1,   6.7
23-Nov-2018 19:00, 3.714,-9999 ,  25.9,-9999.0,-0.017,-9999 ,  280,   9.0,   6.4
23-Nov-2018 20:00, 2.146,-9999 ,  25.9,-9999.0, 0.016,-9999 ,  278,   9.7,   6.3
23-Nov-2018 21:00, 1.150,-9999 ,  25.8,-9999.0,-0.019,-9999 ,  269,   9.2,   5.6
23-Nov-2018 22:00, 1.501,-9999 ,  25.8,-9999.0, 0.000,-9999 ,  259,   9.1,   5.9
23-Nov-2018 23:00, 2.970,-9999 ,  26.3,-9999.0,-0.050,-9999 ,  268,   9.0,   3.3
24-Nov-2018 00:00, 4.730,-9999 ,  26.4,-9999.0,-0.139,-9999 ,  281,   6.4,   3.8
24-Nov-2018 01:00, 6.560,-9999 ,  26.5,-9999.0,-0.186,-9999 ,  275,   5.8,   3.7
24-Nov-2018 02:00, 8.209,-9999 ,  26.7,-9999.0,-0.208,-9999 ,  275,   6.1,   3.6
24-Nov-2018 03:00, 9.099,-9999 ,  26.8,-9999.0,-0.168,-9999 ,  270,   7.4,   5.2
24-Nov-2018 04:00, 8.713,-9999 ,  26.6,-9999.0,-0.170,-9999 ,  285,   8.4,   6.1
24-Nov-2018 05:00, 7.469,-9999 ,  26.6,-9999.0,-0.104,-9999 ,  298,   9.3,   5.8
24-Nov-2018 06:00, 6.002,-9999 ,  26.9,-9999.0,-0.028,-9999 ,  303,   8.9,   5.7
24-Nov-2018 07:00, 4.415,-9999 ,  26.7,-9999.0,-0.043,-9999 ,  292,   8.7,   5.1
24-Nov-2018 08:00, 2.913,-9999 ,  27.0,-9999.0,-0.026,-9999 ,  303,   9.9,   7.1
24-Nov-2018 09:00, 1.836,-9999 ,  26.8,-9999.0,-0.040,-9999 ,  302,   9.3,   6.5
24-Nov-2018 10:00, 1.887,-9999 ,  26.6,-9999.0,-0.039,-9999 ,  307,   8.5,   5.6
24-Nov-2018 11:00, 3.271,-9999 ,  26.6,-9999.0,-0.061,-9999 ,  305,   8.9,   6.8
24-Nov-2018 12:00, 5.160,-9999 ,  26.6,-9999.0,-0.121,-9999 ,  307,   9.7,   6.8
24-Nov-2018 13:00, 7.114,-9999 ,  26.7,-9999.0,-0.105,-9999 ,  303,  10.2,   7.0
24-Nov-2018 14:00, 8.802,-9999 ,  26.6,-9999.0,-0.145,-9999 ,  302,   8.8,   6.2
24-Nov-2018 15:00, 9.720,-9999 ,  26.6,-9999.0,-0.175,-9999 ,  307,   8.1,   6.6
24-Nov-2018 16:00, 9.430,-9999 ,  26.5,-9999.0,-0.142,-9999 ,  299,   9.4,   6.9
24-Nov-2018 17:00, 8.122,-9999 ,  26.6,-9999.0,-0.053,-9999 ,  301,   9.7,   7.5
24-Nov-2018 18:00, 6.474,-9999 ,  26.5,-9999.0, 0.037,-9999 ,  293,  10.3,   8.3
24-Nov-2018 19:00, 4.711,-9999 ,  26.5,-9999.0, 0.027,-9999 ,  287,  10.9,   8.2
24-Nov-2018 20:00, 2.954,-9999 ,  26.4,-9999.0, 0.047,-9999 ,  288,   9.2,   6.1
24-Nov-2018 21:00, 1.479,-9999 ,  26.4,-9999.0, 0.037,-9999 ,  289,   7.9,   6.2
24-Nov-2018 22:00, 0.968,-9999 ,  26.7,-9999.0, 0.030,-9999 ,  290,   8.2,   6.2
24-Nov-2018 23:00, 1.919,-9999 ,  27.0,-9999.0, 0.016,-9999 ,  296,   8.3,   5.2
25-Nov-2018 00:00, 3.604,-9999 ,  27.1,-9999.0,-0.114,-9999 ,  286,   8.2,   5.5
25-Nov-2018 01:00, 5.474,-9999 ,  27.4,-9999.0,-0.163,-9999 ,  281,   7.7,   4.8
25-Nov-2018 02:00, 7.358,-9999 ,  27.3,-9999.0,-0.181,-9999 ,  287,   8.1,   5.7
25-Nov-2018 03:00, 8.852,-9999 ,  27.3,-9999.0,-0.138,-9999 ,  292,   8.0,   5.7
25-Nov-2018 04:00, 9.225,-9999 ,  27.2,-9999.0,-0.111,-9999 ,  292,   8.0,   5.4
25-Nov-2018 05:00, 8.317,-9999 ,  27.3,-9999.0,-0.129,-9999 ,  300,   7.9,   5.1
25-Nov-2018 06:00, 6.889,-9999 ,  27.1,-9999.0,-0.063,-9999 ,  301,   8.5,   5.4
25-Nov-2018 07:00, 5.328,-9999 ,  27.2,-9999.0,-0.056,-9999 ,  305,   8.9,   5.9
25-Nov-2018 08:00, 3.722,-9999 ,  27.1,-9999.0,-0.059,-9999 ,  303,   9.3,   7.2
25-Nov-2018 09:00, 2.343,-9999 ,  27.0,-9999.0,-0.028,-9999 ,  294,   9.8,   5.7
25-Nov-2018 10:00, 1.624,-9999 ,  26.9,-9999.0,-0.058,-9999 ,  302,   9.2,   5.6
25-Nov-2018 11:00, 2.300,-9999 ,  26.7,-9999.0,-0.059,-9999 ,  304,   8.8,   5.9
25-Nov-2018 12:00, 4.044,-9999 ,  26.8,-9999.0,-0.104,-9999 ,  299,   7.9,   5.3
25-Nov-2018 13:00, 6.049,-9999 ,  26.9,-9999.0,-0.091,-9999 ,  294,   8.7,   7.2
25-Nov-2018 14:00, 7.986,-9999 ,  26.7,-9999.0,-0.067,-9999 ,  294,   7.5,   5.5
25-Nov-2018 15:00, 9.401,-9999 ,  26.6,-9999.0,-0.137,-9999 ,  294,   7.8,   5.4
25-Nov-2018 16:00, 9.767,-9999 ,  26.6,-9999.0,-0.186,-9999 ,  296,   6.4,   5.3
25-Nov-2018 17:00, 8.914,-9999 ,  26.6,-9999.0,-0.151,-9999 ,  306,   6.9,   5.2
25-Nov-2018 18:00, 7.369,-9999 ,  26.5,-9999.0,-0.061,-9999 ,  294,   7.8,   5.2
25-Nov-2018 19:00, 5.697,-9999 ,  26.5,-9999.0,-0.007,-9999 ,  297,   6.7,   5.4
25-Nov-2018 20:00, 3.944,-9999 ,  26.5,-9999.0, 0.002,-9999 ,  293,   8.1,   5.8
25-Nov-2018 21:00, 2.286,-9999 ,  26.5,-9999.0, 0.025,-9999 ,  287,   7.5,   5.1
25-Nov-2018 22:00, 1.121,-9999 ,  26.5,-9999.0,-0.015,-9999 ,  288,   8.1,   5.0
25-Nov-2018 23:00, 1.236,-9999 ,  26.5,-9999.0,-0.006,-9999 ,  278,   7.6,   4.7
26-Nov-2018 00:00, 2.607,-9999 ,  26.7,-9999.0,-0.054,-9999 ,  294,   7.6,   5.2
26-Nov-2018 01:00, 4.359,-9999 ,  26.9,-9999.0,-0.149,-9999 ,  287,   7.2,   5.2
26-Nov-2018 02:00, 6.217,-9999 ,  27.1,-9999.0,-0.166,-9999 ,  287,   7.8,   5.1
26-Nov-2018 03:00, 7.955,-9999 ,  27.0,-9999.0,-0.188,-9999 ,  291,   8.5,   5.0
26-Nov-2018 04:00, 9.031,-9999 ,  27.1,-9999.0,-0.157,-9999 ,  283,   9.0,   5.3
26-Nov-2018 05:00, 8.835,-9999 ,  27.1,-9999.0,-0.158,-9999 ,  293,   9.4,   6.7
26-Nov-2018 06:00, 7.641,-9999 ,  27.3,-9999.0,-0.152,-9999 ,  288,   9.3,   5.4
26-Nov-2018 07:00, 6.203,-9999 ,  27.3,-9999.0,-0.100,-9999 ,  294,   8.2,   5.7
26-Nov-2018 08:00, 4.676,-9999 ,  27.1,-9999.0,-0.086,-9999 ,  295,   9.4,   6.9
26-Nov-2018 09:00, 3.167,-9999 ,  26.9,-9999.0,-0.070,-9999 ,  291,   8.8,   5.4
26-Nov-2018 10:00, 1.990,-9999 ,  26.8,-9999.0,-0.112,-9999 ,  284,   8.6,   5.2
26-Nov-2018 11:00, 1.815,-9999 ,  26.6,-9999.0,-0.131,-9999 ,  301,   7.9,   5.3
26-Nov-2018 12:00, 3.049,-9999 ,  26.6,-9999.0,-0.097,-9999 ,  295,   7.3,   4.6
26-Nov-2018 13:00, 4.885,-9999 ,  26.5,-9999.0,-0.133,-9999 ,  291,   8.6,   4.5
26-Nov-2018 14:00, 6.811,-9999 ,  26.4,-9999.0,-0.091,-9999 ,  301,   8.1,   5.7
26-Nov-2018 15:00, 8.518,-9999 ,  26.4,-9999.0,-0.106,-9999 ,  289,   7.0,   5.3
26-Nov-2018 16:00, 9.521,-9999 ,  26.3,-9999.0,-0.164,-9999 ,  294,   7.5,   5.3
26-Nov-2018 17:00, 9.376,-9999 ,  26.2,-9999.0,-0.162,-9999 ,  300,   6.7,   5.3
26-Nov-2018 18:00, 8.173,-9999 ,  26.3,-9999.0,-0.115,-9999 ,  295,   7.9,   5.4
26-Nov-2018 19:00, 6.607,-9999 ,  26.3,-9999.0,-0.058,-9999 ,  283,   8.3,   5.6
26-Nov-2018 20:00, 4.975,-9999 ,  26.1,-9999.0,-0.058,-9999 ,  299,   7.6,   5.6
26-Nov-2018 21:00, 3.340,-9999 ,  26.3,-9999.0,-0.023,-9999 ,  290,   8.0,   5.8
26-Nov-2018 22:00, 1.942,-9999 ,  26.4,-9999.0,-0.009,-9999 ,  297,   7.9,   5.8
26-Nov-2018 23:00, 1.297,-9999 ,  26.7,-9999.0,-0.025,-9999 ,  295,   8.8,   5.9
27-Nov-2018 00:00, 1.986,-9999 ,  26.8,-9999.0, 0.002,-9999 ,  292,   8.2,   5.4
27-Nov-2018 01:00, 3.470,-9999 ,  27.0,-9999.0,-0.072,-9999 ,  289,   8.0,   5.3
27-Nov-2018 02:00, 5.117,-9999 ,  27.1,-9999.0,-0.125,-9999 ,  278,   7.8,   5.5
27-Nov-2018 03:00, 6.788,-9999 ,  27.0,-9999.0,-0.173,-9999 ,  270,   7.5,   5.1
27-Nov-2018 04:00, 8.226,-9999 ,  27.2,-9999.0,-0.189,-9999 ,  271,   7.3,   4.5
27-Nov-2018 05:00, 8.854,-9999 ,  27.1,-9999.0,-0.127,-9999 ,  285,   7.5,   5.4
27-Nov-2018 06:00, 8.252,-9999 ,  27.1,-9999.0,-0.123,-9999 ,  284,   8.2,   4.6
27-Nov-2018 07:00, 6.961,-9999 ,  26.9,-9999.0,-0.146,-9999 ,  279,   7.7,   5.1
27-Nov-2018 08:00, 5.561,-9999 ,  27.2,-9999.0,-0.162,-9999 ,  295,   7.4,   5.1
27-Nov-2018 09:00, 4.139,-9999 ,  26.7,-9999.0,-0.137,-9999 ,  290,   7.7,   5.1
27-Nov-2018 10:00, 2.842,-9999 ,  26.6,-9999.0,-0.128,-9999 ,  294,   7.3,   4.9
27-Nov-2018 11:00, 2.065,-9999 ,  26.5,-9999.0,-0.176,-9999 ,  300,   8.1,   5.6
27-Nov-2018 12:00, 2.470,-9999 ,  26.6,-9999.0,-0.141,-9999 ,  297,   7.5,   6.2
27-Nov-2018 13:00, 3.927,-9999 ,  26.7,-9999.0,-0.114,-9999 ,  286,   8.6,   4.7
27-Nov-2018 14:00, 5.670,-9999 ,  26.5,-9999.0,-0.086,-9999 ,  299,   7.5,   5.1
27-Nov-2018 15:00, 7.362,-9999 ,  26.6,-9999.0,-0.050,-9999 ,  285,   7.6,   4.7
27-Nov-2018 16:00, 8.677,-9999 ,  26.5,-9999.0,-0.107,-9999 ,  300,   8.0,   6.0
27-Nov-2018 17:00, 9.203,-9999 ,  26.3,-9999.0,-0.157,-9999 ,  300,   8.7,   4.9
27-Nov-2018 18:00, 8.633,-9999 ,  26.2,-9999.0,-0.161,-9999 ,  295,   9.4,   6.3
27-Nov-2018 19:00, 7.341,-9999 ,  26.1,-9999.0,-0.120,-9999 ,  290,   8.8,   5.7
27-Nov-2018 20:00, 5.902,-9999 ,  26.2,-9999.0,-0.101,-9999 ,  285,   9.0,   4.6
27-Nov-2018 21:00, 4.419,-9999 ,  26.1,-9999.0,-0.103,-9999 ,  285,   7.5,   5.3
27-Nov-2018 22:00, 3.045,-9999 ,  26.3,-9999.0,-0.044,-9999 ,  288,   8.1,   4.9
27-Nov-2018 23:00, 2.008,-9999 ,  26.2,-9999.0,-0.064,-9999 ,  283,   8.2,   4.8
28-Nov-2018 00:00, 1.907,-9999 ,  26.4,-9999.0,-0.040,-9999 ,  289,   7.7,   5.2
28-Nov-2018 01:00, 2.886,-9999 ,  26.7,-9999.0,-0.018,-9999 ,  285,   7.0,   4.4
28-Nov-2018 02:00, 4.248,-9999 ,  26.9,-9999.0,-0.080,-9999 ,  284,   6.7,   4.2
28-Nov-2018 03:00, 5.698,-9999 ,  27.0,-9999.0,-0.100,-9999 ,  278,   7.0,   4.1
28-Nov-2018 04:00, 7.095,-9999 ,  26.7,-9999.0,-0.152,-9999 ,  299,   7.4,   4.4
28-Nov-2018 05:00, 8.165,-9999 ,  26.8,-9999.0,-0.147,-9999 ,  305,   7.7,   5.4
28-Nov-2018 06:00, 8.344,-9999 ,  26.9,-9999.0,-0.128,-9999 ,  303,   8.4,   5.1
28-Nov-2018 07:00, 7.520,-9999 ,  26.8,-9999.0,-0.167,-9999 ,  297,  10.7,   7.9
28-Nov-2018 08:00, 6.365,-9999 ,  26.9,-9999.0,-0.163,-9999 ,  296,   9.9,   6.7
28-Nov-2018 09:00, 5.139,-9999 ,  26.8,-9999.0,-0.157,-9999 ,  296,   9.2,   7.3
28-Nov-2018 10:00, 3.922,-9999 ,  26.6,-9999.0,-0.129,-9999 ,  297,   8.7,   5.7
28-Nov-2018 11:00, 2.942,-9999 ,  26.6,-9999.0,-0.133,-9999 ,  284,   7.7,   5.1
28-Nov-2018 12:00, 2.617,-9999 ,  26.6,-9999.0,-0.140,-9999 ,  284,   8.6,   5.6
28-Nov-2018 13:00, 3.334,-9999 ,  26.5,-9999.0,-0.110,-9999 ,  278,   9.1,   5.0
28-Nov-2018 14:00, 4.707,-9999 ,  26.5,-9999.0,-0.085,-9999 ,  279,   8.1,   5.2
28-Nov-2018 15:00, 6.162,-9999 ,  26.5,-9999.0,-0.061,-9999 ,  292,   7.5,   4.9
28-Nov-2018 16:00, 7.448,-9999 ,  26.4,-9999.0,-0.098,-9999 ,  290,   7.3,   5.1
28-Nov-2018 17:00, 8.362,-9999 ,  26.3,-9999.0,-0.138,-9999 ,  275,   7.6,   5.1
28-Nov-2018 18:00, 8.541,-9999 ,  26.2,-9999.0,-0.146,-9999 ,  274,   7.4,   4.7
28-Nov-2018 19:00, 7.823,-9999 ,  26.1,-9999.0,-0.131,-9999 ,  271,   6.7,   4.4
28-Nov-2018 20:00, 6.668,-9999 ,  26.0,-9999.0,-0.098,-9999 ,  270,   7.2,   4.9
28-Nov-2018 21:00, 5.444,-9999 ,  26.1,-9999.0,-0.088,-9999 ,  285,   7.2,   4.7
28-Nov-2018 22:00, 4.197,-9999 ,  26.3,-9999.0,-0.087,-9999 ,  292,   7.5,   5.2
28-Nov-2018 23:00, 3.064,-9999 ,  26.3,-9999.0,-0.133,-9999 ,  300,   8.1,   5.1
29-Nov-2018 00:00, 2.411,-9999 ,  26.4,-9999.0,-0.169,-9999 ,  288,   8.0,   5.6
29-Nov-2018 01:00, 2.699,-9999 ,  26.5,-9999.0,-0.084,-9999 ,  261,   7.7,   5.3
29-Nov-2018 02:00, 3.694,-9999 ,  26.2,-9999.0,-0.030,-9999 ,  279,   7.7,   5.0
29-Nov-2018 03:00, 4.854,-9999 ,  26.5,-9999.0,-0.030,-9999 ,  273,   7.4,   4.7
29-Nov-2018 04:00, 6.019,-9999 ,  26.4,-9999.0,-0.062,-9999 ,  284,   7.4,   5.4
29-Nov-2018 05:00, 7.089,-9999 ,  26.5,-9999.0,-0.108,-9999 ,  274,   8.1,   5.0
29-Nov-2018 06:00, 7.839,-9999 ,  26.6,-9999.0,-0.082,-9999 ,  284,   8.6,   5.7
29-Nov-2018 07:00, 7.760,-9999 ,  26.6,-9999.0,-0.098,-9999 ,  278,   8.2,   5.3
29-Nov-2018 08:00, 6.930,-9999 ,  26.6,-9999.0,-0.190,-9999 ,  287,   7.9,   5.2
29-Nov-2018 09:00, 5.940,-9999 ,  26.6,-9999.0,-0.214,-9999 ,  284,   7.9,   5.1
29-Nov-2018 10:00, 4.922,-9999 ,  26.5,-9999.0,-0.204,-9999 ,  288,   7.4,   4.5
29-Nov-2018 11:00, 3.984,-9999 ,  26.4,-9999.0,-0.185,-9999 ,  288,   7.6,   5.4
29-Nov-2018 12:00, 3.371,-9999 ,  26.3,-9999.0,-0.140,-9999 ,  290,   6.6,   4.6
29-Nov-2018 13:00, 3.396,-9999 ,  26.3,-9999.0,-0.061,-9999 ,  294,   7.9,   5.4
29-Nov-2018 14:00, 4.134,-9999 ,  26.3,-9999.0,-0.022,-9999 ,  291,   8.5,   5.9
29-Nov-2018 15:00, 5.180,-9999 ,  26.5,-9999.0,-0.046,-9999 ,  301,   8.2,   4.8
29-Nov-2018 16:00, 6.227,-9999 ,  26.4,-9999.0,-0.098,-9999 ,  287,   7.6,   5.3
29-Nov-2018 17:00, 7.149,-9999 ,  26.4,-9999.0,-0.122,-9999 ,  282,   6.6,   5.2
29-Nov-2018 18:00, 7.770,-9999 ,  26.4,-9999.0,-0.113,-9999 ,  295,   7.6,   5.5
29-Nov-2018 19:00, 7.810,-9999 ,  26.3,-9999.0,-0.080,-9999 ,  277,   8.2,   4.8
29-Nov-2018 20:00, 7.152,-9999 ,  26.4,-9999.0,-0.091,-9999 ,  271,   7.4,   4.8
29-Nov-2018 21:00, 6.211,-9999 ,  26.4,-9999.0,-0.106,-9999 ,  281,   7.5,   4.8
29-Nov-2018 22:00, 5.254,-9999 ,  26.6,-9999.0,-0.083,-9999 ,  270,   6.7,   4.3
29-Nov-2018 23:00, 4.297,-9999 ,  26.6,-9999.0,-0.094,-9999 ,  280,   6.9,   5.0
30-Nov-2018 00:00, 3.523,-9999 ,  27.0,-9999.0,-0.115,-9999 ,  276,   6.2,   4.3
30-Nov-2018 01:00, 3.179,-9999 ,  27.0,-9999.0,-0.104,-9999 ,  283,   6.1,   3.6
30-Nov-2018 02:00, 3.477,-9999 ,  27.0,-9999.0,-0.066,-9999 ,  280,   6.5,   4.2
30-Nov-2018 03:00, 4.220,-9999 ,  27.0,-9999.0,-0.038,-9999 ,  283,   7.1,   4.6
30-Nov-2018 04:00, 5.086,-9999 ,  27.2,-9999.0,-0.055,-9999 ,  289,   7.6,   5.6
30-Nov-2018 05:00, 5.977,-9999 ,  27.1,-9999.0,-0.077,-9999 ,  283,   7.8,   4.9
30-Nov-2018 06:00, 6.811,-9999 ,  27.3,-9999.0,-0.080,-9999 ,  283,   7.9,   5.4
30-Nov-2018 07:00, 7.301,-9999 ,  27.2,-9999.0,-0.120,-9999 ,  291,   7.4,   6.0
30-Nov-2018 08:00, 7.199,-9999 ,  27.4,-9999.0,-0.152,-9999 ,  279,   9.1,   5.6
30-Nov-2018 09:00, 6.676,-9999 ,  27.2,-9999.0,-0.128,-9999 ,  278,   7.7,   6.0
30-Nov-2018 10:00, 5.957,-9999 ,  27.0,-9999.0,-0.105,-9999 ,  276,   7.7,   5.8
30-Nov-2018 11:00, 5.149,-9999 ,  27.0,-9999.0,-0.128,-9999 ,  275,   8.7,   5.7
30-Nov-2018 12:00, 4.436,-9999 ,  27.0,-9999.0,-0.145,-9999 ,  272,   9.0,   5.0
30-Nov-2018 13:00, 4.007,-9999 ,  26.8,-9999.0,-0.096,-9999 ,  285,   8.1,   5.1
30-Nov-2018 14:00, 4.011,-9999 ,  26.7,-9999.0,-0.059,-9999 ,  273,   7.8,   5.2
30-Nov-2018 15:00, 4.467,-9999 ,  26.6,-9999.0,-0.069,-9999 ,  287,   7.8,   4.7
30-Nov-2018 16:00, 5.179,-9999 ,  26.7,-9999.0,-0.093,-9999 ,  288,   6.5,   3.3
30-Nov-2018 17:00, 5.911,-9999 ,  26.4,-9999.0,-0.127,-9999 ,  292,   5.0,   0.6
30-Nov-2018 18:00, 6.549,-9999 ,  26.5,-9999.0,-0.139,-9999 ,  308,   2.1,   0.6
30-Nov-2018 19:00, 6.992,-9999 ,  26.4,-9999.0,-0.155,-9999 ,  301,   4.3,   3.1
30-Nov-2018 20:00, 7.093,-9999 ,  26.5,-9999.0,-0.109,-9999 ,  276,   6.5,   3.7
30-Nov-2018 21:00, 6.738,-9999 ,  26.4,-9999.0,-0.073,-9999 ,  281,   6.3,   4.4
30-Nov-2018 22:00, 6.091,-9999 ,  26.5,-9999.0,-0.092,-9999 ,  275,   6.2,   4.3
30-Nov-2018 23:00, 5.390,-9999 ,  26.7,-9999.0,-0.080,-9999 ,  252,   5.9,   4.2
01-Dec-2018 00:00, 4.742,-9999 ,  26.9,-9999.0,-0.053,-9999 ,  256,   4.9,   3.1
01-Dec-2018 01:00, 4.205,-9999 ,  27.3,-9999.0,-0.027,-9999 ,  265,   5.4,   3.1
01-Dec-2018 02:00, 3.872,-9999 ,  27.1,-9999.0,-0.051,-9999 ,  272,   5.5,   3.2
01-Dec-2018 03:00, 3.920,-9999 ,  27.2,-9999.0,-0.093,-9999 ,  268,   6.2,   4.5
01-Dec-2018 04:00, 4.359,-9999 ,  27.2,-9999.0,-0.090,-9999 ,  275,   7.3,   5.2
01-Dec-2018 05:00, 4.974,-9999 ,  27.6,-9999.0,-0.109,-9999 ,  272,   8.1,   5.2
01-Dec-2018 06:00, 5.655,-9999 ,  27.5,-9999.0,-0.123,-9999 ,  272,   8.6,   5.8
01-Dec-2018 07:00, 6.345,-9999 ,  27.5,-9999.0,-0.142,-9999 ,  274,   7.8,   6.6
01-Dec-2018 08:00, 6.901,-9999 ,  27.5,-9999.0,-0.105,-9999 ,  274,   7.8,   6.7
01-Dec-2018 09:00, 7.037,-9999 ,  27.7,-9999.0,-0.056,-9999 ,  278,   7.8,   5.4
01-Dec-2018 10:00, 6.710,-9999 ,  27.2,-9999.0,-0.090,-9999 ,  279,   8.2,   5.7
01-Dec-2018 11:00, 6.222,-9999 ,  27.1,-9999.0,-0.068,-9999 ,  286,   7.9,   5.3
01-Dec-2018 12:00, 5.645,-9999 ,  27.1,-9999.0,-0.061,-9999 ,  289,   7.4,   4.6
01-Dec-2018 13:00, 5.042,-9999 ,  27.1,-9999.0,-0.078,-9999 ,  287,   6.8,   5.5
01-Dec-2018 14:00, 4.587,-9999 ,  26.9,-9999.0,-0.029,-9999 ,  282,   6.9,   5.4
01-Dec-2018 15:00, 4.338,-9999 ,  26.9,-9999.0,-0.047,-9999 ,  270,   7.8,   5.1
01-Dec-2018 16:00, 4.390,-9999 ,  26.7,-9999.0,-0.127,-9999 ,  259,   8.2,   5.1
01-Dec-2018 17:00, 4.771,-9999 ,  26.7,-9999.0,-0.162,-9999 ,  266,   8.1,   4.7
01-Dec-2018 18:00, 5.331,-9999 ,  26.7,-9999.0,-0.113,-9999 ,  258,   7.8,   4.8
01-Dec-2018 19:00, 5.903,-9999 ,  26.6, 1007.4,-0.089,-0.155,  267,   6.6,   4.5
01-Dec-2018 20:00, 6.382,-9999 ,  26.6, 1008.0,-0.131,-0.188,  268,   6.1,   4.0
01-Dec-2018 21:00, 6.698,-9999 ,  26.6, 1008.9,-0.086,-0.139,  263,   5.8,   2.6
01-Dec-2018 22:00, 6.694,-9999 ,  26.7, 1009.4,-0.023,-0.065,  249,   3.9,   2.8
01-Dec-2018 23:00, 6.327,-9999 ,  27.0, 1010.0,-0.051,-0.089,    0,   3.4,   0.0
02-Dec-2018 00:00, 5.817,-9999 ,  27.3, 1010.5,-0.070,-0.102,  250,   3.7,   1.5
02-Dec-2018 01:00, 5.269,-9999 ,  27.2, 1010.2,-0.062,-0.089,  271,   3.3,   1.5
02-Dec-2018 02:00, 4.704,-9999 ,  27.3, 1009.7,-0.056,-0.087,  274,   4.9,   3.0
02-Dec-2018 03:00, 4.232,-9999 ,  27.1, 1009.2,-0.075,-0.111,  288,   6.9,   5.3
02-Dec-2018 04:00, 4.006,-9999 ,  27.4, 1008.6,-0.131,-0.171,  278,   7.5,   5.0
02-Dec-2018 05:00, 4.187,-9999 ,  27.7, 1007.8,-0.132,-0.179,  279,   7.5,   5.5
02-Dec-2018 06:00, 4.710,-9999 ,  27.4, 1007.4,-0.056,-0.111,  274,   7.7,   5.7
02-Dec-2018 07:00, 5.342,-9999 ,  27.6, 1007.0,-0.057,-0.116,  274,   8.1,   5.3
02-Dec-2018 08:00, 6.014,-9999 ,  27.7, 1006.8,-0.146,-0.208,  270,   7.9,   5.3
02-Dec-2018 09:00, 6.676,-9999 ,  27.6, 1006.9,-0.138,-0.202,  276,   7.2,   5.2
02-Dec-2018 10:00, 7.117,-9999 ,  27.2, 1007.3,-0.030,-0.092,  273,   7.4,   5.3
02-Dec-2018 11:00, 7.129,-9999 ,  27.2, 1007.7, 0.018,-0.041,  270,   9.0,   5.5
02-Dec-2018 12:00, 6.733,-9999 ,  27.1, 1008.5,-0.046,-0.100,  266,   8.2,   5.5
02-Dec-2018 13:00, 6.139,-9999 ,  27.0, 1009.2,-0.105,-0.151,  264,   7.9,   4.8
02-Dec-2018 14:00, 5.497,-9999 ,  27.1, 1009.4,-0.068,-0.107,  262,   7.5,   4.9
02-Dec-2018 15:00, 4.854,-9999 ,  27.0, 1009.0,-0.007,-0.046,  267,   7.7,   5.1
02-Dec-2018 16:00, 4.302,-9999 ,  26.9, 1008.4,-0.023,-0.066,  259,   7.2,   5.2
02-Dec-2018 17:00, 4.028,-9999 ,  27.1, 1008.0,-0.108,-0.157,  249,   8.2,   5.1
02-Dec-2018 18:00, 4.163,-9999 ,  26.9, 1008.0,-0.133,-0.185,  256,   7.6,   5.2
02-Dec-2018 19:00, 4.639,-9999 ,  27.1, 1008.1,-0.094,-0.146,  237,   7.3,   4.6
02-Dec-2018 20:00, 5.276,-9999 ,  27.1, 1008.4,-0.124,-0.175,  242,   6.3,   4.5
02-Dec-2018 21:00, 5.967,-9999 ,  27.3, 1009.0,-0.165,-0.213,  232,   6.4,   4.5
02-Dec-2018 22:00, 6.572,-9999 ,  26.8, 1010.0,-0.129,-0.170,  192,   6.7,   4.8
02-Dec-2018 23:00, 6.908,-9999 ,  26.8, 1010.6,-0.044,-0.075,  191,   6.1,   4.9
03-Dec-2018 00:00, 6.836,-9999 ,  27.0, 1011.2,-0.005,-0.030,  216,   5.8,   3.7
03-Dec-2018 01:00, 6.379,-9999 ,  27.6, 1011.0,-0.048,-0.068,  236,   4.6,   2.0
03-Dec-2018 02:00, 5.721,-9999 ,  27.9, 1010.5,-0.070,-0.093,  269,   5.4,   3.8
03-Dec-2018 03:00, 5.010,-9999 ,  28.1, 1010.2,-0.046,-0.074,  281,   6.7,   5.0
03-Dec-2018 04:00, 4.324,-9999 ,  28.0, 1009.3,-0.050,-0.081,  283,   7.7,   5.0
03-Dec-2018 05:00, 3.824,-9999 ,  28.1, 1008.8,-0.135,-0.175,  288,   6.5,   5.5
03-Dec-2018 06:00, 3.718,-9999 ,  28.4, 1008.4,-0.224,-0.268,  276,   7.7,   5.3
03-Dec-2018 07:00, 4.150,-9999 ,  28.1, 1007.3,-0.183,-0.232,  282,   8.7,   6.3
03-Dec-2018 08:00, 4.989,-9999 ,  28.1, 1006.5,-0.107,-0.167,  283,   7.7,   6.1
03-Dec-2018 09:00, 5.951,-9999 ,  28.2, 1006.6,-0.087,-0.154,  274,   7.4,   6.1
03-Dec-2018 10:00, 6.817,-9999 ,  27.9, 1008.0,-0.090,-0.155,  255,   8.2,   5.1
03-Dec-2018 11:00, 7.439,-9999 ,  27.7, 1008.5,-0.057,-0.108,  255,   7.9,   5.9
03-Dec-2018 12:00, 7.645,-9999 ,  27.6, 1008.7,-0.011,-0.058,  263,   8.1,   5.8
03-Dec-2018 13:00, 7.301,-9999 ,  27.6, 1009.5,-0.056,-0.100,  270,   8.7,   5.1
03-Dec-2018 14:00, 6.589,-9999 ,  27.4, 1009.5,-0.080,-0.117,  258,   7.3,   5.8
03-Dec-2018 15:00, 5.706,-9999 ,  27.2, 1009.9,-0.046,-0.082,  238,   7.6,   5.6
03-Dec-2018 16:00, 4.737,-9999 ,  27.6, 1010.2,-0.033,-0.067,  210,   7.5,   4.5
03-Dec-2018 17:00, 3.859,-9999 ,  27.1, 1010.5,-0.084,-0.113,  120,   8.1,   3.0
03-Dec-2018 18:00, 3.312,-9999 ,  27.4, 1009.5,-0.181,-0.209,    0,   3.2,   0.0
03-Dec-2018 19:00, 3.340,-9999 ,  27.0, 1008.7,-0.201,-0.239,  276,   2.4,   0.0
03-Dec-2018 20:00, 3.967,-9999 ,  27.9, 1008.5,-0.164,-0.210,  218,   4.0,   2.1
03-Dec-2018 21:00, 4.905,-9999 ,  27.8, 1008.5,-0.158,-0.206,  293,   2.6,   0.0
03-Dec-2018 22:00, 5.922,-9999 ,  28.4, 1009.1,-0.147,-0.194,  248,   3.8,   2.8
03-Dec-2018 23:00, 6.845,-9999 ,  28.5, 1009.5,-0.090,-0.131,  261,   6.0,   4.6
04-Dec-2018 00:00, 7.453,-9999 ,  28.5, 1009.7, 0.019,-0.018,  246,   6.5,   5.3
04-Dec-2018 01:00, 7.477,-9999 ,  28.4, 1009.6, 0.068, 0.032,  247,   7.2,   5.3
04-Dec-2018 02:00, 6.852,-9999 ,  28.5, 1009.7,-0.020,-0.056,  255,   6.5,   5.4
04-Dec-2018 03:00, 5.969,-9999 ,  28.6, 1009.1,-0.052,-0.087,  277,   7.1,   5.2
04-Dec-2018 04:00, 5.041,-9999 ,  28.8, 1008.2,-0.023,-0.065,  286,   7.5,   5.7
04-Dec-2018 05:00, 4.147,-9999 ,  28.7, 1007.7,-0.024,-0.074,  290,   7.5,   6.0
04-Dec-2018 06:00, 3.455,-9999 ,  28.7, 1006.7,-0.114,-0.170,  275,   7.4,   6.3
04-Dec-2018 07:00, 3.231,-9999 ,  28.6, 1006.4,-0.216,-0.282,  284,   7.9,   5.9
04-Dec-2018 08:00, 3.755,-9999 ,  28.9, 1006.2,-0.223,-0.291,  270,   7.9,   5.4
04-Dec-2018 09:00, 4.839,-9999 ,  28.6, 1006.0,-0.165,-0.235,  288,   7.3,   5.3
04-Dec-2018 10:00, 6.069,-9999 ,  28.5, 1006.5,-0.107,-0.179,  288,   6.8,   4.8
04-Dec-2018 11:00, 7.178,-9999 ,  28.4, 1007.3,-0.096,-0.162,  286,   7.3,   4.6
04-Dec-2018 12:00, 8.000,-9999 ,  28.2, 1007.7,-0.058,-0.117,  270,   6.3,   4.8
04-Dec-2018 13:00, 8.264,-9999 ,  28.0, 1008.4,-0.003,-0.057,  268,   6.5,   4.9
04-Dec-2018 14:00, 7.752,-9999 ,  28.0, 1008.8,-0.042,-0.089,  265,   6.8,   4.4
04-Dec-2018 15:00, 6.726,-9999 ,  28.0, 1008.6,-0.091,-0.135,  272,   4.4,   3.0
04-Dec-2018 16:00, 5.545,-9999 ,  28.1, 1007.6,-0.075,-0.123,  279,   5.8,   3.3
04-Dec-2018 17:00, 4.342,-9999 ,  28.5, 1007.1,-0.041,-0.098,  258,   5.0,   3.8
04-Dec-2018 18:00, 3.277,-9999 ,  28.4, 1007.1,-0.059,-0.120,  254,   4.3,   1.7
04-Dec-2018 19:00, 2.619,-9999 ,  28.3, 1007.2,-0.120,-0.181,  258,   5.0,   3.6
04-Dec-2018 20:00, 2.755,-9999 ,  28.3, 1007.6,-0.148,-0.208,  260,   5.5,   2.7
04-Dec-2018 21:00, 3.690,-9999 ,  28.4, 1007.8,-0.125,-0.181,  258,   4.7,   3.7
04-Dec-2018 22:00, 4.948,-9999 ,  28.5, 1008.3,-0.098,-0.152,  258,   4.5,   3.5
04-Dec-2018 23:00, 6.209,-9999 ,  28.5, 1009.0,-0.109,-0.158,  256,   5.6,   3.5
05-Dec-2018 00:00, 7.317,-9999 ,  29.0, 1009.7,-0.099,-0.140,    0,   4.4,   0.0
05-Dec-2018 01:00, 8.011,-9999 ,  29.0, 1009.3,-0.007,-0.043,  274,   5.1,   3.4
05-Dec-2018 02:00, 7.865,-9999 ,  29.1, 1009.3, 0.000,-0.039,  261,   5.6,   3.2
05-Dec-2018 03:00, 7.015,-9999 ,  29.0, 1008.7,-0.045,-0.085,  291,   6.3,   5.0
05-Dec-2018 04:00, 5.961,-9999 ,  29.1, 1008.2,-0.008,-0.053,  287,   7.3,   5.8
05-Dec-2018 05:00, 4.821,-9999 ,  29.0, 1007.3, 0.003,-0.048,  292,   8.4,   5.4
05-Dec-2018 06:00, 3.727,-9999 ,  29.1, 1006.2,-0.053,-0.114,  288,   8.7,   6.2
05-Dec-2018 07:00, 2.925,-9999 ,  29.3, 1005.5,-0.138,-0.208,  296,   8.7,   6.2
05-Dec-2018 08:00, 2.853,-9999 ,  29.3, 1004.5,-0.170,-0.249,  296,   8.3,   6.8
05-Dec-2018 09:00, 3.714,-9999 ,  29.2, 1005.2,-0.153,-0.238,  280,   9.7,   5.1
05-Dec-2018 10:00, 5.079,-9999 ,  29.0, 1005.9,-0.102,-0.183,  276,   6.8,   4.0
05-Dec-2018 11:00, 6.511,-9999 ,  29.2, 1009.2,-0.065,-0.133,  175,   4.9,   2.2
05-Dec-2018 12:00, 7.791,-9999 ,  29.1, 1007.7,-0.059,-0.100,  328,   5.4,   3.2
05-Dec-2018 13:00, 8.658,-9999 ,  28.9, 1006.0,-0.028,-0.085,  319,   7.3,   4.6
05-Dec-2018 14:00, 8.695,-9999 ,  28.9, 1006.3,-0.025,-0.098,  319,   6.2,   2.6
05-Dec-2018 15:00, 7.816,-9999 ,  29.3, 1007.1,-0.095,-0.163,  205,   6.0,   4.3
05-Dec-2018 16:00, 6.536,-9999 ,  29.4, 1006.8,-0.101,-0.162,  261,   5.6,   4.1
05-Dec-2018 17:00, 5.166,-9999 ,  28.8, 1006.2,-0.039,-0.103,  260,   7.0,   5.7
05-Dec-2018 18:00, 3.785,-9999 ,  28.5, 1005.7,-0.004,-0.075,  260,   8.4,   5.5
05-Dec-2018 19:00, 2.589,-9999 ,  28.3, 1005.7,-0.030,-0.105,  257,   9.0,   5.2
05-Dec-2018 20:00, 1.983,-9999 ,  28.3, 1005.8,-0.093,-0.168,  258,   7.5,   5.0
05-Dec-2018 21:00, 2.488,-9999 ,  28.4, 1006.1,-0.102,-0.175,  261,   6.6,   5.1
05-Dec-2018 22:00, 3.779,-9999 ,  28.4, 1006.7,-0.077,-0.148,  261,   5.6,   4.2
05-Dec-2018 23:00, 5.257,-9999 ,  28.8, 1007.1,-0.084,-0.148,  281,   5.3,   3.8
06-Dec-2018 00:00, 6.705,-9999 ,  28.9, 1007.4,-0.115,-0.176,  248,   5.5,   3.5
06-Dec-2018 01:00, 7.913,-9999 ,  29.1, 1007.3,-0.108,-0.166,  246,   4.6,   2.7
06-Dec-2018 02:00, 8.483,-9999 ,  29.0, 1006.8,-0.020,-0.080,  276,   5.2,   4.1
06-Dec-2018 03:00, 7.996,-9999 ,  28.7, 1006.1,-0.038,-0.103,  298,   7.6,   5.8
06-Dec-2018 04:00, 6.876,-9999 ,  28.8, 1005.5,-0.068,-0.140,  286,   7.7,   5.5
06-Dec-2018 05:00, 5.636,-9999 ,  28.9, 1004.5,-0.033,-0.111,  304,   7.8,   5.2
06-Dec-2018 06:00, 4.352,-9999 ,  29.0, 1003.7,-0.041,-0.128,  302,   8.4,   5.9
06-Dec-2018 07:00, 3.190,-9999 ,  29.0, 1002.8,-0.084,-0.180,  291,   8.4,   7.4
06-Dec-2018 08:00, 2.487,-9999 ,  29.1, 1003.2,-0.093,-0.196,  295,   8.7,   6.4
06-Dec-2018 09:00, 2.777,-9999 ,  28.9, 1003.8,-0.078,-0.177,  336,   9.6,   3.9
06-Dec-2018 10:00, 3.979,-9999 ,  28.5, 1004.6,-0.093,-0.187,  289,   5.6,   3.3
06-Dec-2018 11:00, 5.498,-9999 ,  28.8, 1005.3,-0.126,-0.210,  268,   8.5,   4.6
06-Dec-2018 12:00, 7.052,-9999 ,  29.0, 1004.7,-0.134,-0.214,  290,   7.8,   5.3
06-Dec-2018 13:00, 8.408,-9999 ,  29.3, 1005.0,-0.109,-0.194,  300,   7.2,   5.0
06-Dec-2018 14:00, 9.166,-9999 ,  29.6, 1005.0,-0.022,-0.104,  279,   7.2,   5.1
06-Dec-2018 15:00, 8.811,-9999 ,  29.5, 1004.8,-0.026,-0.108,  266,   9.1,   5.1
06-Dec-2018 16:00, 7.592,-9999 ,  29.4, 1004.1,-0.074,-0.159,  272,   8.3,   5.5
06-Dec-2018 17:00, 6.167,-9999 ,  29.1, 1003.7,-0.004,-0.096,  262,   8.5,   5.4
06-Dec-2018 18:00, 4.608,-9999 ,  28.8, 1003.6, 0.024,-0.071,  246,   8.0,   5.9
06-Dec-2018 19:00, 3.072,-9999 ,  28.9, 1003.6,-0.011,-0.107,  248,   7.6,   5.3
06-Dec-2018 20:00, 1.880,-9999 ,  28.9, 1003.9,-0.055,-0.151,  251,   7.0,   5.2
06-Dec-2018 21:00, 1.642,-9999 ,  28.9, 1004.4,-0.077,-0.170,  245,   7.0,   5.1
06-Dec-2018 22:00, 2.635,-9999 ,  29.0, 1004.9,-0.054,-0.141,  258,   6.5,   5.0
06-Dec-2018 23:00, 4.147,-9999 ,  29.2, 1005.3,-0.084,-0.167,  257,   6.4,   5.3
07-Dec-2018 00:00, 5.768,-9999 ,  29.4, 1005.7,-0.127,-0.206,  259,   7.0,   5.6
07-Dec-2018 01:00, 7.317,-9999 ,  29.4, 1005.8,-0.158,-0.233,  257,   7.1,   4.8
07-Dec-2018 02:00, 8.504,-9999 ,  29.4, 1005.4,-0.080,-0.154,  292,   6.6,   4.0
07-Dec-2018 03:00, 8.722,-9999 ,  29.5, 1004.7, 0.007,-0.071,  296,   6.3,   4.4
07-Dec-2018 04:00, 7.818,-9999 ,  29.8, 1004.0,-0.044,-0.130,  309,   6.9,   4.9
07-Dec-2018 05:00, 6.537,-9999 ,  29.6, 1003.1,-0.034,-0.127,  315,   7.2,   5.1
07-Dec-2018 06:00, 5.174,-9999 ,  29.3, 1002.5,-0.011,-0.112,  314,   8.1,   5.3
07-Dec-2018 07:00, 3.800,-9999 ,  29.4, 1001.7,-0.050,-0.157,  310,   8.9,   5.8
07-Dec-2018 08:00, 2.654,-9999 ,  29.4, 1001.3,-0.081,-0.196,  317,   7.2,   5.7
07-Dec-2018 09:00, 2.206,-9999 ,  29.2, 1001.5,-0.091,-0.209,  318,   7.5,   5.4
07-Dec-2018 10:00, 2.968,-9999 ,  29.0, 1001.5,-0.080,-0.197,  309,   8.0,   6.0
07-Dec-2018 11:00, 4.485,-9999 ,  29.0, 1002.4,-0.090,-0.206,  304,   8.1,   5.1
07-Dec-2018 12:00, 6.186,-9999 ,  29.0, 1003.0,-0.096,-0.203,  292,   7.5,   5.3
07-Dec-2018 13:00, 7.841,-9999 ,  28.9, 1003.7,-0.067,-0.168,  303,   6.7,   4.6
07-Dec-2018 14:00, 9.092,-9999 ,  28.9, 1004.3,-0.018,-0.112,  270,   6.1,   4.0
07-Dec-2018 15:00, 9.396,-9999 ,  28.8, 1003.9, 0.010,-0.079,  268,   6.5,   4.5
07-Dec-2018 16:00, 8.531,-9999 ,  28.8, 1003.3,-0.029,-0.123,  268,   6.6,   4.7
07-Dec-2018 17:00, 7.073,-9999 ,  28.9, 1003.0,-0.053,-0.152,  268,   7.4,   4.8
07-Dec-2018 18:00, 5.513,-9999 ,  29.1, 1002.8, 0.009,-0.094,  263,   6.5,   4.6
07-Dec-2018 19:00, 3.869,-9999 ,  29.5, 1002.8, 0.020,-0.084,  269,   6.4,   4.4
07-Dec-2018 20:00, 2.349,-9999 ,  29.7, 1002.7,-0.021,-0.125,  267,   6.5,   4.6
07-Dec-2018 21:00, 1.403,-9999 ,  29.7, 1003.0,-0.072,-0.177,  279,   6.7,   4.6
07-Dec-2018 22:00, 1.726,-9999 ,  29.9, 1003.5,-0.075,-0.177,  274,   7.0,   3.2
07-Dec-2018 23:00, 3.119,-9999 ,  30.3, 1003.8,-0.047,-0.143,  281,   7.0,   5.1
08-Dec-2018 00:00, 4.801,-9999 ,  30.2, 1004.0,-0.067,-0.161,  298,   7.0,   4.7
08-Dec-2018 01:00, 6.537,-9999 ,  30.1, 1004.3,-0.078,-0.170,  298,   7.7,   5.5
08-Dec-2018 02:00, 8.078,-9999 ,  30.2, 1004.2,-0.062,-0.151,  303,   7.9,   5.9
08-Dec-2018 03:00, 8.928,-9999 ,  30.1, 1003.7, 0.002,-0.088,  304,   8.5,   5.4
08-Dec-2018 04:00, 8.567,-9999 ,  30.0, 1003.2,-0.003,-0.098,  313,   7.7,   5.2
08-Dec-2018 05:00, 7.382,-9999 ,  30.0, 1002.5,-0.030,-0.131,  318,   7.7,   4.9
08-Dec-2018 06:00, 6.040,-9999 ,  30.0, 1001.8, 0.022,-0.085,  316,   7.2,   5.1
08-Dec-2018 07:00, 4.586,-9999 ,  29.9, 1001.3, 0.004,-0.111,  319,   7.2,   5.0
08-Dec-2018 08:00, 3.208,-9999 ,  30.1, 1001.0,-0.053,-0.172,  313,   7.0,   5.3
08-Dec-2018 09:00, 2.237,-9999 ,  29.6, 1000.6,-0.077,-0.200,  315,   7.3,   5.2
08-Dec-2018 10:00, 2.265,-9999 ,  29.3, 1001.6,-0.106,-0.232,  338,   7.1,   5.1
08-Dec-2018 11:00, 3.487,-9999 ,  29.1, 1002.8,-0.104,-0.219,  338,   8.2,   5.0
08-Dec-2018 12:00, 5.181,-9999 ,  28.8, 1003.3,-0.118,-0.221,  339,   8.2,   5.7
08-Dec-2018 13:00, 6.966,-9999 ,  28.8, 1003.8,-0.094,-0.192,  338,   7.6,   4.6
08-Dec-2018 14:00, 8.567,-9999 ,  28.6, 1004.2,-0.025,-0.119,  337,   7.0,   5.3
08-Dec-2018 15:00, 9.439,-9999 ,  28.5, 1004.6,-0.012,-0.100,  329,   6.3,   3.9
08-Dec-2018 16:00, 9.171,-9999 ,  28.3, 1003.6,-0.010,-0.097,  333,   6.6,   5.1
08-Dec-2018 17:00, 7.930,-9999 ,  28.1, 1002.9,-0.032,-0.129,  334,   7.8,   5.4
08-Dec-2018 18:00, 6.376,-9999 ,  28.2, 1003.2,-0.021,-0.124,  339,   7.4,   3.9
08-Dec-2018 19:00, 4.723,-9999 ,  28.1, 1004.0,-0.002,-0.101,   37,   4.2,   3.1
08-Dec-2018 20:00, 3.090,-9999 ,  27.0, 1003.8,-0.009,-0.101,   31,   5.6,   4.7
08-Dec-2018 21:00, 1.753,-9999 ,  27.1, 1003.8,-0.052,-0.147,   16,   7.3,   6.0
08-Dec-2018 22:00, 1.311,-9999 ,  26.9, 1004.9,-0.105,-0.198,   42,   7.2,   4.3
08-Dec-2018 23:00, 2.269,-9999 ,  28.0, 1005.3,-0.045,-0.127,  353,   6.0,   4.3
09-Dec-2018 00:00, 3.887,-9999 ,  28.8, 1005.6,-0.021,-0.100,    1,   7.7,   4.7
09-Dec-2018 01:00, 5.591,-9999 ,  29.1, 1006.3,-0.074,-0.150,    7,   7.5,   4.8
09-Dec-2018 02:00, 7.261,-9999 ,  29.0, 1005.8,-0.108,-0.178,  340,   7.8,   5.3
09-Dec-2018 03:00, 8.597,-9999 ,  28.7, 1005.3,-0.043,-0.117,  340,   8.5,   6.4
09-Dec-2018 04:00, 8.947,-9999 ,  29.1, 1004.6, 0.023,-0.057,  340,   8.6,   6.6
09-Dec-2018 05:00, 8.108,-9999 ,  29.0, 1004.1,-0.002,-0.088,  339,  10.0,   7.2
09-Dec-2018 06:00, 6.806,-9999 ,  29.1, 1003.7, 0.018,-0.073,  332,  11.0,   7.5
09-Dec-2018 07:00, 5.393,-9999 ,  29.0, 1002.9, 0.038,-0.058,  333,  13.1,  11.0
09-Dec-2018 08:00, 3.945,-9999 ,  28.9, 1002.6, 0.005,-0.099,  333,  13.0,   8.6
09-Dec-2018 09:00, 2.715,-9999 ,  28.8, 1003.0,-0.029,-0.135,  327,  11.5,   7.1
09-Dec-2018 10:00, 2.103,-9999 ,  28.6, 1003.5,-0.092,-0.194,  335,  10.2,   7.0
09-Dec-2018 11:00, 2.736,-9999 ,  28.6, 1004.3,-0.114,-0.210,  330,   8.5,   5.1
09-Dec-2018 12:00, 4.283,-9999 ,  28.5, 1004.8,-0.097,-0.185,  323,   7.3,   5.5
09-Dec-2018 13:00, 6.073,-9999 ,  28.5, 1005.3,-0.065,-0.148,  352,   8.1,   6.0
09-Dec-2018 14:00, 7.805,-9999 ,  28.3, 1005.5,-0.012,-0.091,  358,   8.6,   6.1
09-Dec-2018 15:00, 9.061,-9999 ,  28.2, 1004.9,-0.005,-0.083,  329,   7.7,   5.8
09-Dec-2018 16:00, 9.370,-9999 ,  28.1, 1004.8,-0.036,-0.119,  338,   8.4,   5.7
09-Dec-2018 17:00, 8.581,-9999 ,  28.1, 1004.0,-0.029,-0.113,  342,   8.0,   5.9
09-Dec-2018 18:00, 7.148,-9999 ,  28.1, 1003.5,-0.025,-0.118,  323,   9.1,   5.3
09-Dec-2018 19:00, 5.548,-9999 ,  28.1, 1004.0,-0.029,-0.125,  324,   8.5,   5.4
09-Dec-2018 20:00, 3.916,-9999 ,  28.4, 1004.6,-0.018,-0.110,  303,   6.9,   3.6
09-Dec-2018 21:00, 2.455,-9999 ,  28.5, 1005.9,-0.014,-0.098,  211,   5.2,   2.1
09-Dec-2018 22:00, 1.501,-9999 ,  28.5, 1006.0,-0.067,-0.140,  169,   7.5,   4.2
09-Dec-2018 23:00, 1.753,-9999 ,  28.9, 1006.6,-0.072,-0.143,  130,   7.7,   6.0
10-Dec-2018 00:00, 3.087,-9999 ,  29.6, 1006.5,-0.043,-0.110,   88,   7.5,   5.4
10-Dec-2018 01:00, 4.711,-9999 ,  31.3, 1006.4,-0.076,-0.143,  105,   6.0,   3.4
10-Dec-2018 02:00, 6.387,-9999 ,  32.3, 1005.8,-0.107,-0.175,    0,   3.6,   0.0
10-Dec-2018 03:00, 7.906,-9999 ,  35.1, 1005.1,-0.088,-0.162,    0,   1.2,   0.0
10-Dec-2018 04:00, 8.812,-9999 ,  32.7, 1004.2,-0.017,-0.099,  309,   5.4,   4.0
10-Dec-2018 05:00, 8.558,-9999 ,  32.0, 1003.3,-0.003,-0.094,  313,   7.0,   6.1
10-Dec-2018 06:00, 7.444,-9999 ,  31.2, 1002.5,-0.001,-0.101,  339,   9.0,   8.0
10-Dec-2018 07:00, 6.115,-9999 ,  30.2, 1002.0, 0.036,-0.071,  340,  12.8,  11.0
10-Dec-2018 08:00, 4.706,-9999 ,  29.9, 1001.6, 0.042,-0.070,  335,  13.3,   9.3
10-Dec-2018 09:00, 3.390,-9999 ,  29.6, 1001.5, 0.021,-0.096,  337,  13.2,   9.8
10-Dec-2018 10:00, 2.455,-9999 ,  29.2, 1002.0,-0.014,-0.130,  341,  14.0,  10.2
10-Dec-2018 11:00, 2.485,-9999 ,  29.0, 1002.9,-0.012,-0.123,  341,  15.1,  11.1
10-Dec-2018 12:00, 3.649,-9999 ,  28.8, 1004.6, 0.007,-0.094,  326,  15.2,   6.7
10-Dec-2018 13:00, 5.295,-9999 ,  28.6, 1005.1, 0.021,-0.065,  342,  10.1,   6.5
10-Dec-2018 14:00, 6.965,-9999 ,  28.6, 1005.7, 0.012,-0.068,  336,   9.2,   4.9
10-Dec-2018 15:00, 8.368,-9999 ,  28.6, 1005.4,-0.021,-0.096,  298,   7.0,   3.6
10-Dec-2018 16:00, 9.173,-9999 ,  28.6, 1004.6,-0.016,-0.095,  290,   6.4,   4.5
10-Dec-2018 17:00, 8.938,-9999 ,  28.5, 1004.0,-0.020,-0.106,  285,   6.6,   5.0
10-Dec-2018 18:00, 7.784,-9999 ,  28.8, 1004.0,-0.017,-0.110,  257,   9.3,   7.1
10-Dec-2018 19:00, 6.334,-9999 ,  28.7, 1004.5, 0.016,-0.075,  283,   9.6,   5.6
10-Dec-2018 20:00, 4.725,-9999 ,  28.9, 1004.7,-0.034,-0.121,  275,   7.6,   4.7
10-Dec-2018 21:00, 3.213,-9999 ,  28.9, 1005.1,-0.045,-0.130,  275,   7.0,   4.1
10-Dec-2018 22:00, 2.052,-9999 ,  28.8, 1006.0,-0.057,-0.136,  262,   6.0,   3.6
10-Dec-2018 23:00, 1.716,-9999 ,  29.1, 1006.0,-0.066,-0.138,  318,   6.8,   5.5
11-Dec-2018 00:00, 2.627,-9999 ,  29.0, 1006.4, 0.018,-0.054,  330,   7.6,   5.5
11-Dec-2018 01:00, 4.109,-9999 ,  29.2, 1006.5, 0.036,-0.032,  314,   8.7,   6.2
11-Dec-2018 02:00, 5.626,-9999 ,  29.2, 1006.3,-0.043,-0.111,  312,   8.7,   6.3
11-Dec-2018 03:00, 7.078,-9999 ,  29.0, 1006.2,-0.125,-0.194,  311,   8.5,   5.9
11-Dec-2018 04:00, 8.262,-9999 ,  29.1, 1005.7,-0.086,-0.156,  308,   9.1,   6.1
11-Dec-2018 05:00, 8.624,-9999 ,  29.3, 1005.2,-0.028,-0.103,  327,   9.1,   6.4
11-Dec-2018 06:00, 7.906,-9999 ,  29.0, 1004.5,-0.033,-0.114,  312,   9.4,   7.9
11-Dec-2018 07:00, 6.702,-9999 ,  29.1, 1003.9,-0.006,-0.093,  332,   9.4,   7.4
11-Dec-2018 08:00, 5.415,-9999 ,  29.1, 1003.1, 0.047,-0.048,  315,  10.1,   7.7
11-Dec-2018 09:00, 4.110,-9999 ,  29.2, 1003.6, 0.052,-0.048,  319,   9.9,   7.7
11-Dec-2018 10:00, 3.001,-9999 ,  29.0, 1004.0,-0.009,-0.105,  331,   9.8,   6.5
11-Dec-2018 11:00, 2.467,-9999 ,  28.9, 1005.2,-0.106,-0.196,  342,   8.5,   5.6
11-Dec-2018 12:00, 3.055,-9999 ,  28.7, 1005.5,-0.126,-0.206,  333,   9.0,   6.9
11-Dec-2018 13:00, 4.451,-9999 ,  28.7, 1006.4,-0.111,-0.188,  326,   8.8,   5.0
11-Dec-2018 14:00, 5.997,-9999 ,  28.7, 1007.3,-0.126,-0.193,   30,   6.1,   2.3
11-Dec-2018 15:00, 7.467,-9999 ,  28.7, 1006.2,-0.122,-0.182,  341,   5.0,   4.3
11-Dec-2018 16:00, 8.598,-9999 ,  28.6, 1005.8,-0.039,-0.110,  319,   5.6,   3.7
11-Dec-2018 17:00, 8.913,-9999 ,  28.4, 1004.8, 0.000,-0.075,  316,   5.7,   2.5
11-Dec-2018 18:00, 8.185,-9999 ,  28.3, 1003.7,-0.028,-0.114,  328,   6.9,   3.5
11-Dec-2018 19:00, 6.929,-9999 ,  28.5, 1004.4, 0.008,-0.087,   28,   5.1,   0.2
11-Dec-2018 20:00, 5.542,-9999 ,  28.6, 1005.0, 0.044,-0.042,  264,   2.7,   1.1
11-Dec-2018 21:00, 4.117,-9999 ,  28.4, 1004.3, 0.056,-0.028,  324,   6.3,   5.2
11-Dec-2018 22:00, 2.849,-9999 ,  28.6, 1005.7, 0.016,-0.072,  264,   8.5,   4.8
11-Dec-2018 23:00, 2.034,-9999 ,  28.8, 1006.0,-0.107,-0.181,  301,   6.1,   4.3
12-Dec-2018 00:00, 2.291,-9999 ,  28.8, 1005.5,-0.121,-0.194,  314,   6.9,   4.9
12-Dec-2018 01:00, 3.474,-9999 ,  28.9, 1005.4,-0.083,-0.160,  299,   8.2,   6.5
12-Dec-2018 02:00, 4.907,-9999 ,  28.8, 1004.6,-0.070,-0.148,  310,   9.4,   6.9
12-Dec-2018 03:00, 6.346,-9999 ,  28.8, 1004.2,-0.070,-0.157,  303,   9.1,   6.5
12-Dec-2018 04:00, 7.595,-9999 ,  29.0, 1003.8,-0.064,-0.155,  314,   9.6,   6.2
12-Dec-2018 05:00, 8.374,-9999 ,  28.9, 1003.7, 0.015,-0.078,  316,   9.2,   6.5
12-Dec-2018 06:00, 8.207,-9999 ,  28.9, 1002.8, 0.041,-0.055,  309,  10.4,   7.6
12-Dec-2018 07:00, 7.224,-9999 ,  29.0, 1002.5, 0.014,-0.090,  313,  10.3,   8.2
12-Dec-2018 08:00, 6.052,-9999 ,  28.9, 1002.6, 0.052,-0.055,  322,  10.6,   7.5
12-Dec-2018 09:00, 4.842,-9999 ,  29.0, 1002.7, 0.085,-0.021,  324,  10.2,   8.3
12-Dec-2018 10:00, 3.693,-9999 ,  28.7, 1002.9, 0.029,-0.075,  319,   9.7,   7.5
12-Dec-2018 11:00, 2.904,-9999 ,  28.6, 1003.1,-0.077,-0.179,  326,   9.2,   6.8
12-Dec-2018 12:00, 2.947,-9999 ,  28.5, 1003.3,-0.126,-0.226,  332,   8.7,   6.0
12-Dec-2018 13:00, 3.943,-9999 ,  28.5, 1003.9,-0.114,-0.212,  337,   8.5,   5.4
12-Dec-2018 14:00, 5.321,-9999 ,  28.5, 1004.0,-0.095,-0.188,  328,   7.5,   5.8
12-Dec-2018 15:00, 6.696,-9999 ,  28.4, 1004.2,-0.082,-0.173,  326,   7.2,   4.6
12-Dec-2018 16:00, 7.848,-9999 ,  28.5, 1003.5,-0.060,-0.151,  323,   7.5,   5.8
12-Dec-2018 17:00, 8.510,-9999 ,  28.6, 1003.3, 0.005,-0.093,  308,   7.8,   5.7
12-Dec-2018 18:00, 8.356,-9999 ,  28.6, 1003.5, 0.046,-0.053,  303,   8.3,   6.3
12-Dec-2018 19:00, 7.413,-9999 ,  28.6, 1003.5, 0.057,-0.039,  299,   8.7,   7.4
12-Dec-2018 20:00, 6.154,-9999 ,  28.6, 1003.4, 0.047,-0.050,  295,   9.8,   5.4
12-Dec-2018 21:00, 4.849,-9999 ,  28.5, 1004.0, 0.032,-0.065,  312,   6.7,   4.7
12-Dec-2018 22:00, 3.633,-9999 ,  28.4, 1004.3, 0.021,-0.071,  317,   7.0,   5.5
12-Dec-2018 23:00, 2.687,-9999 ,  28.6, 1005.2,-0.071,-0.159,  325,   7.6,   4.2
13-Dec-2018 00:00, 2.432,-9999 ,  29.0, 1005.5,-0.141,-0.220,  345,   8.3,   5.1
13-Dec-2018 01:00, 3.173,-9999 ,  29.0, 1005.2,-0.097,-0.174,  352,  10.6,   7.8
13-Dec-2018 02:00, 4.392,-9999 ,  29.3, 1005.0,-0.058,-0.138,    4,  10.5,   6.7
13-Dec-2018 03:00, 5.658,-9999 ,  29.3, 1004.7,-0.053,-0.136,  344,  11.8,   8.7
13-Dec-2018 04:00, 6.826,-9999 ,  29.2, 1004.0,-0.084,-0.170,  335,  12.2,   9.9
13-Dec-2018 05:00, 7.771,-9999 ,  29.3, 1003.5,-0.021,-0.114,  331,  14.6,  10.2
13-Dec-2018 06:00, 8.087,-9999 ,  29.4, 1003.3, 0.031,-0.066,  334,  14.3,   8.2
13-Dec-2018 07:00, 7.502,-9999 ,  29.2, 1003.0,-0.023,-0.123,  311,  12.2,   8.2
13-Dec-2018 08:00, 6.471,-9999 ,  29.2, 1003.5,-0.054,-0.155,  312,  11.5,   7.1
13-Dec-2018 09:00, 5.379,-9999 ,  29.2, 1003.0,-0.044,-0.142,  319,  12.6,   9.7
13-Dec-2018 10:00, 4.326,-9999 ,  28.9, 1003.2,-0.042,-0.143,  327,  12.5,   9.2
13-Dec-2018 11:00, 3.483,-9999 ,  28.7, 1003.7,-0.097,-0.196,  324,  12.1,   9.5
13-Dec-2018 12:00, 3.212,-9999 ,  28.5, 1003.8,-0.096,-0.190,  323,  13.2,   9.8
13-Dec-2018 13:00, 3.745,-9999 ,  28.4, 1004.4,-0.066,-0.160,  320,  12.2,   8.1
13-Dec-2018 14:00, 4.814,-9999 ,  28.4, 1004.8,-0.061,-0.148,  323,   9.6,   6.8
13-Dec-2018 15:00, 6.011,-9999 ,  28.3, 1004.0,-0.032,-0.118,  321,   9.6,   6.6
13-Dec-2018 16:00, 7.085,-9999 ,  28.5, 1005.2,-0.030,-0.120,  308,   9.1,   3.2
13-Dec-2018 17:00, 7.773,-9999 ,  28.4, 1004.0,-0.083,-0.164,  301,   6.4,   4.8
13-Dec-2018 18:00, 7.951,-9999 ,  28.3, 1003.3,-0.099,-0.191,  315,   6.9,   5.3
13-Dec-2018 19:00, 7.518,-9999 ,  28.3, 1003.1,-0.034,-0.133,  306,   9.0,   6.7
13-Dec-2018 20:00, 6.551,-9999 ,  28.2, 1003.4,-0.020,-0.121,  302,   9.1,   5.8
13-Dec-2018 21:00, 5.428,-9999 ,  28.2, 1004.0,-0.045,-0.143,  294,   7.3,   3.6
13-Dec-2018 22:00, 4.359,-9999 ,  28.3, 1004.8,-0.031,-0.122,  290,   5.0,   2.2
13-Dec-2018 23:00, 3.451,-9999 ,  29.0, 1005.2,-0.049,-0.133,  261,   2.8,   0.3
14-Dec-2018 00:00, 2.929,-9999 ,  29.4, 1005.5,-0.109,-0.188,    0,   2.0,   0.0
14-Dec-2018 01:00, 3.122,-9999 ,  29.7, 1005.1,-0.137,-0.214,  201,   1.2,   0.3
14-Dec-2018 02:00, 3.940,-9999 ,  29.6, 1004.5,-0.159,-0.240,  276,   2.6,   1.3
14-Dec-2018 03:00, 4.996,-9999 ,  29.4, 1003.9,-0.136,-0.223,  304,   7.0,   5.7
14-Dec-2018 04:00, 6.059,-9999 ,  29.4, 1003.1,-0.123,-0.216,  309,   8.7,   7.1
14-Dec-2018 05:00, 6.966,-9999 ,  29.2, 1002.7,-0.125,-0.227,  338,  12.0,   7.6
14-Dec-2018 06:00, 7.592,-9999 ,  29.1, 1002.5,-0.039,-0.144,  334,  14.1,  11.5
14-Dec-2018 07:00, 7.585,-9999 ,  29.1, 1002.2, 0.016,-0.091,  337,  14.0,  11.0
14-Dec-2018 08:00, 6.888,-9999 ,  29.1, 1002.1,-0.025,-0.135,  341,  12.8,  10.0
14-Dec-2018 09:00, 5.979,-9999 ,  29.1, 1002.3,-0.030,-0.141,  335,  13.4,   9.8
14-Dec-2018 10:00, 5.063,-9999 ,  28.9, 1002.8,-0.017,-0.125,  335,  12.7,   8.7
14-Dec-2018 11:00, 4.256,-9999 ,  28.7, 1003.4,-0.026,-0.129,  334,  12.1,   7.2
14-Dec-2018 12:00, 3.732,-9999 ,  28.6, 1003.8,-0.077,-0.175,  337,  11.1,   7.3
14-Dec-2018 13:00, 3.753,-9999 ,  28.5, 1004.5,-0.118,-0.211,  336,   9.7,   5.1
14-Dec-2018 14:00, 4.419,-9999 ,  28.5, 1004.6,-0.113,-0.200,  336,   8.4,   5.4
14-Dec-2018 15:00, 5.367,-9999 ,  28.4, 1004.6,-0.072,-0.157,  333,   7.8,   4.2
14-Dec-2018 16:00, 6.263,-9999 ,  28.4, 1003.8,-0.075,-0.162,  321,   7.5,   5.8
14-Dec-2018 17:00, 6.977,-9999 ,  28.3, 1003.5,-0.105,-0.200,  316,   7.5,   5.5
14-Dec-2018 18:00, 7.413,-9999 ,  28.3, 1003.0,-0.078,-0.176,  318,   8.4,   6.7
14-Dec-2018 19:00, 7.392,-9999 ,  28.0, 1002.6,-0.033,-0.135,  326,   7.7,   5.3
14-Dec-2018 20:00, 6.838,-9999 ,  28.1, 1003.2,-0.007,-0.113,  329,   6.0,   4.1
14-Dec-2018 21:00, 5.974,-9999 ,  28.0, 1003.9,-0.026,-0.125,  327,   6.1,   4.4
14-Dec-2018 22:00, 5.066,-9999 ,  28.3, 1004.4,-0.043,-0.135,  319,   5.5,   4.0
14-Dec-2018 23:00, 4.261,-9999 ,  28.3, 1004.7,-0.028,-0.116,  315,   6.2,   4.3
15-Dec-2018 00:00, 3.633,-9999 ,  28.4, 1005.0,-0.077,-0.161,  308,   6.9,   5.4
15-Dec-2018 01:00, 3.419,-9999 ,  28.7, 1004.9,-0.138,-0.220,  311,   7.9,   5.6
15-Dec-2018 02:00, 3.819,-9999 ,  28.9, 1004.6,-0.144,-0.227,  305,   8.0,   5.3
15-Dec-2018 03:00, 4.592,-9999 ,  28.8, 1004.0,-0.109,-0.196,  306,   8.3,   6.1
15-Dec-2018 04:00, 5.430,-9999 ,  28.9, 1003.6,-0.097,-0.189,  314,   9.4,   6.6
15-Dec-2018 05:00, 6.244,-9999 ,  29.1, 1003.0,-0.104,-0.201,  303,  10.1,   7.4
15-Dec-2018 06:00, 6.926,-9999 ,  29.1, 1002.6,-0.070,-0.172,  306,  10.5,   7.6
15-Dec-2018 07:00, 7.258,-9999 ,  29.2, 1002.2,-0.034,-0.141,  300,   9.9,   6.7
15-Dec-2018 08:00, 7.046,-9999 ,  29.0, 1002.0,-0.035,-0.145,  311,   9.6,   7.1
15-Dec-2018 09:00, 6.434,-9999 ,  29.0, 1002.1,-0.046,-0.158,  311,   9.1,   7.2
15-Dec-2018 10:00, 5.690,-9999 ,  28.7, 1002.6,-0.056,-0.166,  308,   9.0,   6.8
15-Dec-2018 11:00, 4.945,-9999 ,  28.4, 1003.0,-0.087,-0.192,  307,   9.4,   7.1
15-Dec-2018 12:00, 4.377,-9999 ,  28.3, 1003.4,-0.103,-0.205,  303,   9.8,   6.9
15-Dec-2018 13:00, 4.149,-9999 ,  28.2, 1004.0,-0.085,-0.183,  303,  10.4,   7.5
15-Dec-2018 14:00, 4.360,-9999 ,  28.1, 1004.7,-0.081,-0.172,  310,  10.9,   9.2
15-Dec-2018 15:00, 4.909,-9999 ,  28.1, 1004.4,-0.088,-0.173,  306,  12.2,   8.0
15-Dec-2018 16:00, 5.552,-9999 ,  27.8, 1004.1,-0.089,-0.177,  305,  11.0,   8.1
15-Dec-2018 17:00, 6.151,-9999 ,  27.7, 1003.8,-0.116,-0.208,  308,  11.0,   8.1
15-Dec-2018 18:00, 6.655,-9999 ,  27.6, 1003.7,-0.091,-0.185,  301,  11.1,   8.5
15-Dec-2018 19:00, 6.921,-9999 ,  27.5, 1003.8,-0.046,-0.141,  301,  11.6,   8.7
15-Dec-2018 20:00, 6.791,-9999 ,  27.5, 1004.0,-0.038,-0.131,  295,  11.8,   9.2
15-Dec-2018 21:00, 6.309,-9999 ,  27.4, 1004.6,-0.048,-0.140,  296,  11.1,   9.0
15-Dec-2018 22:00, 5.668,-9999 ,-9999 ,-9999.0,-0.058,-9999 ,-9999,  10.6,-9999
15-Dec-2018 23:00, 5.005,-9999 ,-9999 ,-9999.0,-0.064,-9999 ,-9999,-9999 ,-9999
16-Dec-2018 00:00, 4.421,-9999 ,-9999 ,-9999.0,-0.072,-9999 ,-9999,-9999 ,-9999
16-Dec-2018 01:00, 4.042,-9999 ,-9999 ,-9999.0,-0.079,-9999 ,-9999,-9999 ,-9999
16-Dec-2018 02:00, 4.019,-9999 ,-9999 ,-9999.0,-0.086,-9999 ,-9999,-9999 ,-9999
16-Dec-2018 03:00, 4.364,-9999 ,-9999 ,-9999.0,-0.093,-9999 ,-9999,-9999 ,-9999
16-Dec-2018 04:00, 4.889,-9999 ,-9999 ,-9999.0,-0.101,-9999 ,-9999,-9999 ,-9999
16-Dec-2018 05:00, 5.514,-9999 ,-9999 ,-9999.0,-0.108,-9999 ,-9999,-9999 ,-9999
16-Dec-2018 06:00, 6.142,-9999 ,-9999 ,-9999.0,-0.115,-9999 ,-9999,-9999 ,-9999
16-Dec-2018 07:00, 6.629,-9999 ,-9999 ,-9999.0,-0.123,-9999 ,-9999,-9999 ,-9999
16-Dec-2018 08:00, 6.819,-9999 ,-9999 ,-9999.0,-0.130,-9999 ,-9999,-9999 ,-9999
16-Dec-2018 09:00, 6.632,-9999 ,-9999 ,-9999.0,-0.137,-9999 ,-9999,-9999 ,-9999
16-Dec-2018 10:00, 6.180,-9999 ,-9999 ,-9999.0,-0.144,-9999 ,-9999,-9999 ,-9999
16-Dec-2018 11:00, 5.626,-9999 ,-9999 ,-9999.0,-0.152,-9999 ,-9999,-9999 ,-9999
16-Dec-2018 12:00, 5.092,-9999 ,-9999 ,-9999.0,-0.158,-9999 ,-9999,-9999 ,-9999
16-Dec-2018 13:00, 4.669,-9999 ,-9999 ,-9999.0,-0.167,-9999 ,-9999,-9999 ,-9999
16-Dec-2018 14:00, 4.482,-9999 ,-9999 ,-9999.0,-0.171,-9999 ,-9999,-9999 ,-9999
16-Dec-2018 15:00, 4.579,-9999 ,  26.4,-9999.0,-0.199,-9999 ,  297,  11.3,   8.9
16-Dec-2018 16:00, 4.873,-9999 ,  26.3,-9999.0,-0.206,-9999 ,  293,  13.2,   8.8
16-Dec-2018 17:00, 5.293,-9999 ,  26.2,-9999.0,-0.179,-9999 ,  295,  12.4,   8.4
16-Dec-2018 18:00, 5.692,-9999 ,  26.3,-9999.0,-0.205,-9999 ,  288,  12.3,   9.6
16-Dec-2018 19:00, 6.022,-9999 ,  26.4,-9999.0,-0.238,-9999 ,  289,  13.2,   8.5
16-Dec-2018 20:00, 6.278,-9999 ,  26.2,-9999.0,-0.193,-9999 ,  289,  13.2,   9.5
16-Dec-2018 21:00, 6.302,-9999 ,  26.4,-9999.0,-0.141,-9999 ,  280,  12.3,   8.5
16-Dec-2018 22:00, 6.054,-9999 ,  26.6,-9999.0,-0.132,-9999 ,  274,  12.6,   8.8
16-Dec-2018 23:00, 5.608,-9999 ,  27.0,-9999.0,-0.173,-9999 ,  261,  11.7,   8.2
17-Dec-2018 00:00, 5.104,-9999 ,  26.9,-9999.0,-0.211,-9999 ,  277,  11.8,   7.7
17-Dec-2018 01:00, 4.692,-9999 ,  27.2,-9999.0,-0.175,-9999 ,  279,  11.2,   7.1
17-Dec-2018 02:00, 4.372,-9999 ,  27.1,-9999.0,-0.175,-9999 ,  279,  11.3,   7.3
17-Dec-2018 03:00, 4.215,-9999 ,  27.2,-9999.0,-0.263,-9999 ,  287,   9.5,   7.7
17-Dec-2018 04:00, 4.368,-9999 ,  27.2,-9999.0,-0.265,-9999 ,  293,   9.7,   7.5
17-Dec-2018 05:00, 4.769,-9999 ,  27.1,-9999.0,-0.204,-9999 ,  291,  10.6,   8.0
17-Dec-2018 06:00, 5.277,-9999 ,  27.1,-9999.0,-0.199,-9999 ,  293,   9.8,   7.8
17-Dec-2018 07:00, 5.790,-9999 ,  27.0,-9999.0,-0.245,-9999 ,  290,  10.0,   7.8
17-Dec-2018 08:00, 6.226,-9999 ,  27.0,-9999.0,-0.286,-9999 ,  290,  10.4,   7.6
17-Dec-2018 09:00, 6.536,-9999 ,  26.9,-9999.0,-0.226,-9999 ,  294,  10.2,   7.5
17-Dec-2018 10:00, 6.568,-9999 ,  26.6,-9999.0,-0.165,-9999 ,  294,   9.4,   6.7
17-Dec-2018 11:00, 6.301,-9999 ,  26.3,-9999.0,-0.167,-9999 ,  298,   8.7,   6.6
17-Dec-2018 12:00, 5.924,-9999 ,  26.2,-9999.0,-0.141,-9999 ,  303,   9.1,   6.7
17-Dec-2018 13:00, 5.490,-9999 ,  26.3,-9999.0,-0.111,-9999 ,  307,   8.8,   6.5
17-Dec-2018 14:00, 5.034,-9999 ,  25.9,-9999.0,-0.125,-9999 ,  310,   8.6,   6.5
17-Dec-2018 15:00, 4.679,-9999 ,  25.9,-9999.0,-0.183,-9999 ,  304,   9.4,   6.2
17-Dec-2018 16:00, 4.486,-9999 ,  25.9,-9999.0,-0.251,-9999 ,  301,   9.1,   6.8
17-Dec-2018 17:00, 4.502,-9999 ,  26.0,-9999.0,-0.275,-9999 ,  306,   8.2,   6.1
17-Dec-2018 18:00, 4.787,-9999 ,  26.0,-9999.0,-0.219,-9999 ,  288,   8.1,   5.9
17-Dec-2018 19:00, 5.190,-9999 ,  26.0,-9999.0,-0.191,-9999 ,  291,   9.9,   6.9
17-Dec-2018 20:00, 5.553,-9999 ,  26.0,-9999.0,-0.259,-9999 ,  278,   8.8,   7.0
17-Dec-2018 21:00, 5.904,-9999 ,  26.1,-9999.0,-0.270,-9999 ,  285,   9.1,   7.2
17-Dec-2018 22:00, 6.209,-9999 ,  26.0,-9999.0,-0.165,-9999 ,  279,   8.7,   5.8
17-Dec-2018 23:00, 6.245,-9999 ,  26.1,-9999.0,-0.105,-9999 ,  295,   8.7,   6.3
18-Dec-2018 00:00, 5.943,-9999 ,  26.3,-9999.0,-0.171,-9999 ,  290,   9.0,   6.0
18-Dec-2018 01:00, 5.506,-9999 ,  26.4,-9999.0,-0.211,-9999 ,  280,   8.5,   4.8
18-Dec-2018 02:00, 5.040,-9999 ,  26.6,-9999.0,-0.193,-9999 ,  286,   7.5,   4.9
18-Dec-2018 03:00, 4.612,-9999 ,  26.8,-9999.0,-0.200,-9999 ,  293,   7.3,   4.4
18-Dec-2018 04:00, 4.305,-9999 ,  27.1,-9999.0,-0.239,-9999 ,  301,   7.5,   4.8
18-Dec-2018 05:00, 4.244,-9999 ,  26.9,-9999.0,-0.243,-9999 ,  306,   7.9,   5.5
18-Dec-2018 06:00, 4.535,-9999 ,  27.2,-9999.0,-0.180,-9999 ,  314,   9.0,   6.2
18-Dec-2018 07:00, 5.037,-9999 ,  27.1,-9999.0,-0.166,-9999 ,  307,   9.2,   6.9
18-Dec-2018 08:00, 5.615,-9999 ,  27.3,-9999.0,-0.223,-9999 ,  319,   9.5,   6.7
18-Dec-2018 09:00, 6.186,-9999 ,  27.2,-9999.0,-0.245,-9999 ,  305,   9.1,   6.6
18-Dec-2018 10:00, 6.641,-9999 ,  27.1,-9999.0,-0.213,-9999 ,  308,   8.5,   6.3
18-Dec-2018 11:00, 6.868,-9999 ,  27.2,-9999.0,-0.143,-9999 ,  314,   7.7,   5.3
18-Dec-2018 12:00, 6.763,-9999 ,  27.1,-9999.0,-0.106,-9999 ,  317,   7.8,   5.9
18-Dec-2018 13:00, 6.345,-9999 ,  27.0,-9999.0,-0.133,-9999 ,  318,   8.4,   6.1
18-Dec-2018 14:00, 5.767,-9999 ,  27.0,-9999.0,-0.137,-9999 ,  318,   8.7,   6.6
18-Dec-2018 15:00, 5.131,-9999 ,  26.8,-9999.0,-0.157,-9999 ,  323,   7.9,   4.6
18-Dec-2018 16:00, 4.533,-9999 ,  26.8,-9999.0,-0.202,-9999 ,  318,   8.5,   5.7
18-Dec-2018 17:00, 4.089,-9999 ,  26.7,-9999.0,-0.229,-9999 ,  312,   8.4,   6.3
18-Dec-2018 18:00, 3.953,-9999 ,  26.6,-9999.0,-0.227,-9999 ,  307,   9.6,   6.3
18-Dec-2018 19:00, 4.203,-9999 ,  26.8,-9999.0,-0.189,-9999 ,  303,   9.2,   6.3
18-Dec-2018 20:00, 4.725,-9999 ,  26.7,-9999.0,-0.182,-9999 ,  296,   8.7,   6.0
18-Dec-2018 21:00, 5.352,-9999 ,  26.8,-9999.0,-0.200,-9999 ,  302,   7.9,   5.8
18-Dec-2018 22:00, 5.963,-9999 ,  26.9,-9999.0,-0.208,-9999 ,  295,   8.0,   6.0
18-Dec-2018 23:00, 6.456,-9999 ,  27.2,-9999.0,-0.181,-9999 ,  294,   8.2,   5.2
19-Dec-2018 00:00, 6.676,-9999 ,  27.2,-9999.0,-0.115,-9999 ,  293,   7.5,   5.4
19-Dec-2018 01:00, 6.472,-9999 ,  27.5,-9999.0,-0.125,-9999 ,  298,   7.5,   4.9
19-Dec-2018 02:00, 5.917,-9999 ,  27.5,-9999.0,-0.177,-9999 ,  304,   6.9,   4.9
19-Dec-2018 03:00, 5.247,-9999 ,  27.5,-9999.0,-0.196,-9999 ,  310,   8.1,   5.1
19-Dec-2018 04:00, 4.609,-9999 ,  27.6,-9999.0,-0.205,-9999 ,  299,   8.6,   6.6
19-Dec-2018 05:00, 4.104,-9999 ,  27.7,-9999.0,-0.200,-9999 ,  293,   9.7,   6.6
19-Dec-2018 06:00, 3.866,-9999 ,  27.7,-9999.0,-0.234,-9999 ,  292,   8.5,   6.0
19-Dec-2018 07:00, 4.049,-9999 ,  27.8,-9999.0,-0.276,-9999 ,  284,   7.7,   5.6
19-Dec-2018 08:00, 4.696,-9999 ,  27.9,-9999.0,-0.262,-9999 ,  292,   8.5,   5.9
19-Dec-2018 09:00, 5.603,-9999 ,  27.5,-9999.0,-0.188,-9999 ,  295,   8.6,   6.3
19-Dec-2018 10:00, 6.411,-9999 ,  27.5,-9999.0,-0.184,-9999 ,  297,   8.2,   5.2
19-Dec-2018 11:00, 6.999,-9999 ,  27.4,-9999.0,-0.243,-9999 ,  299,   9.0,   5.8
19-Dec-2018 12:00, 7.344,-9999 ,  27.3,-9999.0,-0.196,-9999 ,  297,   7.5,   4.8
19-Dec-2018 13:00, 7.261,-9999 ,  27.2,-9999.0,-0.134,-9999 ,  292,   7.3,   5.4
19-Dec-2018 14:00, 6.683,-9999 ,  27.3,-9999.0,-0.151,-9999 ,  299,   8.1,   6.5
19-Dec-2018 15:00, 5.840,-9999 ,  27.0,-9999.0,-0.177,-9999 ,  299,   9.1,   7.0
19-Dec-2018 16:00, 4.952,-9999 ,  26.9,-9999.0,-0.185,-9999 ,  296,   8.7,   6.7
19-Dec-2018 17:00, 4.134,-9999 ,  26.8,-9999.0,-0.136,-9999 ,  291,   9.8,   7.5
19-Dec-2018 18:00, 3.482,-9999 ,  26.7,-9999.0,-0.139,-9999 ,  300,   9.5,   7.7
19-Dec-2018 19:00, 3.253,-9999 ,  26.7,-9999.0,-0.184,-9999 ,  294,   9.9,   6.5
19-Dec-2018 20:00, 3.638,-9999 ,  26.7,-9999.0,-0.182,-9999 ,  297,   9.4,   7.2
19-Dec-2018 21:00, 4.434,-9999 ,  26.6,-9999.0,-0.190,-9999 ,  287,   9.9,   7.0
19-Dec-2018 22:00, 5.344,-9999 ,  26.7,-9999.0,-0.212,-9999 ,  280,   9.2,   6.9
19-Dec-2018 23:00, 6.223,-9999 ,  26.9,-9999.0,-0.254,-9999 ,  259,   9.2,   6.6
20-Dec-2018 00:00, 6.931,-9999 ,  27.2,-9999.0,-0.233,-9999 ,  245,   8.2,   6.1
20-Dec-2018 01:00, 7.226,-9999 ,  27.6,-9999.0,-0.151,-9999 ,  257,   8.4,   5.6
20-Dec-2018 02:00, 6.877,-9999 ,  27.9,-9999.0,-0.168,-9999 ,  250,   7.4,   5.2
20-Dec-2018 03:00, 6.097,-9999 ,  28.0,-9999.0,-0.201,-9999 ,  266,   7.0,   5.1
20-Dec-2018 04:00, 5.218,-9999 ,  27.9,-9999.0,-0.206,-9999 ,  292,   8.0,   6.3
20-Dec-2018 05:00, 4.366,-9999 ,  28.1,-9999.0,-0.181,-9999 ,  288,   9.3,   7.6
20-Dec-2018 06:00, 3.671,-9999 ,  28.0,-9999.0,-0.165,-9999 ,  291,  11.2,   9.0
20-Dec-2018 07:00, 3.399,-9999 ,  27.9,-9999.0,-0.181,-9999 ,  291,  11.0,   9.1
20-Dec-2018 08:00, 3.787,-9999 ,  28.0,-9999.0,-0.162,-9999 ,  290,  11.0,   9.1
20-Dec-2018 09:00, 4.682,-9999 ,  27.8,-9999.0,-0.186,-9999 ,  286,  11.4,   9.2
20-Dec-2018 10:00, 5.755,-9999 ,  27.6,-9999.0,-0.208,-9999 ,  276,  10.8,   8.3
20-Dec-2018 11:00, 6.784,-9999 ,  27.5,-9999.0,-0.239,-9999 ,  278,  10.4,   7.8
20-Dec-2018 12:00, 7.608,-9999 ,  27.6,-9999.0,-0.258,-9999 ,  280,   9.5,   6.9
20-Dec-2018 13:00, 8.018,-9999 ,  27.4,-9999.0,-0.170,-9999 ,  269,  10.0,   7.3
20-Dec-2018 14:00, 7.749,-9999 ,  27.4,-9999.0,-0.113,-9999 ,  275,  11.1,   8.1
20-Dec-2018 15:00, 6.911,-9999 ,  27.4,-9999.0,-0.073,-9999 ,  267,  10.8,   8.4
20-Dec-2018 16:00, 5.803,-9999 ,  27.4,-9999.0,-0.078,-9999 ,  255,  11.9,   9.6
20-Dec-2018 17:00, 4.584,-9999 ,  27.4,-9999.0,-0.126,-9999 ,  258,  12.8,   9.9
20-Dec-2018 18:00, 3.456,-9999 ,  27.3,-9999.0,-0.112,-9999 ,  252,  12.2,  10.1
20-Dec-2018 19:00, 2.614,-9999 ,  27.7,-9999.0,-0.185,-9999 ,  232,  12.4,  11.2
20-Dec-2018 20:00, 2.450,-9999 ,  27.6,-9999.0,-0.282,-9999 ,  232,  12.9,   9.8
20-Dec-2018 21:00, 3.183,-9999 ,  27.5,-9999.0,-0.274,-9999 ,  228,  11.7,   7.3
20-Dec-2018 22:00, 4.330,-9999 ,  27.5,-9999.0,-0.271,-9999 ,  232,   9.6,   6.6
20-Dec-2018 23:00, 5.518,-9999 ,  27.5,-9999.0,-0.317,-9999 ,  247,   8.9,   6.0
21-Dec-2018 00:00, 6.653,-9999 ,  28.3,-9999.0,-0.373,-9999 ,  248,   9.2,   7.1
21-Dec-2018 01:00, 7.536,-9999 ,  28.5,-9999.0,-0.291,-9999 ,  248,   9.9,   7.6
21-Dec-2018 02:00, 7.727,-9999 ,  29.1,-9999.0,-0.203,-9999 ,  258,   8.8,   7.3
21-Dec-2018 03:00, 7.101,-9999 ,  29.4,-9999.0,-0.198,-9999 ,  270,   9.5,   6.6
21-Dec-2018 04:00, 6.090,-9999 ,  29.0,-9999.0,-0.185,-9999 ,  275,  11.0,   7.7
21-Dec-2018 05:00, 4.999,-9999 ,  29.0,-9999.0,-0.178,-9999 ,  280,  11.1,   9.2
21-Dec-2018 06:00, 3.925,-9999 ,  29.2,-9999.0,-0.152,-9999 ,  282,  11.5,   8.8
21-Dec-2018 07:00, 3.072,-9999 ,  29.2,-9999.0,-0.178,-9999 ,  282,  11.3,   9.3
21-Dec-2018 08:00, 2.840,-9999 ,  29.5,-9999.0,-0.218,-9999 ,  292,  10.3,   8.2
21-Dec-2018 09:00, 3.552,-9999 ,  29.6,-9999.0,-0.183,-9999 ,  288,  10.8,   7.7
21-Dec-2018 10:00, 4.829,-9999 ,  29.2,-9999.0,-0.170,-9999 ,  268,   9.4,   5.9
21-Dec-2018 11:00, 6.165,-9999 ,  28.9,-9999.0,-0.198,-9999 ,  252,  10.3,   8.7
21-Dec-2018 12:00, 7.385,-9999 ,  29.1,-9999.0,-0.278,-9999 ,  249,   9.6,   8.3
21-Dec-2018 13:00, 8.313,-9999 ,  29.3,-9999.0,-0.280,-9999 ,  249,  10.9,   8.8
21-Dec-2018 14:00, 8.569,-9999 ,  29.1,-9999.0,-0.207,-9999 ,  240,  12.3,  10.5
21-Dec-2018 15:00, 7.923,-9999 ,  28.9,-9999.0,-0.179,-9999 ,  239,  14.5,  12.8
21-Dec-2018 16:00, 6.756,-9999 ,  29.1,-9999.0,-0.119,-9999 ,  238,  14.7,  10.7
21-Dec-2018 17:00, 5.414,-9999 ,  29.0,-9999.0,-0.103,-9999 ,  236,  13.0,   8.1
21-Dec-2018 18:00, 3.945,-9999 ,  29.1,-9999.0,-0.139,-9999 ,  236,   8.6,   6.4
21-Dec-2018 19:00, 2.615,-9999 ,  28.9,-9999.0,-0.154,-9999 ,  245,   8.7,   7.2
21-Dec-2018 20:00, 1.773,-9999 ,  29.0,-9999.0,-0.245,-9999 ,  238,   9.0,   7.5
21-Dec-2018 21:00, 1.910,-9999 ,  29.1,-9999.0,-0.342,-9999 ,  223,   8.8,   5.4
21-Dec-2018 22:00, 3.037,-9999 ,  29.2,-9999.0,-0.354,-9999 ,  212,   7.2,   5.6
21-Dec-2018 23:00, 4.505,-9999 ,  30.4,-9999.0,-0.332,-9999 ,  176,   7.2,   3.7
22-Dec-2018 00:00, 6.017,-9999 ,  30.0,-9999.0,-0.326,-9999 ,  145,   6.8,   4.0
22-Dec-2018 01:00, 7.393,-9999 ,  33.6,-9999.0,-0.316,-9999 ,   98,   9.0,   8.0
22-Dec-2018 02:00, 8.269,-9999 ,  34.2,-9999.0,-0.196,-9999 ,  115,  10.9,   6.6
22-Dec-2018 03:00, 8.129,-9999 ,  36.2,-9999.0,-0.150,-9999 ,   94,   7.6,   4.8
22-Dec-2018 04:00, 7.072,-9999 ,  33.6,-9999.0,-0.221,-9999 ,  335,  10.3,   8.1
22-Dec-2018 05:00, 5.788,-9999 ,  31.3,-9999.0,-0.257,-9999 ,  325,  11.8,  10.2
22-Dec-2018 06:00, 4.525,-9999 ,  30.5,-9999.0,-0.227,-9999 ,  327,  12.7,  10.7
22-Dec-2018 07:00, 3.357,-9999 ,  30.2,-9999.0,-0.144,-9999 ,  337,  12.8,  10.0
22-Dec-2018 08:00, 2.510,-9999 ,  29.8,-9999.0,-0.144,-9999 ,  343,  13.6,  10.8
22-Dec-2018 09:00, 2.496,-9999 ,  29.6,-9999.0,-0.185,-9999 ,  345,  13.9,  11.8
22-Dec-2018 10:00, 3.563,-9999 ,  29.6,-9999.0,-0.209,-9999 ,  334,  13.4,   9.7
22-Dec-2018 11:00, 5.095,-9999 ,  28.4,-9999.0,-0.253,-9999 ,  111,  22.3,  13.0
22-Dec-2018 12:00, 6.662,-9999 ,  28.3,-9999.0,-0.289,-9999 ,   48,  17.5,   7.1
22-Dec-2018 13:00, 8.137,-9999 ,  30.5,-9999.0,-0.265,-9999 ,   46,  10.4,   4.0
22-Dec-2018 14:00, 9.077,-9999 ,  31.7,-9999.0,-0.184,-9999 ,    3,   4.8,   3.2
22-Dec-2018 15:00, 8.990,-9999 ,  30.5,-9999.0,-0.137,-9999 ,  156,   9.4,   6.4
22-Dec-2018 16:00, 7.866,-9999 ,  29.9,-9999.0,-0.175,-9999 ,  120,   8.5,   4.5
22-Dec-2018 17:00, 6.408,-9999 ,  28.9,-9999.0,-0.138,-9999 ,   66,   8.5,   4.5
22-Dec-2018 18:00, 4.834,-9999 ,  30.8,-9999.0,-0.152,-9999 ,  253,   6.6,   1.3
22-Dec-2018 19:00, 3.260,-9999 ,  30.3,-9999.0,-0.111,-9999 ,  303,   6.5,   4.9
22-Dec-2018 20:00, 1.931,-9999 ,  29.5,-9999.0,-0.082,-9999 ,  326,   8.1,   4.3
22-Dec-2018 21:00, 1.310,-9999 ,  29.5,-9999.0,-0.136,-9999 ,  283,   6.9,   4.3
22-Dec-2018 22:00, 2.003,-9999 ,  29.2,-9999.0,-0.112,-9999 ,  269,   5.1,   1.9
22-Dec-2018 23:00, 3.463,-9999 ,  29.3,-9999.0,-0.152,-9999 ,  315,   2.8,   2.0
23-Dec-2018 00:00, 5.096,-9999 ,  29.5,-9999.0,-0.195,-9999 ,  301,   4.0,   2.1
23-Dec-2018 01:00, 6.767,-9999 ,  30.0,-9999.0,-0.229,-9999 ,    0,   2.7,   0.0
23-Dec-2018 02:00, 8.206,-9999 ,  29.9,-9999.0,-0.185,-9999 ,    0,   0.9,   0.0
23-Dec-2018 03:00, 8.811,-9999 ,  30.3,-9999.0,-0.106,-9999 ,  242,   3.1,   2.5
23-Dec-2018 04:00, 8.167,-9999 ,  30.4,-9999.0,-0.165,-9999 ,  234,   3.9,   2.8
23-Dec-2018 05:00, 6.911,-9999 ,  32.2,-9999.0,-0.150,-9999 ,  261,   4.8,   3.4
23-Dec-2018 06:00, 5.541,-9999 ,  32.1,-9999.0,-0.120,-9999 ,  279,   7.5,   6.0
23-Dec-2018 07:00, 4.102,-9999 ,  32.4,-9999.0,-0.117,-9999 ,  305,   8.9,   7.0
23-Dec-2018 08:00, 2.820,-9999 ,  32.0,-9999.0,-0.089,-9999 ,  315,  11.1,   8.7
23-Dec-2018 09:00, 2.063,-9999 ,  31.6,-9999.0,-0.105,-9999 ,  308,  11.1,   7.6
23-Dec-2018 10:00, 2.481,-9999 ,  31.3,-9999.0,-0.094,-9999 ,  318,   9.3,   5.7
23-Dec-2018 11:00, 3.898,-9999 ,  30.7,-9999.0,-0.168,-9999 ,  322,   7.8,   5.0
23-Dec-2018 12:00, 5.748,-9999 ,  30.7,-9999.0,-0.118,-9999 ,  325,   7.2,   3.8
23-Dec-2018 13:00, 7.376,-9999 ,  22.8,-9999.0,-0.260,-9999 ,   98,  30.3,  20.0
23-Dec-2018 14:00, 8.676,-9999 ,  26.7,-9999.0,-0.419,-9999 ,   26,  23.6,   8.7
23-Dec-2018 15:00, 9.476,-9999 ,  26.4,-9999.0,-0.228,-9999 ,  109,  11.7,   8.3
23-Dec-2018 16:00, 8.914,-9999 ,  26.5,-9999.0,-0.224,-9999 ,  140,  12.6,  11.1
23-Dec-2018 17:00, 7.529,-9999 ,  27.0,-9999.0,-0.184,-9999 ,  174,  14.3,   9.0
23-Dec-2018 18:00, 5.919,-9999 ,  27.7,-9999.0,-0.151,-9999 ,  182,  10.6,   3.2
23-Dec-2018 19:00, 4.228,-9999 ,  28.8,-9999.0,-0.139,-9999 ,  188,   6.7,   4.0
23-Dec-2018 20:00, 2.634,-9999 ,  28.6,-9999.0,-0.051,-9999 ,  229,  12.5,  11.0
23-Dec-2018 21:00, 1.363,-9999 ,  28.8,-9999.0,-0.063,-9999 ,  114,  13.0,   3.8
23-Dec-2018 22:00, 1.089,-9999 ,  27.2,-9999.0,-0.132,-9999 ,   45,   8.0,   4.6
23-Dec-2018 23:00, 2.228,-9999 ,  27.2,-9999.0,-0.113,-9999 ,   67,   5.3,   2.5
24-Dec-2018 00:00, 3.959,-9999 ,  28.9,-9999.0,-0.105,-9999 ,   20,   5.4,   4.5
24-Dec-2018 01:00, 5.776,-9999 ,  30.5,-9999.0,-0.118,-9999 ,  345,   4.5,   1.1
24-Dec-2018 02:00, 7.488,-9999 ,  29.4,-9999.0,-0.195,-9999 ,  229,   4.8,   2.9
24-Dec-2018 03:00, 8.765,-9999 ,  29.3,-9999.0,-0.168,-9999 ,  214,   4.7,   2.2
24-Dec-2018 04:00, 8.951,-9999 ,  29.4,-9999.0,-0.125,-9999 ,  235,   4.3,   3.0
24-Dec-2018 05:00, 7.969,-9999 ,  30.0,-9999.0,-0.142,-9999 ,  271,   6.3,   4.5
24-Dec-2018 06:00, 6.616,-9999 ,  31.0,-9999.0,-0.069,-9999 ,  279,   8.1,   6.0
24-Dec-2018 07:00, 5.124,-9999 ,  31.8,-9999.0,-0.057,-9999 ,  291,   8.5,   5.6
24-Dec-2018 08:00, 3.592,-9999 ,  32.1,-9999.0,-0.067,-9999 ,  291,   7.8,   5.4
24-Dec-2018 09:00, 2.320,-9999 ,  31.8,-9999.0,-0.075,-9999 ,  290,   8.1,   5.0
24-Dec-2018 10:00, 1.815,-9999 ,  31.4,-9999.0,-0.103,-9999 ,  288,   6.9,   4.3
24-Dec-2018 11:00, 2.680,-9999 ,  30.6,-9999.0,-0.107,-9999 ,  302,   5.8,   4.7
24-Dec-2018 12:00, 4.422,-9999 ,  30.2,-9999.0,-0.134,-9999 ,  314,   6.6,   4.6
24-Dec-2018 13:00, 6.370,-9999 ,  29.9,-9999.0,-0.105,-9999 ,  304,   6.3,   5.0
24-Dec-2018 14:00, 8.228,-9999 ,  30.1,-9999.0,-0.065,-9999 ,  308,   6.4,   4.6
24-Dec-2018 15:00, 9.519,-9999 ,  29.7,-9999.0,-0.070,-9999 ,  321,   6.5,   5.1
24-Dec-2018 16:00, 9.718,-9999 ,  29.4,-9999.0,-0.087,-9999 ,  303,   6.9,   6.0
24-Dec-2018 17:00, 8.738,-9999 ,  29.5,-9999.0,-0.078,-9999 ,  274,   7.3,   4.8
24-Dec-2018 18:00, 7.176,-9999 ,  29.6,-9999.0,-0.041,-9999 ,  264,   7.7,   5.8
24-Dec-2018 19:00, 5.501,-9999 ,  29.6,-9999.0,-0.014,-9999 ,  259,   8.8,   6.6
24-Dec-2018 20:00, 3.776,-9999 ,  29.5,-9999.0, 0.026,-9999 ,  244,   7.9,   6.0
24-Dec-2018 21:00, 2.181,-9999 ,  29.5,-9999.0, 0.048,-9999 ,  242,   9.3,   6.2
24-Dec-2018 22:00, 1.102,-9999 ,  29.5,-9999.0,-0.027,-9999 ,  248,   8.0,   5.0
24-Dec-2018 23:00, 1.353,-9999 ,  29.8,-9999.0,-0.049,-9999 ,  276,   5.8,   4.5
25-Dec-2018 00:00, 2.745,-9999 ,  29.8,-9999.0,-0.104,-9999 ,  284,   4.4,   3.1
25-Dec-2018 01:00, 4.481,-9999 ,  29.8,-9999.0,-0.178,-9999 ,  309,   7.3,   5.2
25-Dec-2018 02:00, 6.357,-9999 ,  29.5,-9999.0,-0.195,-9999 ,  312,   8.5,   7.1
25-Dec-2018 03:00, 8.113,-9999 ,  29.4,-9999.0,-0.162,-9999 ,  313,   9.2,   6.5
25-Dec-2018 04:00, 9.127,-9999 ,  29.5,-9999.0,-0.094,-9999 ,  319,  10.1,   8.1
25-Dec-2018 05:00, 8.812,-9999 ,  29.9,-9999.0,-0.110,-9999 ,  309,  11.1,   9.2
25-Dec-2018 06:00, 7.648,-9999 ,  29.8,-9999.0,-0.061,-9999 ,  308,  11.4,   9.4
25-Dec-2018 07:00, 6.240,-9999 ,  29.9,-9999.0, 0.005,-9999 ,  311,  11.0,   9.1
25-Dec-2018 08:00, 4.656,-9999 ,  30.2,-9999.0,-0.017,-9999 ,  307,  10.2,   7.3
25-Dec-2018 09:00, 3.124,-9999 ,  30.1,-9999.0,-0.042,-9999 ,  300,   9.8,   7.0
25-Dec-2018 10:00, 1.972,-9999 ,  30.0,-9999.0,-0.091,-9999 ,  300,   7.8,   5.6
25-Dec-2018 11:00, 1.844,-9999 ,  29.7,-9999.0,-0.155,-9999 ,  303,   7.0,   4.8
25-Dec-2018 12:00, 3.099,-9999 ,  29.5,-9999.0,-0.170,-9999 ,  300,   6.5,   5.2
25-Dec-2018 13:00, 4.970,-9999 ,  29.7,-9999.0,-0.170,-9999 ,  292,   7.2,   4.5
25-Dec-2018 14:00, 6.961,-9999 ,  29.6,-9999.0,-0.103,-9999 ,  289,   6.3,   4.5
25-Dec-2018 15:00, 8.701,-9999 ,  29.4,-9999.0,-0.073,-9999 ,  292,   6.8,   4.7
25-Dec-2018 16:00, 9.656,-9999 ,  29.5,-9999.0,-0.107,-9999 ,  280,   7.2,   5.5
25-Dec-2018 17:00, 9.426,-9999 ,  29.1,-9999.0,-0.106,-9999 ,  276,   7.6,   5.8
25-Dec-2018 18:00, 8.181,-9999 ,  29.1,-9999.0,-0.078,-9999 ,  261,   7.6,   5.9
25-Dec-2018 19:00, 6.600,-9999 ,  29.1,-9999.0,-0.046,-9999 ,  264,   9.0,   6.5
25-Dec-2018 20:00, 4.875,-9999 ,  28.9,-9999.0,-0.074,-9999 ,  271,   9.7,   4.7
25-Dec-2018 21:00, 3.180,-9999 ,  28.8,-9999.0,-0.055,-9999 ,  273,   7.5,   3.6
25-Dec-2018 22:00, 1.759,-9999 ,  28.7,-9999.0,-0.051,-9999 ,  294,   6.3,   5.2
25-Dec-2018 23:00, 1.153,-9999 ,  28.9,-9999.0,-0.053,-9999 ,  295,   8.1,   6.3
26-Dec-2018 00:00, 1.904,-9999 ,  29.1,-9999.0,-0.032,-9999 ,  299,   7.6,   5.5
26-Dec-2018 01:00, 3.418,-9999 ,  29.3,-9999.0,-0.099,-9999 ,  284,   8.0,   6.0
26-Dec-2018 02:00, 5.162,-9999 ,  29.3,-9999.0,-0.147,-9999 ,  287,   7.9,   6.3
26-Dec-2018 03:00, 6.997,-9999 ,  29.3,-9999.0,-0.151,-9999 ,  289,   9.3,   7.0
26-Dec-2018 04:00, 8.555,-9999 ,  29.4,-9999.0,-0.107,-9999 ,  288,   9.8,   7.1
26-Dec-2018 05:00, 9.132,-9999 ,  29.4,-9999.0,-0.068,-9999 ,  292,   9.7,   7.4
26-Dec-2018 06:00, 8.443,-9999 ,  29.1,-9999.0,-0.087,-9999 ,  286,   9.6,   7.6
26-Dec-2018 07:00, 7.136,-9999 ,  29.1,-9999.0,-0.096,-9999 ,  288,   9.3,   7.3
26-Dec-2018 08:00, 5.699,-9999 ,  29.2,-9999.0,-0.069,-9999 ,  296,   8.9,   6.9
26-Dec-2018 09:00, 4.174,-9999 ,  29.1,-9999.0,-0.047,-9999 ,  292,   8.2,   5.5
26-Dec-2018 10:00, 2.774,-9999 ,  28.9,-9999.0,-0.060,-9999 ,  304,   7.0,   5.0
26-Dec-2018 11:00, 1.906,-9999 ,  28.7,-9999.0,-0.114,-9999 ,  317,   7.9,   5.2
26-Dec-2018 12:00, 2.298,-9999 ,  28.5,-9999.0,-0.112,-9999 ,  316,   8.6,   5.5
26-Dec-2018 13:00, 3.810,-9999 ,  28.4,-9999.0,-0.086,-9999 ,  302,   8.5,   6.2
26-Dec-2018 14:00, 5.620,-9999 ,  28.4,-9999.0,-0.094,-9999 ,  302,   8.0,   5.6
26-Dec-2018 15:00, 7.411,-9999 ,  28.1,-9999.0,-0.095,-9999 ,  321,   8.2,   4.7
26-Dec-2018 16:00, 8.884,-9999 ,  28.1,-9999.0,-0.083,-9999 ,  297,   7.9,   5.7
26-Dec-2018 17:00, 9.445,-9999 ,  27.9,-9999.0,-0.122,-9999 ,  294,   8.7,   6.5
26-Dec-2018 18:00, 8.826,-9999 ,  27.8,-9999.0,-0.135,-9999 ,  314,   8.8,   3.3
26-Dec-2018 19:00, 7.516,-9999 ,  27.8,-9999.0,-0.086,-9999 ,  352,   5.4,   3.1
26-Dec-2018 20:00, 6.011,-9999 ,  27.9,-9999.0,-0.060,-9999 ,  349,   4.4,   2.6
26-Dec-2018 21:00, 4.399,-9999 ,  27.9,-9999.0,-0.056,-9999 ,    2,   4.9,   3.4
26-Dec-2018 22:00, 2.894,-9999 ,  28.0,-9999.0,-0.024,-9999 ,  357,   6.4,   4.9
26-Dec-2018 23:00, 1.778,-9999 ,  28.2,-9999.0,-0.018,-9999 ,  343,   8.0,   6.2
27-Dec-2018 00:00, 1.581,-9999 ,  28.2,-9999.0,-0.073,-9999 ,  348,   9.2,   6.4
27-Dec-2018 01:00, 2.597,-9999 ,  28.5,-9999.0,-0.082,-9999 ,  359,   9.8,   7.2
27-Dec-2018 02:00, 4.138,-9999 ,  28.8,-9999.0,-0.092,-9999 ,  357,  10.4,   7.2
27-Dec-2018 03:00, 5.809,-9999 ,  28.6,-9999.0,-0.103,-9999 ,  338,  11.1,   9.0
27-Dec-2018 04:00, 7.452,-9999 ,  28.4,-9999.0,-0.120,-9999 ,  325,  11.8,   9.3
27-Dec-2018 05:00, 8.653,-9999 ,  28.7,-9999.0,-0.116,-9999 ,  326,  12.2,   8.2
27-Dec-2018 06:00, 8.849,-9999 ,  28.5,-9999.0,-0.051,-9999 ,  331,  11.2,   8.5
27-Dec-2018 07:00, 7.977,-9999 ,  28.9,-9999.0,-0.045,-9999 ,  329,  12.0,   7.6
27-Dec-2018 08:00, 6.645,-9999 ,  28.7, 1000.5,-0.110,-0.232,  322,  10.9,   7.5
27-Dec-2018 09:00, 5.255,-9999 ,  28.8, 1000.8,-0.092,-0.221,  335,   9.6,   6.0
27-Dec-2018 10:00, 3.868,-9999 ,  28.6, 1001.5,-0.053,-0.175,  318,   8.8,   5.9
27-Dec-2018 11:00, 2.698,-9999 ,  28.5, 1002.5,-0.050,-0.166,  326,   7.5,   5.2
27-Dec-2018 12:00, 2.212,-9999 ,  28.5, 1003.0,-0.091,-0.197,  326,   6.7,   5.0
27-Dec-2018 13:00, 2.916,-9999 ,  28.4, 1003.1,-0.119,-0.221,  327,   6.3,   4.0
27-Dec-2018 14:00, 4.399,-9999 ,  28.4, 1003.2,-0.121,-0.222,  328,   6.2,   3.3
27-Dec-2018 15:00, 6.054,-9999 ,  28.3, 1002.6,-0.105,-0.206,  332,   6.1,   4.1
27-Dec-2018 16:00, 7.599,-9999 ,  28.2, 1002.1,-0.092,-0.198,  345,   5.9,   4.4
27-Dec-2018 17:00, 8.725,-9999 ,  28.0, 1001.4,-0.092,-0.204,  355,   7.8,   6.1
27-Dec-2018 18:00, 9.002,-9999 ,  28.0, 1000.9,-0.044,-0.162,  355,   8.5,   6.3
27-Dec-2018 19:00, 8.214,-9999 ,  28.0, 1001.3,-0.025,-0.147,  353,   8.5,   5.2
27-Dec-2018 20:00, 6.905,-9999 ,  28.0, 1002.2,-0.051,-0.169,  333,   8.5,   6.4
27-Dec-2018 21:00, 5.528,-9999 ,  28.0, 1003.0,-0.032,-0.140,  347,   7.5,   4.6
27-Dec-2018 22:00, 4.121,-9999 ,  28.1, 1003.7,-0.007,-0.108,  355,   7.4,   4.9
27-Dec-2018 23:00, 2.864,-9999 ,  28.2, 1003.9,-0.003,-0.098,  349,   6.8,   4.5
28-Dec-2018 00:00, 2.076,-9999 ,  28.6, 1003.8,-0.038,-0.131,  340,   8.8,   5.8
28-Dec-2018 01:00, 2.305,-9999 ,  28.9, 1003.7,-0.051,-0.145,  318,   7.9,   4.6
28-Dec-2018 02:00, 3.423,-9999 ,  28.9, 1003.6,-0.040,-0.135,  334,   6.7,   4.4
28-Dec-2018 03:00, 4.799,-9999 ,  29.1, 1003.3,-0.079,-0.175,  336,   9.1,   5.1
28-Dec-2018 04:00, 6.250,-9999 ,  29.0, 1003.0,-0.115,-0.214,  307,   8.1,   5.9
28-Dec-2018 05:00, 7.605,-9999 ,  28.8, 1002.3,-0.147,-0.250,  306,   9.1,   7.5
28-Dec-2018 06:00, 8.495,-9999 ,  28.9, 1001.8,-0.099,-0.208,  305,   9.3,   7.5
28-Dec-2018 07:00, 8.343,-9999 ,  29.0, 1001.6,-0.085,-0.199,  317,   9.7,   7.7
28-Dec-2018 08:00, 7.375,-9999 ,  28.9, 1001.1,-0.142,-0.258,  308,   8.8,   6.8
28-Dec-2018 09:00, 6.251,-9999 ,  29.0, 1001.2,-0.091,-0.213,  309,   8.4,   6.3
28-Dec-2018 10:00, 5.020,-9999 ,  28.9, 1002.4,-0.041,-0.160,  316,   8.6,   5.4
28-Dec-2018 11:00, 3.769,-9999 ,  28.7, 1002.8,-0.077,-0.184,  327,   6.6,   4.9
28-Dec-2018 12:00, 2.838,-9999 ,  28.6, 1003.2,-0.108,-0.212,  335,   6.9,   4.4
28-Dec-2018 13:00, 2.743,-9999 ,  28.5, 1003.9,-0.094,-0.193,  349,   6.4,   4.0
28-Dec-2018 14:00, 3.621,-9999 ,  28.5, 1004.1,-0.069,-0.163,  332,   5.5,   3.9
28-Dec-2018 15:00, 4.937,-9999 ,  28.6, 1005.7,-0.069,-0.158,  327,   5.2,   1.6
28-Dec-2018 16:00, 6.231,-9999 ,  28.7, 1005.1,-0.139,-0.214,  109,  19.3,   3.9
28-Dec-2018 17:00, 7.426,-9999 ,  28.4, 1003.7,-0.145,-0.226,   32,   5.4,   1.9
28-Dec-2018 18:00, 8.235,-9999 ,  28.6, 1001.6,-0.129,-0.227,  343,   7.3,   6.4
28-Dec-2018 19:00, 8.224,-9999 ,  29.1, 1001.1,-0.112,-0.229,  326,   7.3,   4.3
28-Dec-2018 20:00, 7.453,-9999 ,  29.9, 1001.7,-0.076,-0.197,  301,   8.8,   6.1
28-Dec-2018 21:00, 6.395,-9999 ,  29.4, 1002.7,-0.018,-0.132,  294,  10.9,   7.5
28-Dec-2018 22:00, 5.268,-9999 ,  29.0, 1004.5, 0.063,-0.040,  292,   8.7,   3.8
28-Dec-2018 23:00, 4.123,-9999 ,  29.1, 1005.0, 0.080,-0.006,  290,   6.2,   4.3
29-Dec-2018 00:00, 3.117,-9999 ,  29.3, 1006.0, 0.021,-0.059,  259,   6.6,   4.5
29-Dec-2018 01:00, 2.588,-9999 ,  29.1, 1006.4,-0.098,-0.170,  243,   6.0,   3.7
29-Dec-2018 02:00, 2.971,-9999 ,  29.2, 1006.3,-0.151,-0.219,  244,   5.7,   4.3
29-Dec-2018 03:00, 4.033,-9999 ,  29.3, 1005.5,-0.107,-0.177,  281,   5.7,   3.9
29-Dec-2018 04:00, 5.282,-9999 ,  29.4, 1004.4,-0.076,-0.154,  301,   7.5,   6.0
29-Dec-2018 05:00, 6.515,-9999 ,  29.4, 1004.0,-0.074,-0.162,  288,   8.1,   5.7
29-Dec-2018 06:00, 7.596,-9999 ,  29.2, 1003.3,-0.085,-0.177,  301,   8.9,   7.1
29-Dec-2018 07:00, 8.173,-9999 ,  29.3, 1002.8,-0.048,-0.147,  306,   9.1,   7.2
29-Dec-2018 08:00, 7.844,-9999 ,  29.3, 1002.5,-0.087,-0.191,  291,   9.7,   7.9
29-Dec-2018 09:00, 6.960,-9999 ,  29.1, 1002.2,-0.150,-0.257,  291,  10.2,   8.5
29-Dec-2018 10:00, 5.994,-9999 ,  29.1, 1003.5,-0.076,-0.184,  291,   9.7,   6.6
29-Dec-2018 11:00, 4.980,-9999 ,  29.0, 1004.6,-0.007,-0.102,  315,   8.1,   6.4
29-Dec-2018 12:00, 4.019,-9999 ,  28.9, 1004.6, 0.005,-0.080,  318,   9.5,   7.2
29-Dec-2018 13:00, 3.374,-9999 ,  28.9, 1005.3, 0.002,-0.084,  320,   9.7,   7.5
29-Dec-2018 14:00, 3.417,-9999 ,  28.9, 1005.7,-0.024,-0.102,  320,   9.5,   7.2
29-Dec-2018 15:00, 4.160,-9999 ,  28.8, 1005.0,-0.033,-0.108,  317,   9.5,   7.4
29-Dec-2018 16:00, 5.174,-9999 ,  28.7, 1004.7,-0.069,-0.152,  321,   9.8,   7.1
29-Dec-2018 17:00, 6.208,-9999 ,  28.8, 1004.3,-0.077,-0.163,  319,  10.3,   6.9
29-Dec-2018 18:00, 7.141,-9999 ,  28.9, 1004.1,-0.038,-0.128,  323,   9.4,   7.1
29-Dec-2018 19:00, 7.710,-9999 ,  28.9, 1004.5,-0.015,-0.106,  327,   9.4,   6.9
29-Dec-2018 20:00, 7.619,-9999 ,  28.7, 1005.4, 0.002,-0.085,  333,  10.8,   7.7
29-Dec-2018 21:00, 6.909,-9999 ,  28.9, 1008.0,-0.057,-0.132,   13,  10.0,   2.6
29-Dec-2018 22:00, 5.945,-9999 ,  28.4, 1009.5,-0.116,-0.167,   92,   6.1,   4.8
29-Dec-2018 23:00, 4.944,-9999 ,  26.1, 1010.8,-0.152,-0.187,   92,  19.1,  16.5
30-Dec-2018 00:00, 4.027,-9999 ,  25.8, 1009.9,-0.191,-0.215,   68,  16.6,   7.1
30-Dec-2018 01:00, 3.403,-9999 ,  27.6, 1008.5,-0.140,-0.175,    0,   8.0,   0.0
30-Dec-2018 02:00, 3.233,-9999 ,  28.6, 1007.2,-0.114,-0.161,  195,   8.1,   6.8
30-Dec-2018 03:00, 3.675,-9999 ,  29.6, 1005.0,-0.092,-0.155,  207,  11.2,   9.7
30-Dec-2018 04:00, 4.563,-9999 ,  30.8, 1004.7,-0.038,-0.120,  171,  10.1,   0.0
30-Dec-2018 05:00, 5.609,-9999 ,  31.2, 1004.3, 0.022,-0.064,  314,   3.9,   2.6
30-Dec-2018 06:00, 6.611,-9999 ,  30.1, 1004.0, 0.041,-0.048,  318,   7.2,   6.1
30-Dec-2018 07:00, 7.317,-9999 ,  29.8, 1004.1,-0.100,-0.191,  319,   9.2,   6.8
30-Dec-2018 08:00, 7.647,-9999 ,  29.4, 1004.1,-0.137,-0.228,  308,  10.4,   6.1
30-Dec-2018 09:00, 7.415,-9999 ,  29.4, 1004.3,-0.122,-0.213,  311,   8.5,   6.3
30-Dec-2018 10:00, 6.721,-9999 ,  29.1, 1004.6,-0.154,-0.243,  312,   8.6,   6.5
30-Dec-2018 11:00, 5.954,-9999 ,  28.9, 1005.0,-0.060,-0.146,  304,   8.4,   6.4
30-Dec-2018 12:00, 5.147,-9999 ,  29.0, 1006.0, 0.001,-0.079,  291,   8.2,   4.8
30-Dec-2018 13:00, 4.398,-9999 ,  28.9, 1006.4, 0.030,-0.041,  292,   8.0,   5.9
30-Dec-2018 14:00, 3.922,-9999 ,  28.8, 1006.7, 0.044,-0.023,  309,   7.7,   6.4
30-Dec-2018 15:00, 3.899,-9999 ,  28.8, 1006.7,-0.013,-0.078,  310,   8.4,   6.5
30-Dec-2018 16:00, 4.350,-9999 ,  28.7, 1006.2,-0.072,-0.137,  302,   8.6,   6.1
30-Dec-2018 17:00, 5.072,-9999 ,  28.6, 1005.5,-0.097,-0.168,  301,   8.1,   6.4
30-Dec-2018 18:00, 5.849,-9999 ,  28.6, 1005.2,-0.081,-0.158,  313,   8.0,   4.9
30-Dec-2018 19:00, 6.505,-9999 ,  28.5, 1005.2,-0.120,-0.201,  330,   7.9,   5.1
30-Dec-2018 20:00, 6.934,-9999 ,  28.6, 1006.0,-0.134,-0.213,  318,   7.3,   4.1
30-Dec-2018 21:00, 6.989,-9999 ,  28.7, 1006.7,-0.065,-0.136,  298,   6.5,   5.0
30-Dec-2018 22:00, 6.579,-9999 ,  28.8, 1007.1,-0.060,-0.124,  296,   7.8,   6.6
30-Dec-2018 23:00, 5.885,-9999 ,  28.9, 1007.6,-0.092,-0.153,  281,   7.8,   4.6
31-Dec-2018 00:00, 5.187,-9999 ,  29.0, 1008.3,-0.069,-0.124,  289,   7.0,   3.2
31-Dec-2018 01:00, 4.567,-9999 ,  29.3, 1008.5,-0.023,-0.073,  304,   5.0,   1.8
31-Dec-2018 02:00, 4.050,-9999 ,  30.0, 1009.3,-0.025,-0.070,    0,   4.9,   0.0
31-Dec-2018 03:00, 3.811,-9999 ,  29.5, 1007.9,-0.096,-0.137,  262,   2.0,   0.0
31-Dec-2018 04:00, 4.055,-9999 ,  30.0, 1006.5,-0.116,-0.171,  299,   6.2,   4.7
31-Dec-2018 05:00, 4.715,-9999 ,  30.2, 1005.8,-0.066,-0.134,  329,   7.2,   5.0
31-Dec-2018 06:00, 5.484,-9999 ,  29.6, 1005.1,-0.067,-0.142,  302,   8.3,   6.5
31-Dec-2018 07:00, 6.227,-9999 ,  29.5, 1004.7,-0.138,-0.219,  305,   8.5,   6.2
31-Dec-2018 08:00, 6.908,-9999 ,  29.6, 1004.3,-0.168,-0.253,  317,   8.6,   7.0
31-Dec-2018 09:00, 7.356,-9999 ,  29.4, 1004.3,-0.073,-0.162,  313,  10.2,   7.8
31-Dec-2018 10:00, 7.219,-9999 ,  29.2, 1004.6,-0.118,-0.208,  296,   9.0,   7.3
31-Dec-2018 11:00, 6.689,-9999 ,  29.1, 1005.8,-0.180,-0.265,  310,   9.2,   6.0
31-Dec-2018 12:00, 6.107,-9999 ,  29.2, 1006.4,-0.091,-0.164,  304,   8.6,   6.4
31-Dec-2018 13:00, 5.477,-9999 ,  29.1, 1006.8, 0.005,-0.062,  297,   8.6,   6.8
31-Dec-2018 14:00, 4.839,-9999 ,  29.1, 1007.2, 0.061,-0.003,  297,   8.7,   5.8
31-Dec-2018 15:00, 4.271,-9999 ,  28.9, 1007.3,-0.001,-0.060,  296,   8.4,   5.6
31-Dec-2018 16:00, 4.033,-9999 ,  29.0, 1006.9,-0.076,-0.135,  297,   8.5,   6.9
31-Dec-2018 17:00, 4.235,-9999 ,  28.8, 1006.3,-0.091,-0.155,  283,   8.4,   6.2
31-Dec-2018 18:00, 4.671,-9999 ,  28.6, 1005.7,-0.133,-0.203,  290,   8.1,   6.5
31-Dec-2018 19:00, 5.238,-9999 ,  28.6, 1005.7,-0.177,-0.252,  284,   8.2,   5.7
31-Dec-2018 20:00, 5.855,-9999 ,  28.6, 1006.5,-0.205,-0.280,  284,   8.2,   5.5
31-Dec-2018 21:00, 6.419,-9999 ,  28.7, 1007.8,-0.137,-0.203,  254,   9.3,   7.4
31-Dec-2018 22:00, 6.718,-9999 ,  28.9, 1008.7,-0.037,-0.090,  252,   9.5,   5.6
31-Dec-2018 23:00, 6.483,-9999 ,  29.7, 1010.0,-0.121,-0.165,  210,   6.6,   0.3
